0.1094 0.0949 0.6789 0.1168 0.1334 0.0699 0.0874 0.7093 0.0494 0.0208 0.2329 0.6969 0.0125 0.0037 0.0052 0.9786
0.8918 0.0041 0.0099 0.0942 0.8028 0.0033 0.0025 0.1915 0.0271 0.0023 0.9607 0.0099 0.0608 0.9205 0.0035 0.0152
0.9971 0.0005 0.0014 0.0010 0.0004 0.9990 0.0003 0.0002 0.9995 0.0002 0.0001 0.0002 0.9974 0.0019 0.0002 0.0006
0.0005 0.0002 0.0002 0.9991 0.0004 0.9991 0.0003 0.0002 0.0002 0.9993 0.0003 0.0003 0.0002 0.0002 0.0002 0.9994
0.0001 0.0002 0.0001 0.9996 0.0001 0.0002 0.9994 0.0003 0.0001 0.9995 0.0002 0.0001 0.0001 0.9995 0.0003 0.0001
0.0001 0.9997 0.0002 0.0001 0.9995 0.0003 0.0001 0.0002 0.9995 0.0002 0.0001 0.0002 0.0001 0.9996 0.0002 0.0001
0.0001 0.9996 0.0002 0.0001 0.0001 0.9996 0.0002 0.0001 0.0001 0.9996 0.0002 0.0001 0.0001 0.9996 0.0002 0.0001
0.0001 0.0002 0.9995 0.0002 0.9996 0.0002 0.0001 0.0001 0.0001 0.0001 0.0001 0.9996 0.0001 0.0002 0.9995 0.0002
0.0001 0.0001 0.0001 0.9996 0.9996 0.0002 0.0001 0.0001 0.0001 0.9996 0.0002 0.0001 0.0001 0.9996 0.0002 0.0001
0.0001 0.0001 0.0001 0.9996 0.0001 0.0001 0.0001 0.9996 0.0001 0.9996 0.0002 0.0001 0.9996 0.0002 0.0001 0.0001
0.9996 0.0002 0.0001 0.0001 0.9996 0.0002 0.0001 0.0001 0.0001 0.9996 0.0002 0.0001 0.9996 0.0002 0.0001 0.0001
0.0001 0.9996 0.0002 0.0001 0.0001 0.9996 0.0002 0.0001 0.0001 0.9996 0.0002 0.0001 0.9996 0.0002 0.0001 0.0001
0.0001 0.9996 0.0002 0.0001 0.0001 0.9996 0.0002 0.0001 0.0001 0.0002 0.9995 0.0002 0.9996 0.0002 0.0001 0.0001
0.0001 0.9996 0.0002 0.0001 0.0001 0.9996 0.0002 0.0001 0.0001 0.9996 0.0002 0.0001 0.0002 0.0001 0.0001 0.9996
0.0001 0.0001 0.0001 0.9996 0.0001 0.0002 0.9995 0.0002 0.0001 0.9996 0.0002 0.0001 0.0001 0.9996 0.0002 0.0001
0.0001 0.0002 0.9995 0.0002 0.0001 0.0001 0.0001 0.9996 0.0001 0.0002 0.9996 0.0001 0.0001 0.0001 0.0001 0.9996
0.0001 0.0002 0.9996 0.0001 0.0001 0.9996 0.0002 0.0001 0.9996 0.0002 0.0001 0.0001 0.0001 0.9996 0.0002 0.0001
0.9996 0.0002 0.0001 0.0001 0.0001 0.0002 0.9995 0.0002 0.9996 0.0002 0.0001 0.0001 0.9996 0.0002 0.0001 0.0001
0.0002 0.0001 0.0001 0.9996 0.0001 0.0002 0.9995 0.0002 0.0001 0.0002 0.9996 0.0002 0.0001 0.9996 0.0002 0.0001
0.0001 0.0002 0.9996 0.0001 0.0001 0.0001 0.0001 0.9996 0.0001 0.9996 0.0002 0.0001 0.0001 0.9996 0.0002 0.0001
0.9996 0.0002 0.0001 0.0001 0.9996 0.0002 0.0001 0.0001 0.0001 0.9996 0.0002 0.0001 0.0001 0.0001 0.0001 0.9996
0.0001 0.0001 0.0001 0.9996 0.0001 0.0002 0.9996 0.0002 0.0001 0.0002 0.9995 0.0002 0.0001 0.0001 0.0001 0.9996
0.0001 0.0002 0.9996 0.0001 0.0001 0.9996 0.0002 0.0001 0.9996 0.0002 0.0001 0.0001 0.0001 0.0002 0.9995 0.0002
0.9996 0.0002 0.0001 0.0001 0.9996 0.0002 0.0001 0.0001 0.9996 0.0002 0.0001 0.0001 0.0001 0.9996 0.0002 0.0001
0.0002 0.0001 0.0001 0.9996 0.0001 0.0002 0.9995 0.0002 0.0001 0.0001 0.0001 0.9996 0.0001 0.0002 0.9996 0.0001
0.0001 0.0002 0.9996 0.0002 0.0001 0.0001 0.0001 0.9996 0.0001 0.0002 0.9996 0.0001 0.0001 0.0002 0.9995 0.0002
0.9996 0.0002 0.0001 0.0001 0.9996 0.0002 0.0001 0.0001 0.0001 0.0002 0.9995 0.0002 0.9996 0.0002 0.0001 0.0001
0.0001 0.0002 0.9996 0.0001 0.0002 0.0001 0.0001 0.9996 0.9996 0.0002 0.0001 0.0001 0.0001 0.9996 0.0002 0.0001
0.0001 0.0002 0.9995 0.0002 0.0001 0.0001 0.0001 0.9996 0.9996 0.0002 0.0001 0.0001 0.0001 0.9996 0.0002 0.0001
0.0002 0.0001 0.0001 0.9996 0.0001 0.0001 0.0001 0.9996 0.9996 0.0002 0.0001 0.0001 0.0001 0.0002 0.9995 0.0002
0.9996 0.0002 0.0001 0.0001 0.0001 0.0001 0.0001 0.9996 0.0001 0.0002 0.9995 0.0002 0.0001 0.0002 0.9995 0.0002
0.9996 0.0002 0.0001 0.0001 0.9996 0.0002 0.0001 0.0001 0.0001 0.0002 0.9995 0.0002 0.0001 0.0001 0.0001 0.9996
0.0001 0.0001 0.0001 0.9996 0.0001 0.9996 0.0002 0.0001 0.0001 0.9996 0.0002 0.0001 0.9996 0.0002 0.0001 0.0001
0.0001 0.0002 0.9995 0.0002 0.0001 0.0002 0.9995 0.0002 0.0001 0.0002 0.9996 0.0001 0.0001 0.0002 0.9996 0.0001
0.0001 0.0002 0.9996 0.0001 0.0001 0.0001 0.0001 0.9996 0.0001 0.9996 0.0002 0.0001 0.0001 0.0001 0.0001 0.9996
0.0001 0.9996 0.0002 0.0001 0.9996 0.0002 0.0001 0.0001 0.9996 0.0002 0.0001 0.0001 0.0001 0.9996 0.0002 0.0001
0.0001 0.0002 0.9995 0.0002 0.0001 0.0001 0.0001 0.9996 0.0001 0.0001 0.0001 0.9996 0.0001 0.0002 0.9996 0.0002
0.9996 0.0002 0.0001 0.0001 0.9996 0.0002 0.0001 0.0001 0.0001 0.9996 0.0002 0.0001 0.0001 0.9996 0.0002 0.0001
0.9996 0.0002 0.0001 0.0001 0.9996 0.0002 0.0001 0.0001 0.0001 0.0002 0.9995 0.0002 0.9996 0.0002 0.0001 0.0001
0.9996 0.0002 0.0001 0.0001 0.0001 0.0002 0.9995 0.0002 0.0001 0.0002 0.9995 0.0002 0.9996 0.0002 0.0001 0.0001
0.0001 0.0002 0.9996 0.0001 0.0002 0.0001 0.0001 0.9996 0.0001 0.9996 0.0002 0.0001 0.0001 0.9996 0.0002 0.0001
0.0002 0.0001 0.0001 0.9996 0.9996 0.0002 0.0001 0.0001 0.9996 0.0002 0.0001 0.0001 0.0001 0.0002 0.9995 0.0002
0.0001 0.0002 0.9995 0.0002 0.9996 0.0002 0.0001 0.0001 0.0001 0.0002 0.9996 0.0001 0.9996 0.0002 0.0001 0.0001
0.0001 0.0002 0.9996 0.0001 0.0002 0.9996 0.0002 0.0001 0.0001 0.0002 0.9996 0.0001 0.9996 0.0002 0.0001 0.0001
0.0001 0.9996 0.0002 0.0001 0.0001 0.9996 0.0002 0.0001 0.0001 0.9996 0.0002 0.0001 0.0001 0.9996 0.0002 0.0001
0.0001 0.0002 0.9995 0.0002 0.0001 0.0001 0.0001 0.9996 0.0001 0.0001 0.0001 0.9996 0.0001 0.0002 0.9995 0.0002
0.0001 0.0002 0.9995 0.0002 0.0001 0.9996 0.0002 0.0001 0.0001 0.0002 0.9996 0.0001 0.0001 0.0001 0.0001 0.9996
0.9996 0.0002 0.0001 0.0001 0.9996 0.0002 0.0001 0.0001 0.0001 0.9996 0.0002 0.0001 0.0001 0.9996 0.0002 0.0001
0.0001 0.0001 0.0001 0.9996 0.0001 0.0001 0.0001 0.9996 0.0001 0.0001 0.0001 0.9996 0.0001 0.9996 0.0002 0.0001
0.0001 0.9996 0.0002 0.0001 0.0001 0.0002 0.9995 0.0002 0.0001 0.0002 0.9995 0.0002 0.0001 0.0002 0.9996 0.0001
0.0001 0.9996 0.0002 0.0001 0.0001 0.0002 0.9996 0.0001 0.0001 0.0002 0.9995 0.0002 0.0001 0.0001 0.0001 0.9996
0.9996 0.0002 0.0001 0.0001 0.0001 0.0002 0.9995 0.0002 0.0002 0.0001 0.0001 0.9996 0.9996 0.0002 0.0001 0.0001
0.0001 0.9996 0.0002 0.0001 0.0001 0.0002 0.9995 0.0002 0.0001 0.0002 0.9995 0.0002 0.9996 0.0002 0.0001 0.0001
0.0001 0.0002 0.9996 0.0001 0.0002 0.0001 0.0001 0.9996 0.9996 0.0002 0.0001 0.0001 0.0001 0.0002 0.9996 0.0002
0.0001 0.0002 0.9995 0.0002 0.0001 0.0002 0.9996 0.0001 0.0001 0.9996 0.0002 0.0001 0.0001 0.0002 0.9996 0.0001
0.0001 0.9996 0.0002 0.0001 0.0001 0.0002 0.9996 0.0001 0.0001 0.0002 0.9995 0.0002 0.0001 0.0001 0.0001 0.9996
0.0001 0.0002 0.9996 0.0001 0.0001 0.0001 0.0001 0.9996 0.0001 0.9996 0.0002 0.0001 0.0001 0.9996 0.0002 0.0001
0.0001 0.0002 0.9995 0.0002 0.0001 0.0001 0.0001 0.9996 0.0001 0.0001 0.0001 0.9996 0.9996 0.0002 0.0001 0.0001
0.0001 0.9996 0.0002 0.0001 0.9996 0.0002 0.0001 0.0001 0.0001 0.0001 0.0001 0.9996 0.0001 0.9996 0.0002 0.0001
0.9996 0.0002 0.0001 0.0001 0.9996 0.0002 0.0001 0.0001 0.0001 0.0002 0.9995 0.0002 0.0002 0.0001 0.0001 0.9996
0.0001 0.0001 0.0001 0.9996 0.0001 0.0002 0.9996 0.0002 0.0001 0.0002 0.9995 0.0002 0.0001 0.0001 0.0001 0.9996
0.0001 0.9996 0.0002 0.0001 0.0001 0.9996 0.0002 0.0001 0.9996 0.0002 0.0001 0.0001 0.0001 0.0002 0.9995 0.0002
0.0001 0.0002 0.9995 0.0002 0.9996 0.0002 0.0001 0.0001 0.9996 0.0002 0.0001 0.0001 0.9996 0.0002 0.0001 0.0001
0.0002 0.0001 0.0001 0.9996 0.0001 0.0002 0.9995 0.0002 0.0001 0.0002 0.9996 0.0002 0.0001 0.0001 0.0001 0.9996
0.0001 0.0002 0.9996 0.0001 0.0001 0.0001 0.0001 0.9996 0.0001 0.0002 0.9996 0.0001 0.0001 0.0001 0.0001 0.9996
0.0001 0.0002 0.9996 0.0001 0.0001 0.9996 0.0002 0.0001 0.0001 0.9996 0.0002 0.0001 0.0001 0.9996 0.0002 0.0001
0.9996 0.0002 0.0001 0.0001 0.0001 0.0002 0.9995 0.0002 0.0001 0.9996 0.0002 0.0001 0.9996 0.0002 0.0001 0.0001
0.0001 0.0002 0.9995 0.0002 0.0002 0.0001 0.0001 0.9996 0.0001 0.0002 0.9996 0.0001 0.0001 0.0001 0.0001 0.9996
0.9996 0.0002 0.0001 0.0001 0.9996 0.0002 0.0001 0.0001 0.9996 0.0002 0.0001 0.0001 0.0001 0.0002 0.9995 0.0002
0.9996 0.0002 0.0001 0.0001 0.0001 0.9996 0.0002 0.0001 0.0001 0.0002 0.9995 0.0002 0.0001 0.0002 0.9995 0.0002
0.0001 0.0001 0.0001 0.9996 0.9996 0.0002 0.0001 0.0001 0.0001 0.9996 0.0002 0.0001 0.9996 0.0002 0.0001 0.0001
0.9996 0.0002 0.0001 0.0001 0.0001 0.0002 0.9995 0.0002 0.0001 0.9996 0.0002 0.0001 0.0001 0.0002 0.9996 0.0001
0.0001 0.9996 0.0002 0.0001 0.9996 0.0002 0.0001 0.0001 0.0001 0.0002 0.9995 0.0002 0.0002 0.0001 0.0001 0.9996
0.0001 0.0001 0.0001 0.9996 0.9996 0.0002 0.0001 0.0001 0.0001 0.0001 0.0001 0.9996 0.9996 0.0002 0.0001 0.0001
0.0001 0.0001 0.0001 0.9997 0.0002 0.0001 0.0001 0.9996 0.9996 0.0002 0.0001 0.0001 0.9996 0.0002 0.0001 0.0001
0.0001 0.0002 0.9995 0.0002 0.0001 0.0001 0.0001 0.9996 0.9996 0.0002 0.0001 0.0001 0.0001 0.9996 0.0002 0.0001
0.0001 0.0002 0.9995 0.0002 0.0001 0.0001 0.0001 0.9996 0.9996 0.0002 0.0001 0.0001 0.9996 0.0002 0.0001 0.0001
0.0001 0.9996 0.0002 0.0001 0.0001 0.9996 0.0002 0.0001 0.0001 0.0002 0.9995 0.0002 0.0001 0.9996 0.0002 0.0001
0.9996 0.0002 0.0001 0.0001 0.9996 0.0002 0.0001 0.0001 0.9996 0.0002 0.0001 0.0001 0.9996 0.0002 0.0001 0.0001
0.9996 0.0002 0.0001 0.0001 0.9996 0.0002 0.0001 0.0001 0.0002 0.0001 0.0001 0.9996 0.9996 0.0002 0.0001 0.0001
0.0001 0.0001 0.0001 0.9996 0.0002 0.0001 0.0001 0.9996 0.0001 0.0002 0.9996 0.0002 0.9996 0.0002 0.0001 0.0001
0.9996 0.0002 0.0001 0.0001 0.9996 0.0002 0.0001 0.0001 0.9996 0.0002 0.0001 0.0001 0.0001 0.0002 0.9995 0.0002
0.0002 0.0001 0.0001 0.9996 0.9996 0.0002 0.0001 0.0001 0.0001 0.0002 0.9996 0.0002 0.0001 0.0002 0.9995 0.0002
0.0001 0.0001 0.0001 0.9996 0.9996 0.0002 0.0001 0.0001 0.0001 0.0002 0.9995 0.0002 0.9996 0.0002 0.0001 0.0001
0.0001 0.0001 0.0001 0.9996 0.0001 0.0002 0.9995 0.0002 0.9996 0.0002 0.0001 0.0001 0.9996 0.0002 0.0001 0.0001
0.0001 0.0002 0.9995 0.0002 0.0002 0.0001 0.0001 0.9996 0.0001 0.0002 0.9996 0.0001 0.0001 0.0002 0.9996 0.0002
0.0001 0.0002 0.9996 0.0001 0.0001 0.0002 0.9996 0.0001 0.0001 0.0002 0.9996 0.0001 0.9996 0.0002 0.0001 0.0001
0.0001 0.9996 0.0002 0.0001 0.0001 0.9996 0.0002 0.0001 0.9996 0.0002 0.0001 0.0001 0.0001 0.0002 0.9995 0.0002
0.0001 0.0002 0.9995 0.0002 0.0001 0.0002 0.9996 0.0001 0.0001 0.0002 0.9996 0.0001 0.0001 0.9996 0.0002 0.0001
0.0001 0.9996 0.0002 0.0001 0.0001 0.9996 0.0002 0.0001 0.0002 0.0001 0.0001 0.9996 0.0001 0.9996 0.0002 0.0001
0.0001 0.0001 0.0001 0.9996 0.0001 0.0002 0.9995 0.0002 0.0001 0.0002 0.9996 0.0002 0.0001 0.9996 0.0002 0.0001
0.0001 0.0002 0.9996 0.0001 0.0001 0.9996 0.0002 0.0001 0.0001 0.0001 0.0001 0.9996 0.9996 0.0002 0.0001 0.0001
0.0001 0.0002 0.9995 0.0002 0.0002 0.0001 0.0001 0.9996 0.9996 0.0002 0.0001 0.0001 0.0001 0.9996 0.0002 0.0001
0.0001 0.9996 0.0002 0.0001 0.0001 0.9996 0.0002 0.0001 0.0001 0.0002 0.9995 0.0002 0.0001 0.0001 0.0001 0.9996
0.0001 0.9996 0.0002 0.0001 0.0001 0.9996 0.0002 0.0001 0.0001 0.0002 0.9995 0.0002 0.0001 0.0002 0.9995 0.0002
0.0001 0.0002 0.9996 0.0001 0.0001 0.9996 0.0002 0.0001 0.0001 0.0002 0.9996 0.0001 0.0001 0.0001 0.0001 0.9996
0.9996 0.0002 0.0001 0.0001 0.9996 0.0002 0.0001 0.0001 0.0001 0.0002 0.9995 0.0002 0.0001 0.9996 0.0002 0.0001
0.0001 0.0002 0.9996 0.0001 0.0001 0.0001 0.0001 0.9996 0.0001 0.0001 0.0001 0.9996 0.0001 0.0002 0.9995 0.0002
0.0001 0.9996 0.0002 0.0001 0.0001 0.0001 0.0001 0.9996 0.0001 0.0002 0.9995 0.0002 0.9996 0.0002 0.0001 0.0001
0.0001 0.0001 0.0001 0.9996 0.0001 0.9996 0.0002 0.0001 0.0001 0.9996 0.0002 0.0001 0.0001 0.9996 0.0002 0.0001
0.0001 0.9996 0.0002 0.0001 0.0001 0.9996 0.0002 0.0001 0.0001 0.0002 0.9995 0.0002 0.9996 0.0002 0.0001 0.0001
0.0001 0.0001 0.0001 0.9996 0.0001 0.0002 0.9995 0.0002 0.0001 0.0002 0.9995 0.0002 0.0001 0.0001 0.0001 0.9996
0.0001 0.9996 0.0002 0.0001 0.0001 0.0001 0.0001 0.9996 0.0001 0.0002 0.9995 0.0002 0.0001 0.0001 0.0001 0.9997
0.0001 0.9996 0.0002 0.0001 0.0001 0.0002 0.9996 0.0002 0.9996 0.0002 0.0001 0.0001 0.9996 0.0002 0.0001 0.0001
0.0002 0.0001 0.0001 0.9996 0.0001 0.0002 0.9995 0.0002 0.9996 0.0002 0.0001 0.0001 0.0001 0.0001 0.0001 0.9996
0.9996 0.0002 0.0001 0.0001 0.9996 0.0002 0.0001 0.0001 0.0001 0.0002 0.9995 0.0002 0.0001 0.0002 0.9995 0.0002
0.0001 0.0001 0.0001 0.9996 0.9996 0.0002 0.0001 0.0001 0.0001 0.0002 0.9995 0.0002 0.0001 0.0002 0.9995 0.0002
0.0001 0.9996 0.0002 0.0001 0.0001 0.9996 0.0002 0.0001 0.0001 0.9996 0.0002 0.0001 0.0001 0.9996 0.0002 0.0001
0.0001 0.0001 0.0001 0.9996 0.0001 0.0002 0.9995 0.0002 0.9996 0.0002 0.0001 0.0001 0.0001 0.0002 0.9996 0.0001
0.9996 0.0002 0.0001 0.0001 0.9996 0.0002 0.0001 0.0001 0.0002 0.0001 0.0001 0.9996 0.0001 0.0002 0.9995 0.0002
0.0001 0.0001 0.0001 0.9996 0.0001 0.0001 0.0001 0.9996 0.0001 0.9996 0.0002 0.0001 0.0001 0.9996 0.0002 0.0001
0.0001 0.9996 0.0002 0.0001 0.0001 0.0002 0.9995 0.0002 0.0001 0.9996 0.0002 0.0001 0.0001 0.0002 0.9996 0.0001
0.0001 0.0002 0.9995 0.0002 0.0001 0.9996 0.0002 0.0001 0.0001 0.0001 0.0001 0.9996 0.0001 0.0002 0.9995 0.0002
0.0001 0.0002 0.9995 0.0002 0.9996 0.0002 0.0001 0.0001 0.9996 0.0002 0.0001 0.0001 0.9996 0.0002 0.0001 0.0001
0.0002 0.0001 0.0001 0.9996 0.0002 0.0001 0.0001 0.9996 0.0001 0.0002 0.9996 0.0002 0.9996 0.0002 0.0001 0.0001
0.0001 0.0001 0.0001 0.9996 0.0001 0.9996 0.0002 0.0001 0.0001 0.0001 0.0001 0.9996 0.9996 0.0002 0.0001 0.0001
0.0001 0.0001 0.0001 0.9997 0.0002 0.0001 0.0001 0.9996 0.0001 0.0001 0.0001 0.9997 0.0001 0.9996 0.0002 0.0001
0.0001 0.0001 0.0001 0.9997 0.0001 0.9996 0.0002 0.0001 0.9996 0.0002 0.0001 0.0001 0.0001 0.9996 0.0002 0.0001
0.9996 0.0002 0.0001 0.0001 0.9996 0.0002 0.0001 0.0001 0.0002 0.0001 0.0001 0.9996 0.9996 0.0002 0.0001 0.0001
0.0001 0.0002 0.9996 0.0002 0.0002 0.0001 0.0001 0.9996 0.9996 0.0002 0.0001 0.0001 0.0001 0.9996 0.0002 0.0001
0.0002 0.0001 0.0001 0.9996 0.0001 0.9996 0.0002 0.0001 0.9996 0.0002 0.0001 0.0001 0.9996 0.0002 0.0001 0.0001
0.0001 0.0001 0.0001 0.9996 0.0001 0.0002 0.9995 0.0002 0.0001 0.9996 0.0002 0.0001 0.0001 0.9996 0.0002 0.0001
0.0001 0.0002 0.9995 0.0002 0.0001 0.0002 0.9995 0.0002 0.0001 0.0001 0.0001 0.9996 0.9996 0.0002 0.0001 0.0001
0.0001 0.0001 0.0001 0.9996 0.0001 0.9996 0.0002 0.0001 0.0001 0.9996 0.0002 0.0001 0.9996 0.0002 0.0001 0.0001
0.0001 0.0002 0.9995 0.0002 0.0002 0.0001 0.0001 0.9996 0.9996 0.0002 0.0001 0.0001 0.0001 0.0001 0.0001 0.9996
0.9996 0.0002 0.0001 0.0001 0.9996 0.0002 0.0001 0.0001 0.0001 0.0002 0.9995 0.0002 0.0001 0.0001 0.0001 0.9996
0.9996 0.0002 0.0001 0.0001 0.9996 0.0002 0.0001 0.0001 0.0001 0.0002 0.9995 0.0002 0.9996 0.0002 0.0001 0.0001
0.0001 0.9996 0.0002 0.0001 0.0002 0.0001 0.0001 0.9996 0.9996 0.0002 0.0001 0.0001 0.0001 0.0001 0.0001 0.9996
0.0001 0.9996 0.0002 0.0001 0.0001 0.9996 0.0002 0.0001 0.9996 0.0002 0.0001 0.0001 0.0001 0.0001 0.0001 0.9996
0.0001 0.9996 0.0002 0.0001 0.0001 0.9996 0.0002 0.0001 0.0001 0.0001 0.0001 0.9996 0.0001 0.0002 0.9995 0.0002
0.9996 0.0002 0.0001 0.0001 0.0001 0.9996 0.0002 0.0001 0.0001 0.0002 0.9995 0.0002 0.0001 0.0002 0.9995 0.0002
0.0001 0.9996 0.0002 0.0001 0.9996 0.0002 0.0001 0.0001 0.9996 0.0002 0.0001 0.0001 0.0002 0.0001 0.0001 0.9996
0.0002 0.0001 0.0001 0.9996 0.0001 0.9996 0.0002 0.0001 0.0001 0.9996 0.0002 0.0001 0.9996 0.0002 0.0001 0.0001
0.9996 0.0002 0.0001 0.0001 0.0001 0.0001 0.0001 0.9996 0.0001 0.0002 0.9995 0.0002 0.0001 0.0001 0.0001 0.9996
0.9996 0.0002 0.0001 0.0001 0.0001 0.9996 0.0002 0.0001 0.0002 0.0001 0.0001 0.9996 0.0001 0.0001 0.0001 0.9996
0.0001 0.0002 0.9996 0.0002 0.9996 0.0002 0.0001 0.0001 0.0001 0.0001 0.0001 0.9996 0.0001 0.0002 0.9995 0.0002
0.0001 0.0002 0.9995 0.0002 0.0001 0.9996 0.0002 0.0001 0.0001 0.9996 0.0002 0.0001 0.9996 0.0002 0.0001 0.0001
0.0001 0.0002 0.9995 0.0002 0.0002 0.0001 0.0001 0.9996 0.0001 0.9996 0.0002 0.0001 0.0001 0.0001 0.0001 0.9996
0.9996 0.0002 0.0001 0.0001 0.9996 0.0002 0.0001 0.0001 0.0001 0.9996 0.0002 0.0001 0.0001 0.9996 0.0002 0.0001
0.0001 0.9996 0.0002 0.0001 0.0001 0.0002 0.9995 0.0002 0.0001 0.9996 0.0002 0.0001 0.0001 0.9996 0.0002 0.0001
0.0001 0.0001 0.0001 0.9996 0.0001 0.0002 0.9995 0.0002 0.0001 0.0001 0.0001 0.9996 0.0001 0.9996 0.0002 0.0001
0.0001 0.0002 0.9995 0.0002 0.0001 0.9996 0.0002 0.0001 0.9996 0.0002 0.0001 0.0001 0.0001 0.0001 0.0001 0.9996
0.0001 0.0002 0.9995 0.0002 0.0001 0.9996 0.0002 0.0001 0.0001 0.0001 0.0001 0.9996 0.0001 0.9996 0.0002 0.0001
0.9996 0.0002 0.0001 0.0001 0.9996 0.0002 0.0001 0.0001 0.0001 0.0001 0.0001 0.9996 0.9996 0.0002 0.0001 0.0001
0.9996 0.0002 0.0001 0.0001 0.9996 0.0002 0.0001 0.0001 0.0001 0.0001 0.0001 0.9996 0.0001 0.0002 0.9995 0.0002
0.0001 0.0001 0.0001 0.9996 0.0001 0.0002 0.9996 0.0001 0.0001 0.9996 0.0002 0.0001 0.0001 0.9996 0.0002 0.0001
0.0001 0.0001 0.0001 0.9996 0.0001 0.9996 0.0002 0.0001 0.9996 0.0002 0.0001 0.0001 0.9996 0.0002 0.0001 0.0001
0.0001 0.0002 0.9995 0.0002 0.0002 0.0001 0.0001 0.9996 0.9996 0.0002 0.0001 0.0001 0.9996 0.0002 0.0001 0.0001
0.0002 0.0001 0.0001 0.9996 0.9996 0.0002 0.0001 0.0001 0.9996 0.0002 0.0001 0.0001 0.9996 0.0002 0.0001 0.0001
0.0001 0.0002 0.9995 0.0002 0.0002 0.0001 0.0001 0.9996 0.0001 0.9996 0.0002 0.0001 0.0001 0.9996 0.0002 0.0001
0.0001 0.0002 0.9995 0.0002 0.0001 0.0002 0.9995 0.0002 0.9996 0.0002 0.0001 0.0001 0.0001 0.0002 0.9996 0.0001
0.0002 0.0001 0.0001 0.9996 0.0001 0.0001 0.0001 0.9996 0.0001 0.0002 0.9996 0.0002 0.0001 0.9996 0.0002 0.0001
0.0001 0.0001 0.0001 0.9996 0.0001 0.0001 0.0001 0.9996 0.0001 0.0001 0.0001 0.9996 0.0001 0.0002 0.9995 0.0002
0.0001 0.9996 0.0002 0.0001 0.0001 0.9996 0.0002 0.0001 0.0001 0.9996 0.0002 0.0001 0.0001 0.9996 0.0002 0.0001
0.0001 0.0002 0.9995 0.0002 0.0001 0.9996 0.0002 0.0001 0.0001 0.0001 0.0001 0.9996 0.0001 0.0002 0.9995 0.0002
0.0001 0.9996 0.0002 0.0001 0.0001 0.9996 0.0002 0.0001 0.0001 0.0002 0.9995 0.0002 0.0001 0.0002 0.9995 0.0002
0.9996 0.0002 0.0001 0.0001 0.0001 0.0002 0.9996 0.0001 0.0001 0.9996 0.0002 0.0001 0.0001 0.9996 0.0002 0.0001
0.0001 0.0001 0.0001 0.9996 0.0001 0.0002 0.9995 0.0002 0.0001 0.9996 0.0002 0.0001 0.0001 0.0002 0.9996 0.0001
0.0001 0.9996 0.0002 0.0001 0.0001 0.0001 0.0001 0.9996 0.9996 0.0002 0.0001 0.0001 0.9996 0.0002 0.0001 0.0001
0.9996 0.0002 0.0001 0.0001 0.0001 0.0002 0.9995 0.0002 0.0001 0.0002 0.9995 0.0002 0.9996 0.0002 0.0001 0.0001
0.0001 0.0002 0.9996 0.0001 0.0001 0.9996 0.0002 0.0001 0.9996 0.0002 0.0001 0.0001 0.9996 0.0002 0.0001 0.0001
0.0002 0.0001 0.0001 0.9996 0.0001 0.9996 0.0002 0.0001 0.0001 0.0001 0.0001 0.9996 0.0001 0.0002 0.9995 0.0002
0.0001 0.0001 0.0001 0.9996 0.0001 0.9996 0.0002 0.0001 0.0001 0.9996 0.0002 0.0001 0.0001 0.9996 0.0002 0.0001
0.0001 0.9996 0.0002 0.0001 0.0001 0.9996 0.0002 0.0001 0.0001 0.0001 0.0001 0.9996 0.0001 0.9996 0.0002 0.0001
0.9996 0.0002 0.0001 0.0001 0.0001 0.0002 0.9995 0.0002 0.9996 0.0002 0.0001 0.0001 0.0001 0.0002 0.9996 0.0001
0.0002 0.0001 0.0001 0.9996 0.0001 0.0002 0.9996 0.0001 0.9996 0.0002 0.0001 0.0001 0.9996 0.0002 0.0001 0.0001
0.9996 0.0002 0.0001 0.0001 0.9996 0.0002 0.0001 0.0001 0.0002 0.0001 0.0001 0.9996 0.0001 0.0002 0.9995 0.0002
0.0001 0.0002 0.9996 0.0002 0.0001 0.0002 0.9996 0.0001 0.0001 0.9996 0.0002 0.0001 0.0001 0.0002 0.9996 0.0001
0.0001 0.9996 0.0002 0.0001 0.0001 0.9996 0.0002 0.0001 0.0001 0.0002 0.9995 0.0002 0.0001 0.0001 0.0001 0.9996
0.9996 0.0002 0.0001 0.0001 0.0001 0.0001 0.0001 0.9996 0.9996 0.0002 0.0001 0.0001 0.9996 0.0002 0.0001 0.0001
0.9996 0.0002 0.0001 0.0001 0.0001 0.0001 0.0001 0.9996 0.0001 0.0002 0.9995 0.0002 0.9996 0.0002 0.0001 0.0001
0.9996 0.0002 0.0001 0.0001 0.0001 0.9996 0.0002 0.0001 0.0001 0.9996 0.0002 0.0001 0.9996 0.0002 0.0001 0.0001
0.9996 0.0002 0.0001 0.0001 0.0001 0.0002 0.9995 0.0002 0.9996 0.0002 0.0001 0.0001 0.0001 0.9996 0.0002 0.0001
0.9996 0.0002 0.0001 0.0001 0.0001 0.0002 0.9995 0.0002 0.0002 0.9996 0.0002 0.0001 0.9996 0.0002 0.0001 0.0001
0.0001 0.0002 0.9995 0.0002 0.0001 0.9996 0.0002 0.0001 0.0001 0.9996 0.0002 0.0001 0.0001 0.9996 0.0002 0.0001
0.0001 0.9996 0.0002 0.0001 0.0001 0.9996 0.0002 0.0001 0.0001 0.0001 0.0001 0.9996 0.0001 0.0001 0.0001 0.9996
0.0001 0.0002 0.9995 0.0002 0.0001 0.0001 0.0001 0.9996 0.0001 0.9996 0.0002 0.0001 0.0001 0.9996 0.0002 0.0001
0.9996 0.0002 0.0001 0.0001 0.9996 0.0002 0.0001 0.0001 0.0002 0.0001 0.0001 0.9996 0.0001 0.0001 0.0001 0.9996
0.0001 0.0002 0.9996 0.0002 0.0001 0.0002 0.9996 0.0002 0.0001 0.0002 0.9996 0.0001 0.0001 0.0001 0.0001 0.9996
0.0001 0.0001 0.0001 0.9996 0.0001 0.0002 0.9995 0.0002 0.0001 0.0001 0.0001 0.9996 0.0001 0.0002 0.9996 0.0001
0.0001 0.9996 0.0002 0.0001 0.0001 0.9996 0.0002 0.0001 0.0001 0.0001 0.0001 0.9996 0.0001 0.0001 0.0001 0.9996
0.9996 0.0002 0.0001 0.0001 0.0001 0.0001 0.0001 0.9996 0.0001 0.9996 0.0002 0.0001 0.9996 0.0002 0.0001 0.0001
0.0001 0.9996 0.0002 0.0001 0.0001 0.0002 0.9995 0.0002 0.0001 0.0002 0.9995 0.0002 0.0001 0.9996 0.0002 0.0001
0.0001 0.0002 0.9996 0.0001 0.9996 0.0002 0.0001 0.0001 0.0001 0.0001 0.0001 0.9996 0.0002 0.0001 0.0001 0.9996
0.0001 0.9996 0.0002 0.0001 0.0001 0.9996 0.0002 0.0001 0.0001 0.9996 0.0002 0.0001 0.0001 0.0002 0.9995 0.0002
0.9996 0.0002 0.0001 0.0001 0.0001 0.0002 0.9996 0.0001 0.0001 0.9996 0.0002 0.0001 0.9996 0.0002 0.0001 0.0001
0.0001 0.9996 0.0002 0.0001 0.0001 0.9996 0.0002 0.0001 0.0001 0.0002 0.9995 0.0002 0.0001 0.9996 0.0002 0.0001
0.9996 0.0002 0.0001 0.0001 0.9996 0.0002 0.0001 0.0001 0.0002 0.9996 0.0002 0.0001 0.0001 0.9996 0.0002 0.0001
0.0001 0.0001 0.0001 0.9996 0.0001 0.9996 0.0002 0.0001 0.0001 0.9996 0.0002 0.0001 0.0001 0.9996 0.0002 0.0001
0.0001 0.9996 0.0002 0.0001 0.0001 0.0002 0.9995 0.0002 0.0001 0.0002 0.9995 0.0002 0.0001 0.0002 0.9996 0.0001
0.0001 0.0001 0.0001 0.9996 0.0001 0.0002 0.9996 0.0001 0.0001 0.0001 0.0001 0.9996 0.0001 0.0001 0.0001 0.9996
0.0001 0.0001 0.0001 0.9997 0.0001 0.9996 0.0002 0.0001 0.0001 0.0001 0.0001 0.9997 0.0001 0.0002 0.9995 0.0002
0.0001 0.9996 0.0002 0.0001 0.0001 0.0002 0.9996 0.0001 0.0001 0.9996 0.0002 0.0001 0.0001 0.9996 0.0002 0.0001
0.0001 0.9996 0.0002 0.0001 0.0001 0.9996 0.0002 0.0001 0.9996 0.0002 0.0001 0.0001 0.0001 0.0002 0.9995 0.0002
0.0001 0.9996 0.0002 0.0001 0.0001 0.0001 0.0001 0.9996 0.0001 0.9996 0.0002 0.0001 0.0001 0.9996 0.0002 0.0001
0.9996 0.0002 0.0001 0.0001 0.0001 0.0002 0.9995 0.0002 0.0001 0.0002 0.9995 0.0002 0.0001 0.9996 0.0002 0.0001
0.0001 0.9996 0.0002 0.0001 0.0001 0.9996 0.0002 0.0001 0.0001 0.9996 0.0002 0.0001 0.0001 0.9996 0.0002 0.0001
0.0001 0.0002 0.9995 0.0002 0.0001 0.9996 0.0002 0.0001 0.0001 0.9996 0.0002 0.0001 0.0001 0.9996 0.0002 0.0001
0.0001 0.9996 0.0002 0.0001 0.0001 0.9996 0.0002 0.0001 0.0001 0.0002 0.9995 0.0002 0.0001 0.0002 0.9995 0.0002
0.0001 0.0001 0.0001 0.9996 0.0001 0.0002 0.9996 0.0001 0.0001 0.0002 0.9995 0.0002 0.0001 0.0002 0.9996 0.0001
0.0001 0.9996 0.0002 0.0001 0.0001 0.0002 0.9996 0.0001 0.0001 0.9996 0.0002 0.0001 0.0001 0.9996 0.0002 0.0001
0.0001 0.0002 0.9995 0.0002 0.0001 0.0001 0.0001 0.9996 0.0001 0.9996 0.0002 0.0001 0.0001 0.0001 0.0001 0.9996
0.0002 0.0001 0.0001 0.9996 0.0001 0.0002 0.9996 0.0002 0.0001 0.0002 0.9995 0.0002 0.9996 0.0002 0.0001 0.0001
0.0001 0.9996 0.0002 0.0001 0.0001 0.9996 0.0002 0.0001 0.0001 0.0002 0.9995 0.0002 0.0001 0.0001 0.0001 0.9996
0.9996 0.0002 0.0001 0.0001 0.0001 0.0001 0.0001 0.9996 0.9996 0.0002 0.0001 0.0001 0.0001 0.0001 0.0001 0.9996
0.9996 0.0002 0.0001 0.0001 0.0001 0.9996 0.0002 0.0001 0.0002 0.9996 0.0002 0.0001 0.0001 0.0002 0.9995 0.0002
0.0001 0.0002 0.9995 0.0002 0.9996 0.0002 0.0001 0.0001 0.9996 0.0002 0.0001 0.0001 0.0002 0.0001 0.0001 0.9996
0.0002 0.0001 0.0001 0.9996 0.0001 0.0001 0.0001 0.9996 0.9996 0.0002 0.0001 0.0001 0.0001 0.0002 0.9996 0.0002
0.9996 0.0002 0.0001 0.0001 0.9996 0.0002 0.0001 0.0001 0.0001 0.0002 0.9995 0.0002 0.0001 0.0001 0.0001 0.9996
0.9996 0.0002 0.0001 0.0001 0.0001 0.9996 0.0002 0.0001 0.0001 0.0002 0.9995 0.0002 0.0001 0.0001 0.0001 0.9996
0.9996 0.0002 0.0001 0.0001 0.9996 0.0002 0.0001 0.0001 0.9996 0.0002 0.0001 0.0001 0.9996 0.0002 0.0001 0.0001
0.0002 0.9996 0.0002 0.0001 0.0001 0.9996 0.0002 0.0001 0.0001 0.9996 0.0002 0.0001 0.9996 0.0002 0.0001 0.0001
0.9996 0.0002 0.0001 0.0001 0.9996 0.0002 0.0001 0.0001 0.0001 0.9996 0.0002 0.0001 0.9996 0.0002 0.0001 0.0001
0.0001 0.9996 0.0002 0.0001 0.9996 0.0002 0.0001 0.0001 0.0001 0.0001 0.0001 0.9996 0.0001 0.0002 0.9995 0.0002
0.0001 0.0002 0.9995 0.0002 0.0001 0.0002 0.9996 0.0001 0.9996 0.0002 0.0001 0.0001 0.0001 0.0001 0.0001 0.9996
0.0001 0.9996 0.0002 0.0001 0.9997 0.0002 0.0001 0.0001 0.0001 0.9996 0.0002 0.0001 0.0001 0.9996 0.0002 0.0001
0.0001 0.0002 0.9995 0.0002 0.9996 0.0002 0.0001 0.0001 0.0001 0.9996 0.0002 0.0001 0.0002 0.0001 0.0001 0.9996
0.0002 0.0001 0.0001 0.9996 0.9996 0.0002 0.0001 0.0001 0.0001 0.0001 0.0001 0.9996 0.0001 0.9996 0.0002 0.0001
0.0001 0.9996 0.0002 0.0001 0.0001 0.9996 0.0002 0.0001 0.0001 0.0001 0.0001 0.9996 0.9996 0.0002 0.0001 0.0001
0.0001 0.0001 0.0001 0.9997 0.0001 0.0002 0.9995 0.0002 0.0001 0.9996 0.0002 0.0001 0.0001 0.9996 0.0002 0.0001
0.0001 0.0001 0.0001 0.9996 0.0001 0.0002 0.9995 0.0002 0.0001 0.9996 0.0002 0.0001 0.0001 0.9996 0.0002 0.0001
0.0001 0.0002 0.9995 0.0002 0.0002 0.0001 0.0001 0.9996 0.0001 0.0002 0.9996 0.0001 0.0001 0.0001 0.0001 0.9996
0.0001 0.0002 0.9996 0.0001 0.0001 0.9996 0.0002 0.0001 0.0001 0.0001 0.0001 0.9996 0.0001 0.0002 0.9995 0.0002
0.0001 0.9996 0.0002 0.0001 0.0001 0.9996 0.0002 0.0001 0.0001 0.9996 0.0002 0.0001 0.0001 0.0001 0.0001 0.9996
0.0001 0.0002 0.9995 0.0002 0.0001 0.9996 0.0002 0.0001 0.0001 0.0002 0.9996 0.0001 0.0001 0.0001 0.0001 0.9996
0.9996 0.0002 0.0001 0.0001 0.9996 0.0002 0.0001 0.0001 0.0002 0.0001 0.0001 0.9996 0.0001 0.0002 0.9995 0.0002
0.0001 0.9996 0.0002 0.0001 0.0001 0.0002 0.9996 0.0001 0.9996 0.0002 0.0001 0.0001 0.9996 0.0002 0.0001 0.0001
0.0001 0.9996 0.0002 0.0001 0.0001 0.9996 0.0002 0.0001 0.9996 0.0002 0.0001 0.0001 0.9996 0.0002 0.0001 0.0001
0.9996 0.0002 0.0001 0.0001 0.9996 0.0002 0.0001 0.0001 0.0001 0.0002 0.9995 0.0002 0.0001 0.0002 0.9995 0.0002
0.0001 0.0002 0.9996 0.0001 0.0001 0.0001 0.0001 0.9996 0.0001 0.9996 0.0002 0.0001 0.0001 0.9996 0.0002 0.0001
0.9996 0.0002 0.0001 0.0001 0.9996 0.0002 0.0001 0.0001 0.0001 0.0002 0.9995 0.0002 0.0001 0.9996 0.0002 0.0001
0.0001 0.9996 0.0002 0.0001 0.0001 0.0001 0.0001 0.9996 0.9996 0.0002 0.0001 0.0001 0.0001 0.0001 0.0001 0.9996
0.0001 0.0002 0.9995 0.0002 0.0001 0.9996 0.0002 0.0001 0.0001 0.0001 0.0001 0.9996 0.0001 0.0002 0.9995 0.0002
0.0001 0.0001 0.0001 0.9996 0.0001 0.0002 0.9996 0.0001 0.0001 0.9996 0.0002 0.0001 0.0001 0.0002 0.9996 0.0001
0.0001 0.0002 0.9995 0.0002 0.0001 0.0002 0.9996 0.0001 0.0001 0.0002 0.9996 0.0001 0.0001 0.0001 0.0001 0.9996
0.0001 0.0001 0.0001 0.9996 0.0001 0.9996 0.0002 0.0001 0.9996 0.0002 0.0001 0.0001 0.0001 0.0002 0.9995 0.0002
0.0001 0.9996 0.0002 0.0001 0.0001 0.0001 0.0001 0.9996 0.0001 0.9996 0.0002 0.0001 0.0001 0.9996 0.0002 0.0001
0.0001 0.9996 0.0002 0.0001 0.0001 0.9996 0.0002 0.0001 0.0001 0.0001 0.0001 0.9996 0.0001 0.0001 0.0001 0.9996
0.0001 0.9996 0.0002 0.0001 0.0001 0.9996 0.0002 0.0001 0.0001 0.9996 0.0002 0.0001 0.0001 0.9996 0.0002 0.0001
0.9996 0.0002 0.0001 0.0001 0.9996 0.0002 0.0001 0.0001 0.0001 0.0002 0.9995 0.0002 0.0002 0.0001 0.0001 0.9996
0.0001 0.0002 0.9996 0.0001 0.0001 0.0002 0.9996 0.0002 0.0001 0.9996 0.0002 0.0001 0.9996 0.0002 0.0001 0.0001
0.0001 0.0002 0.9995 0.0002 0.0002 0.0001 0.0001 0.9996 0.0001 0.0002 0.9996 0.0001 0.0001 0.0001 0.0001 0.9996
0.0001 0.0001 0.0001 0.9996 0.0001 0.0001 0.0001 0.9996 0.9996 0.0002 0.0001 0.0001 0.0001 0.0001 0.0001 0.9997
0.0001 0.0001 0.0001 0.9996 0.0001 0.0002 0.9996 0.0002 0.0001 0.0002 0.9996 0.0002 0.0001 0.0001 0.0001 0.9996
0.0001 0.9996 0.0002 0.0001 0.0001 0.0001 0.0001 0.9996 0.0001 0.0001 0.0001 0.9996 0.9996 0.0002 0.0001 0.0001
0.0001 0.0001 0.0001 0.9996 0.0001 0.9996 0.0002 0.0001 0.0001 0.0001 0.0001 0.9997 0.0001 0.0002 0.9995 0.0002
0.0001 0.0001 0.0001 0.9997 0.9996 0.0002 0.0001 0.0001 0.0001 0.9996 0.0002 0.0001 0.0001 0.9996 0.0002 0.0001
0.9996 0.0002 0.0001 0.0001 0.9996 0.0002 0.0001 0.0001 0.0001 0.9996 0.0002 0.0001 0.0001 0.9996 0.0002 0.0001
0.0001 0.0002 0.9995 0.0002 0.0001 0.0002 0.9995 0.0002 0.0001 0.0002 0.9996 0.0001 0.9996 0.0002 0.0001 0.0001
0.0001 0.0001 0.0001 0.9996 0.0002 0.9996 0.0002 0.0001 0.0001 0.0001 0.0001 0.9996 0.0001 0.0001 0.0001 0.9996
0.0001 0.0002 0.9996 0.0002 0.0001 0.0001 0.0001 0.9996 0.0001 0.0002 0.9996 0.0001 0.0001 0.0001 0.0001 0.9996
0.0001 0.9996 0.0002 0.0001 0.0001 0.9996 0.0002 0.0001 0.0001 0.0002 0.9995 0.0002 0.0001 0.0001 0.0001 0.9996
0.9996 0.0002 0.0001 0.0001 0.9996 0.0002 0.0001 0.0001 0.0001 0.9996 0.0002 0.0001 0.0001 0.9996 0.0002 0.0001
0.0001 0.0001 0.0001 0.9996 0.0001 0.9996 0.0002 0.0001 0.0001 0.9996 0.0002 0.0001 0.0001 0.9996 0.0002 0.0001
0.0001 0.0001 0.0001 0.9996 0.0001 0.0001 0.0001 0.9996 0.0001 0.0002 0.9995 0.0002 0.0001 0.9996 0.0002 0.0001
0.0001 0.0001 0.0001 0.9996 0.9996 0.0002 0.0001 0.0001 0.9996 0.0002 0.0001 0.0001 0.9996 0.0002 0.0001 0.0001
0.9996 0.0002 0.0001 0.0001 0.0002 0.9996 0.0002 0.0001 0.0002 0.0001 0.0001 0.9996 0.0001 0.0002 0.9995 0.0002
0.0001 0.0001 0.0001 0.9996 0.0001 0.0002 0.9996 0.0001 0.0001 0.0001 0.0001 0.9996 0.9996 0.0002 0.0001 0.0001
0.0001 0.0001 0.0001 0.9997 0.0001 0.0002 0.9995 0.0002 0.0001 0.9996 0.0002 0.0001 0.0001 0.9996 0.0002 0.0001
0.9996 0.0002 0.0001 0.0001 0.0001 0.9996 0.0002 0.0001 0.0001 0.0001 0.0001 0.9996 0.0001 0.9996 0.0002 0.0001
0.0001 0.9996 0.0002 0.0001 0.0001 0.0002 0.9995 0.0002 0.0001 0.0002 0.9995 0.0002 0.0001 0.0001 0.0001 0.9996
0.0001 0.0001 0.0001 0.9996 0.9996 0.0002 0.0001 0.0001 0.0001 0.0002 0.9995 0.0002 0.0002 0.0001 0.0001 0.9996
0.0001 0.0001 0.0001 0.9996 0.0001 0.9996 0.0002 0.0001 0.9996 0.0002 0.0001 0.0001 0.9996 0.0002 0.0001 0.0001
0.0001 0.0002 0.9995 0.0002 0.0001 0.0001 0.0001 0.9996 0.0001 0.9996 0.0002 0.0001 0.0001 0.0002 0.9996 0.0002
0.0001 0.0001 0.0001 0.9996 0.0001 0.0002 0.9996 0.0001 0.0001 0.0001 0.0001 0.9996 0.9996 0.0002 0.0001 0.0001
0.0001 0.9996 0.0002 0.0001 0.0002 0.0001 0.0001 0.9996 0.0001 0.0002 0.9995 0.0002 0.0001 0.0001 0.0001 0.9996
0.0001 0.0001 0.0001 0.9996 0.0001 0.9996 0.0002 0.0001 0.9996 0.0002 0.0001 0.0001 0.9996 0.0002 0.0001 0.0001
0.9996 0.0002 0.0001 0.0001 0.9996 0.0002 0.0001 0.0001 0.0001 0.0002 0.9995 0.0002 0.0001 0.0002 0.9995 0.0002
0.9996 0.0002 0.0001 0.0001 0.9996 0.0002 0.0001 0.0001 0.9996 0.0002 0.0001 0.0001 0.0001 0.9996 0.0002 0.0001
0.0001 0.0002 0.9995 0.0002 0.0001 0.0002 0.9995 0.0002 0.0001 0.0002 0.9996 0.0001 0.0001 0.0002 0.9996 0.0001
0.0001 0.0001 0.0001 0.9996 0.0001 0.0002 0.9996 0.0001 0.0001 0.0002 0.9995 0.0002 0.0001 0.0001 0.0001 0.9996
0.9996 0.0002 0.0001 0.0001 0.9996 0.0002 0.0001 0.0001 0.0001 0.9996 0.0002 0.0001 0.0001 0.0002 0.9995 0.0002
0.9996 0.0002 0.0001 0.0001 0.9996 0.0002 0.0001 0.0001 0.0001 0.0002 0.9995 0.0002 0.0002 0.0001 0.0001 0.9996
0.9996 0.0002 0.0001 0.0001 0.9996 0.0002 0.0001 0.0001 0.9996 0.0002 0.0001 0.0001 0.9996 0.0002 0.0001 0.0001
0.0001 0.0002 0.9995 0.0002 0.0001 0.0002 0.9995 0.0002 0.0001 0.9996 0.0002 0.0001 0.0001 0.9996 0.0002 0.0001
0.9996 0.0002 0.0001 0.0001 0.0001 0.9996 0.0002 0.0001 0.0001 0.9996 0.0002 0.0001 0.9996 0.0002 0.0001 0.0001
0.0001 0.9996 0.0002 0.0001 0.0001 0.0002 0.9995 0.0002 0.0001 0.0002 0.9995 0.0002 0.0001 0.0001 0.0001 0.9996
0.0001 0.9996 0.0002 0.0001 0.0001 0.9996 0.0002 0.0001 0.0001 0.9996 0.0002 0.0001 0.0001 0.0001 0.0001 0.9996
0.9996 0.0002 0.0001 0.0001 0.0001 0.0001 0.0001 0.9996 0.0002 0.0001 0.0001 0.9996 0.0001 0.0001 0.0001 0.9997
0.0001 0.0001 0.0001 0.9996 0.9996 0.0002 0.0001 0.0001 0.9996 0.0002 0.0001 0.0001 0.9996 0.0002 0.0001 0.0001
0.9996 0.0002 0.0001 0.0001 0.9996 0.0002 0.0001 0.0001 0.9996 0.0002 0.0001 0.0001 0.9996 0.0002 0.0001 0.0001
0.0001 0.0002 0.9995 0.0002 0.0001 0.9996 0.0002 0.0001 0.9996 0.0002 0.0001 0.0001 0.0001 0.9996 0.0002 0.0001
0.0001 0.9996 0.0002 0.0001 0.0001 0.9996 0.0002 0.0001 0.0001 0.0001 0.0001 0.9996 0.0001 0.0002 0.9995 0.0002
0.0001 0.0002 0.9996 0.0002 0.0001 0.0001 0.0001 0.9996 0.0001 0.0001 0.0001 0.9996 0.0001 0.0002 0.9995 0.0002
0.9996 0.0002 0.0001 0.0001 0.9996 0.0002 0.0001 0.0001 0.9996 0.0002 0.0001 0.0001 0.0001 0.0002 0.9995 0.0002
0.0001 0.9996 0.0002 0.0001 0.0001 0.9996 0.0002 0.0001 0.9996 0.0002 0.0001 0.0001 0.9996 0.0002 0.0001 0.0001
0.0001 0.0002 0.9995 0.0002 0.0002 0.0001 0.0001 0.9996 0.0001 0.0002 0.9996 0.0001 0.0001 0.0001 0.0001 0.9996
0.9996 0.0002 0.0001 0.0001 0.0001 0.0001 0.0001 0.9996 0.9996 0.0002 0.0001 0.0001 0.9996 0.0002 0.0001 0.0001
0.0002 0.0001 0.0001 0.9996 0.0001 0.0002 0.9995 0.0002 0.0001 0.0001 0.0001 0.9996 0.0001 0.9996 0.0002 0.0001
0.0001 0.0002 0.9996 0.0002 0.0001 0.9996 0.0002 0.0001 0.0001 0.9996 0.0002 0.0001 0.0001 0.9996 0.0002 0.0001
0.9996 0.0002 0.0001 0.0001 0.9996 0.0002 0.0001 0.0001 0.9996 0.0002 0.0001 0.0001 0.0002 0.0001 0.0001 0.9996
0.0002 0.0001 0.0001 0.9996 0.0001 0.9996 0.0002 0.0001 0.0001 0.0002 0.9996 0.0002 0.9996 0.0002 0.0001 0.0001
0.0001 0.0002 0.9996 0.0001 0.0001 0.0001 0.0001 0.9996 0.0001 0.0002 0.9996 0.0001 0.0001 0.0001 0.0001 0.9996
0.9996 0.0002 0.0001 0.0001 0.0001 0.9996 0.0002 0.0001 0.0001 0.0002 0.9995 0.0002 0.0001 0.9996 0.0002 0.0001
0.9996 0.0002 0.0001 0.0001 0.0001 0.9996 0.0002 0.0001 0.0001 0.9996 0.0002 0.0001 0.0001 0.9996 0.0002 0.0001
0.9996 0.0002 0.0001 0.0001 0.0001 0.0001 0.0001 0.9996 0.0001 0.0002 0.9995 0.0002 0.0001 0.0001 0.0001 0.9996
0.0001 0.0002 0.9996 0.0001 0.0001 0.0002 0.9995 0.0002 0.0001 0.9996 0.0002 0.0001 0.0001 0.9996 0.0002 0.0001
0.0002 0.0001 0.0001 0.9996 0.0001 0.0002 0.9995 0.0002 0.0001 0.0001 0.0001 0.9996 0.9996 0.0002 0.0001 0.0001
0.0001 0.0002 0.9996 0.0002 0.9996 0.0002 0.0001 0.0001 0.0001 0.0002 0.9996 0.0001 0.0001 0.0002 0.9995 0.0002
0.0001 0.9996 0.0002 0.0001 0.0001 0.0001 0.0001 0.9996 0.0001 0.0001 0.0001 0.9996 0.0001 0.0001 0.0001 0.9996
0.0001 0.0002 0.9995 0.0002 0.0001 0.0001 0.0001 0.9996 0.0001 0.9996 0.0002 0.0001 0.0001 0.0001 0.0001 0.9997
0.0001 0.0002 0.9995 0.0002 0.0001 0.9996 0.0002 0.0001 0.0001 0.0001 0.0001 0.9996 0.0001 0.0001 0.0001 0.9996
0.0001 0.9996 0.0002 0.0001 0.0001 0.9996 0.0002 0.0001 0.0001 0.0002 0.9995 0.0002 0.0001 0.0001 0.0001 0.9996
0.0001 0.9996 0.0002 0.0001 0.0001 0.9996 0.0002 0.0001 0.0001 0.9996 0.0002 0.0001 0.9996 0.0002 0.0001 0.0001
0.0001 0.0001 0.0001 0.9996 0.9996 0.0002 0.0001 0.0001 0.0001 0.0002 0.9995 0.0002 0.0002 0.0001 0.0001 0.9996
0.0001 0.0002 0.9996 0.0001 0.9996 0.0002 0.0001 0.0001 0.0001 0.0002 0.9996 0.0001 0.9996 0.0002 0.0001 0.0001
0.0001 0.0001 0.0001 0.9996 0.0001 0.0002 0.9995 0.0002 0.0001 0.0002 0.9995 0.0002 0.0001 0.0001 0.0001 0.9996
0.9996 0.0002 0.0001 0.0001 0.0001 0.9996 0.0002 0.0001 0.0001 0.0002 0.9995 0.0002 0.0001 0.0002 0.9995 0.0002
0.0001 0.0002 0.9996 0.0001 0.9996 0.0002 0.0001 0.0001 0.0001 0.0001 0.0001 0.9996 0.0002 0.0001 0.0001 0.9996
0.0001 0.0001 0.0001 0.9996 0.0001 0.9996 0.0002 0.0001 0.0001 0.9996 0.0002 0.0001 0.0001 0.9996 0.0002 0.0001
0.9996 0.0002 0.0001 0.0001 0.0001 0.9996 0.0002 0.0001 0.0001 0.0001 0.0001 0.9996 0.9996 0.0002 0.0001 0.0001
0.0001 0.9996 0.0002 0.0001 0.0002 0.0001 0.0001 0.9996 0.0001 0.0002 0.9995 0.0002 0.0001 0.0001 0.0001 0.9996
0.0001 0.9996 0.0002 0.0001 0.9996 0.0002 0.0001 0.0001 0.9996 0.0002 0.0001 0.0001 0.9996 0.0002 0.0001 0.0001
0.9996 0.0002 0.0001 0.0001 0.9996 0.0002 0.0001 0.0001 0.0001 0.0002 0.9995 0.0002 0.0002 0.0001 0.0001 0.9996
0.0001 0.0002 0.9996 0.0001 0.0001 0.9996 0.0002 0.0001 0.0001 0.9996 0.0002 0.0001 0.0001 0.9996 0.0002 0.0001
0.0002 0.0001 0.0001 0.9996 0.9996 0.0002 0.0001 0.0001 0.0001 0.0001 0.0001 0.9996 0.0001 0.0002 0.9995 0.0002
0.0001 0.9996 0.0002 0.0001 0.0001 0.9996 0.0002 0.0001 0.0001 0.9996 0.0002 0.0001 0.0001 0.0002 0.9995 0.0002
0.0001 0.9996 0.0002 0.0001 0.0001 0.0002 0.9996 0.0001 0.0001 0.0002 0.9995 0.0002 0.0001 0.0001 0.0001 0.9996
0.0001 0.9996 0.0002 0.0001 0.0001 0.9996 0.0002 0.0001 0.9996 0.0002 0.0001 0.0001 0.9996 0.0002 0.0001 0.0001
0.9996 0.0002 0.0001 0.0001 0.9996 0.0002 0.0001 0.0001 0.0002 0.9996 0.0002 0.0001 0.0002 0.9996 0.0002 0.0001
0.0001 0.0001 0.0001 0.9996 0.0001 0.9996 0.0002 0.0001 0.0001 0.0001 0.0001 0.9996 0.0001 0.0002 0.9995 0.0002
0.0001 0.0002 0.9996 0.0002 0.0001 0.9996 0.0002 0.0001 0.9996 0.0002 0.0001 0.0001 0.0002 0.0001 0.0001 0.9996
0.0001 0.0002 0.9995 0.0002 0.0001 0.9996 0.0002 0.0001 0.0001 0.9996 0.0002 0.0001 0.0001 0.9996 0.0002 0.0001
0.0001 0.0001 0.0001 0.9996 0.0001 0.0002 0.9995 0.0002 0.0001 0.9996 0.0002 0.0001 0.0001 0.0002 0.9996 0.0001
0.0001 0.9996 0.0002 0.0001 0.0001 0.9996 0.0002 0.0001 0.9996 0.0002 0.0001 0.0001 0.9996 0.0002 0.0001 0.0001
0.9996 0.0002 0.0001 0.0001 0.9996 0.0002 0.0001 0.0001 0.0002 0.0001 0.0001 0.9996 0.0001 0.0002 0.9995 0.0002
0.9996 0.0002 0.0001 0.0001 0.0001 0.0001 0.0001 0.9996 0.0001 0.0002 0.9995 0.0002 0.9996 0.0002 0.0001 0.0001
0.0001 0.9996 0.0002 0.0001 0.9996 0.0002 0.0001 0.0001 0.0001 0.0001 0.0001 0.9996 0.9996 0.0002 0.0001 0.0001
0.0001 0.9996 0.0002 0.0001 0.0001 0.9996 0.0002 0.0001 0.9996 0.0002 0.0001 0.0001 0.9996 0.0002 0.0001 0.0001
0.9996 0.0002 0.0001 0.0001 0.9996 0.0002 0.0001 0.0001 0.0001 0.0002 0.9995 0.0002 0.0002 0.0001 0.0001 0.9996
0.0001 0.0001 0.0001 0.9996 0.0001 0.0001 0.0001 0.9996 0.9996 0.0002 0.0001 0.0001 0.9996 0.0002 0.0001 0.0001
0.0001 0.0002 0.9995 0.0002 0.0001 0.0002 0.9995 0.0002 0.0001 0.0001 0.0001 0.9996 0.0001 0.0002 0.9996 0.0001
0.0001 0.0001 0.0001 0.9996 0.0001 0.0002 0.9996 0.0001 0.0001 0.0002 0.9996 0.0002 0.0001 0.0002 0.9996 0.0001
0.9996 0.0002 0.0001 0.0001 0.9996 0.0002 0.0001 0.0001 0.0001 0.9996 0.0002 0.0001 0.9996 0.0002 0.0001 0.0001
0.0001 0.9996 0.0002 0.0001 0.0002 0.9996 0.0002 0.0001 0.0001 0.0001 0.0001 0.9996 0.0001 0.0001 0.0001 0.9996
0.0001 0.0002 0.9995 0.0002 0.0001 0.0001 0.0001 0.9996 0.9996 0.0002 0.0001 0.0001 0.0001 0.9996 0.0002 0.0001
0.9996 0.0002 0.0001 0.0001 0.9996 0.0002 0.0001 0.0001 0.0001 0.9996 0.0002 0.0001 0.0001 0.9996 0.0002 0.0001
0.0001 0.0001 0.0001 0.9996 0.9996 0.0002 0.0001 0.0001 0.0001 0.0002 0.9996 0.0002 0.0001 0.0002 0.9995 0.0002
0.0001 0.0002 0.9996 0.0001 0.0001 0.0001 0.0001 0.9996 0.0001 0.0001 0.0001 0.9996 0.0001 0.0002 0.9995 0.0002
0.9996 0.0002 0.0001 0.0001 0.9996 0.0002 0.0001 0.0001 0.0001 0.0002 0.9995 0.0002 0.0001 0.9996 0.0002 0.0001
0.9996 0.0002 0.0001 0.0001 0.9996 0.0002 0.0001 0.0001 0.0002 0.0001 0.0001 0.9996 0.0001 0.0002 0.9995 0.0002
0.0001 0.0001 0.0001 0.9996 0.0001 0.0001 0.0001 0.9996 0.0001 0.0002 0.9996 0.0002 0.0001 0.0001 0.0001 0.9996
0.0001 0.9996 0.0002 0.0001 0.0001 0.0002 0.9996 0.0002 0.9996 0.0002 0.0001 0.0001 0.9996 0.0002 0.0001 0.0001
0.0001 0.0001 0.0001 0.9996 0.9996 0.0002 0.0001 0.0001 0.0001 0.0002 0.9996 0.0002 0.9996 0.0002 0.0001 0.0001
0.0001 0.0002 0.9996 0.0001 0.0002 0.0001 0.0001 0.9996 0.0001 0.0002 0.9996 0.0001 0.0001 0.0002 0.9996 0.0002
0.0001 0.0001 0.0001 0.9996 0.0001 0.0002 0.9996 0.0001 0.0001 0.9996 0.0002 0.0001 0.0001 0.9996 0.0002 0.0001
0.0001 0.0001 0.0001 0.9996 0.0001 0.0002 0.9995 0.0002 0.0001 0.0002 0.9995 0.0002 0.0001 0.0001 0.0001 0.9996
0.0001 0.9996 0.0002 0.0001 0.9996 0.0002 0.0001 0.0001 0.9996 0.0002 0.0001 0.0001 0.0001 0.0002 0.9995 0.0002
0.0002 0.0001 0.0001 0.9996 0.0001 0.0002 0.9996 0.0001 0.9996 0.0002 0.0001 0.0001 0.0001 0.0001 0.0001 0.9996
0.0001 0.9996 0.0002 0.0001 0.0001 0.0002 0.9995 0.0002 0.9996 0.0002 0.0001 0.0001 0.0001 0.0002 0.9996 0.0001
0.0001 0.9996 0.0002 0.0001 0.0001 0.9996 0.0002 0.0001 0.0001 0.0001 0.0001 0.9996 0.0001 0.0001 0.0001 0.9996
0.0001 0.9996 0.0002 0.0001 0.0001 0.9996 0.0002 0.0001 0.0001 0.0002 0.9995 0.0002 0.0001 0.9996 0.0002 0.0001
0.9996 0.0002 0.0001 0.0001 0.9996 0.0002 0.0001 0.0001 0.9996 0.0002 0.0001 0.0001 0.9996 0.0002 0.0001 0.0001
0.0001 0.0002 0.9995 0.0002 0.9996 0.0002 0.0001 0.0001 0.0001 0.0001 0.0001 0.9996 0.0001 0.0002 0.9995 0.0002
0.0001 0.0002 0.9995 0.0002 0.0001 0.0001 0.0001 0.9996 0.9996 0.0002 0.0001 0.0001 0.0001 0.0002 0.9995 0.0002
0.9996 0.0002 0.0001 0.0001 0.0001 0.0002 0.9996 0.0001 0.9996 0.0002 0.0001 0.0001 0.9996 0.0002 0.0001 0.0001
0.0001 0.0002 0.9995 0.0002 0.0001 0.9996 0.0002 0.0001 0.0001 0.0001 0.0001 0.9996 0.0001 0.9996 0.0002 0.0001
