0.1140 0.1003 0.6629 0.1228 0.1398 0.0741 0.0928 0.6934 0.0535 0.0233 0.2405 0.6826 0.0149 0.0045 0.0064 0.9743
0.8735 0.0050 0.0119 0.1095 0.7767 0.0039 0.0030 0.2164 0.0337 0.0031 0.9500 0.0132 0.0755 0.9002 0.0046 0.0197
0.9960 0.0007 0.0019 0.0014 0.0006 0.9986 0.0004 0.0004 0.9993 0.0002 0.0001 0.0003 0.9963 0.0026 0.0003 0.0008
0.0008 0.0002 0.0003 0.9987 0.0006 0.9988 0.0004 0.0003 0.0003 0.9989 0.0004 0.0004 0.0002 0.0003 0.0002 0.9992
0.0002 0.0002 0.0002 0.9994 0.0001 0.0003 0.9991 0.0004 0.0002 0.9993 0.0003 0.0002 0.0002 0.9993 0.0004 0.0002
0.0001 0.9995 0.0002 0.0001 0.9992 0.0004 0.0001 0.0003 0.9993 0.0003 0.0001 0.0003 0.0002 0.9994 0.0003 0.0001
0.0002 0.9994 0.0003 0.0001 0.0002 0.9995 0.0002 0.0001 0.0002 0.9995 0.0002 0.0001 0.0002 0.9995 0.0002 0.0001
0.0001 0.0003 0.9993 0.0002 0.9994 0.0003 0.0001 0.0002 0.0002 0.0002 0.0002 0.9994 0.0002 0.0003 0.9993 0.0002
0.0002 0.0001 0.0002 0.9995 0.9994 0.0002 0.0001 0.0002 0.0002 0.9995 0.0002 0.0001 0.0002 0.9994 0.0002 0.0001
0.0002 0.0002 0.0002 0.9995 0.0002 0.0002 0.0002 0.9994 0.0002 0.9995 0.0002 0.0001 0.9995 0.0002 0.0001 0.0002
0.9994 0.0003 0.0001 0.0002 0.9995 0.0002 0.0001 0.0002 0.0002 0.9994 0.0002 0.0001 0.9995 0.0002 0.0001 0.0002
0.0002 0.9995 0.0002 0.0001 0.0002 0.9994 0.0003 0.0001 0.0002 0.9995 0.0002 0.0001 0.9995 0.0002 0.0001 0.0002
0.0002 0.9995 0.0002 0.0001 0.0002 0.9994 0.0003 0.0001 0.0001 0.0003 0.9994 0.0002 0.9995 0.0002 0.0001 0.0002
0.0002 0.9994 0.0003 0.0001 0.0002 0.9994 0.0003 0.0001 0.0002 0.9995 0.0002 0.0001 0.0002 0.0002 0.0002 0.9994
0.0002 0.0002 0.0002 0.9994 0.0001 0.0003 0.9994 0.0002 0.0002 0.9994 0.0002 0.0001 0.0002 0.9994 0.0003 0.0001
0.0001 0.0003 0.9994 0.0002 0.0002 0.0002 0.0002 0.9994 0.0001 0.0002 0.9994 0.0002 0.0002 0.0001 0.0002 0.9995
0.0001 0.0002 0.9994 0.0002 0.0002 0.9995 0.0002 0.0001 0.9994 0.0002 0.0001 0.0002 0.0002 0.9995 0.0002 0.0001
0.9995 0.0002 0.0001 0.0002 0.0001 0.0003 0.9994 0.0002 0.9995 0.0002 0.0001 0.0002 0.9994 0.0003 0.0001 0.0002
0.0002 0.0002 0.0002 0.9994 0.0002 0.0003 0.9993 0.0002 0.0001 0.0003 0.9994 0.0002 0.0002 0.9994 0.0002 0.0001
0.0001 0.0002 0.9994 0.0002 0.0002 0.0002 0.0002 0.9994 0.0002 0.9994 0.0002 0.0001 0.0002 0.9995 0.0002 0.0001
0.9995 0.0002 0.0001 0.0002 0.9994 0.0003 0.0001 0.0002 0.0002 0.9994 0.0002 0.0001 0.0002 0.0002 0.0002 0.9994
0.0002 0.0002 0.0002 0.9994 0.0001 0.0003 0.9994 0.0002 0.0001 0.0003 0.9994 0.0002 0.0002 0.0002 0.0002 0.9995
0.0001 0.0002 0.9994 0.0002 0.0002 0.9995 0.0002 0.0001 0.9994 0.0002 0.0001 0.0002 0.0001 0.0003 0.9994 0.0002
0.9995 0.0002 0.0001 0.0002 0.9994 0.0003 0.0001 0.0002 0.9995 0.0002 0.0001 0.0002 0.0002 0.9994 0.0002 0.0001
0.0002 0.0002 0.0002 0.9994 0.0001 0.0003 0.9994 0.0002 0.0002 0.0002 0.0002 0.9995 0.0001 0.0002 0.9994 0.0002
0.0001 0.0003 0.9994 0.0002 0.0002 0.0002 0.0002 0.9994 0.0001 0.0002 0.9994 0.0002 0.0001 0.0003 0.9994 0.0002
0.9995 0.0002 0.0001 0.0002 0.9994 0.0002 0.0001 0.0002 0.0002 0.0003 0.9993 0.0002 0.9995 0.0002 0.0001 0.0002
0.0001 0.0002 0.9994 0.0002 0.0002 0.0002 0.0002 0.9994 0.9995 0.0002 0.0001 0.0002 0.0002 0.9995 0.0002 0.0001
0.0002 0.0003 0.9993 0.0002 0.0002 0.0002 0.0002 0.9995 0.9995 0.0002 0.0001 0.0002 0.0002 0.9995 0.0002 0.0001
0.0002 0.0002 0.0002 0.9994 0.0002 0.0002 0.0002 0.9995 0.9995 0.0002 0.0001 0.0002 0.0001 0.0003 0.9994 0.0002
0.9995 0.0002 0.0001 0.0002 0.0002 0.0002 0.0002 0.9995 0.0002 0.0003 0.9993 0.0002 0.0001 0.0003 0.9994 0.0002
0.9995 0.0002 0.0001 0.0002 0.9994 0.0003 0.0001 0.0002 0.0002 0.0003 0.9993 0.0002 0.0002 0.0002 0.0002 0.9994
0.0002 0.0002 0.0002 0.9994 0.0002 0.9995 0.0002 0.0001 0.0002 0.9995 0.0002 0.0001 0.9994 0.0003 0.0001 0.0002
0.0001 0.0003 0.9994 0.0002 0.0002 0.0003 0.9993 0.0002 0.0001 0.0002 0.9994 0.0002 0.0001 0.0002 0.9994 0.0002
0.0001 0.0002 0.9994 0.0002 0.0002 0.0002 0.0002 0.9994 0.0002 0.9994 0.0002 0.0001 0.0002 0.0001 0.0002 0.9995
0.0002 0.9995 0.0002 0.0001 0.9995 0.0002 0.0001 0.0002 0.9994 0.0003 0.0001 0.0002 0.0002 0.9994 0.0002 0.0001
0.0002 0.0003 0.9993 0.0002 0.0002 0.0002 0.0002 0.9995 0.0002 0.0002 0.0002 0.9994 0.0001 0.0003 0.9994 0.0002
0.9995 0.0002 0.0001 0.0002 0.9994 0.0002 0.0001 0.0002 0.0002 0.9994 0.0002 0.0001 0.0002 0.9994 0.0002 0.0001
0.9995 0.0002 0.0001 0.0002 0.9995 0.0002 0.0001 0.0002 0.0002 0.0003 0.9993 0.0002 0.9995 0.0002 0.0001 0.0002
0.9994 0.0002 0.0001 0.0002 0.0002 0.0003 0.9993 0.0002 0.0002 0.0003 0.9993 0.0002 0.9995 0.0002 0.0001 0.0002
0.0002 0.0002 0.9994 0.0002 0.0002 0.0002 0.0002 0.9994 0.0002 0.9994 0.0002 0.0001 0.0002 0.9995 0.0002 0.0001
0.0002 0.0002 0.0002 0.9994 0.9994 0.0002 0.0001 0.0002 0.9995 0.0002 0.0001 0.0002 0.0002 0.0003 0.9993 0.0002
0.0002 0.0003 0.9993 0.0002 0.9994 0.0002 0.0001 0.0002 0.0001 0.0002 0.9994 0.0002 0.9995 0.0002 0.0001 0.0002
0.0002 0.0002 0.9994 0.0002 0.0002 0.9994 0.0003 0.0001 0.0002 0.0002 0.9994 0.0002 0.9995 0.0002 0.0001 0.0002
0.0002 0.9994 0.0002 0.0001 0.0002 0.9994 0.0003 0.0001 0.0002 0.9995 0.0002 0.0001 0.0002 0.9995 0.0002 0.0001
0.0001 0.0003 0.9994 0.0002 0.0002 0.0002 0.0002 0.9994 0.0002 0.0002 0.0002 0.9994 0.0001 0.0003 0.9994 0.0002
0.0001 0.0003 0.9994 0.0002 0.0002 0.9994 0.0003 0.0001 0.0001 0.0002 0.9994 0.0002 0.0002 0.0002 0.0002 0.9994
0.9994 0.0002 0.0001 0.0002 0.9995 0.0002 0.0001 0.0002 0.0002 0.9994 0.0002 0.0001 0.0002 0.9994 0.0003 0.0001
0.0002 0.0002 0.0002 0.9994 0.0002 0.0002 0.0002 0.9994 0.0002 0.0001 0.0002 0.9995 0.0002 0.9994 0.0002 0.0001
0.0002 0.9995 0.0002 0.0001 0.0001 0.0003 0.9994 0.0002 0.0001 0.0003 0.9994 0.0002 0.0001 0.0002 0.9994 0.0002
0.0002 0.9994 0.0002 0.0001 0.0001 0.0002 0.9994 0.0002 0.0001 0.0003 0.9993 0.0002 0.0002 0.0002 0.0002 0.9994
0.9994 0.0003 0.0001 0.0002 0.0001 0.0003 0.9994 0.0002 0.0002 0.0002 0.0002 0.9994 0.9994 0.0002 0.0001 0.0002
0.0002 0.9995 0.0002 0.0001 0.0002 0.0003 0.9993 0.0002 0.0001 0.0003 0.9994 0.0002 0.9994 0.0002 0.0001 0.0002
0.0001 0.0002 0.9994 0.0002 0.0002 0.0002 0.0002 0.9994 0.9994 0.0002 0.0001 0.0002 0.0001 0.0003 0.9994 0.0002
0.0002 0.0003 0.9993 0.0002 0.0001 0.0002 0.9994 0.0002 0.0002 0.9994 0.0002 0.0001 0.0002 0.0002 0.9994 0.0002
0.0002 0.9995 0.0002 0.0001 0.0002 0.0002 0.9994 0.0002 0.0001 0.0003 0.9994 0.0002 0.0002 0.0002 0.0002 0.9994
0.0001 0.0002 0.9994 0.0002 0.0002 0.0001 0.0002 0.9995 0.0002 0.9994 0.0003 0.0001 0.0002 0.9995 0.0002 0.0001
0.0001 0.0003 0.9993 0.0002 0.0002 0.0002 0.0002 0.9995 0.0002 0.0002 0.0002 0.9995 0.9995 0.0002 0.0001 0.0002
0.0002 0.9995 0.0002 0.0001 0.9995 0.0002 0.0001 0.0002 0.0002 0.0002 0.0002 0.9995 0.0002 0.9994 0.0002 0.0001
0.9995 0.0002 0.0001 0.0002 0.9995 0.0002 0.0001 0.0002 0.0002 0.0003 0.9993 0.0002 0.0002 0.0002 0.0002 0.9994
0.0002 0.0002 0.0002 0.9994 0.0001 0.0003 0.9994 0.0002 0.0001 0.0003 0.9994 0.0002 0.0002 0.0002 0.0002 0.9995
0.0002 0.9995 0.0002 0.0001 0.0002 0.9995 0.0002 0.0001 0.9995 0.0002 0.0001 0.0002 0.0001 0.0003 0.9994 0.0002
0.0002 0.0003 0.9993 0.0002 0.9994 0.0003 0.0001 0.0002 0.9994 0.0002 0.0001 0.0002 0.9995 0.0002 0.0001 0.0002
0.0002 0.0002 0.0002 0.9994 0.0002 0.0003 0.9993 0.0002 0.0001 0.0003 0.9994 0.0002 0.0002 0.0002 0.0002 0.9994
0.0001 0.0002 0.9994 0.0002 0.0002 0.0002 0.0002 0.9995 0.0002 0.0002 0.9994 0.0002 0.0002 0.0001 0.0002 0.9995
0.0002 0.0002 0.9994 0.0002 0.0002 0.9995 0.0002 0.0001 0.0002 0.9994 0.0002 0.0001 0.0002 0.9995 0.0002 0.0001
0.9995 0.0002 0.0001 0.0002 0.0001 0.0003 0.9994 0.0002 0.0002 0.9994 0.0002 0.0001 0.9994 0.0003 0.0001 0.0002
0.0001 0.0003 0.9994 0.0002 0.0002 0.0002 0.0002 0.9994 0.0001 0.0002 0.9994 0.0002 0.0002 0.0001 0.0002 0.9995
0.9995 0.0002 0.0001 0.0002 0.9995 0.0002 0.0001 0.0002 0.9995 0.0002 0.0001 0.0002 0.0002 0.0003 0.9993 0.0002
0.9995 0.0002 0.0001 0.0002 0.0002 0.9994 0.0002 0.0001 0.0002 0.0003 0.9993 0.0002 0.0001 0.0003 0.9994 0.0002
0.0002 0.0002 0.0002 0.9994 0.9994 0.0002 0.0001 0.0002 0.0002 0.9995 0.0002 0.0001 0.9995 0.0002 0.0001 0.0002
0.9994 0.0002 0.0001 0.0002 0.0002 0.0003 0.9993 0.0002 0.0002 0.9994 0.0002 0.0001 0.0001 0.0002 0.9994 0.0002
0.0002 0.9995 0.0002 0.0001 0.9995 0.0002 0.0001 0.0002 0.0001 0.0003 0.9994 0.0002 0.0002 0.0002 0.0002 0.9994
0.0002 0.0002 0.0002 0.9994 0.9995 0.0002 0.0001 0.0002 0.0002 0.0001 0.0002 0.9995 0.9995 0.0002 0.0001 0.0002
0.0002 0.0001 0.0002 0.9995 0.0002 0.0002 0.0002 0.9994 0.9995 0.0002 0.0001 0.0002 0.9995 0.0002 0.0001 0.0002
0.0002 0.0003 0.9993 0.0002 0.0002 0.0002 0.0002 0.9994 0.9994 0.0002 0.0001 0.0002 0.0002 0.9995 0.0002 0.0001
0.0002 0.0003 0.9993 0.0002 0.0002 0.0002 0.0002 0.9995 0.9995 0.0002 0.0001 0.0002 0.9995 0.0002 0.0001 0.0002
0.0002 0.9994 0.0002 0.0001 0.0002 0.9994 0.0002 0.0001 0.0001 0.0003 0.9994 0.0002 0.0002 0.9995 0.0002 0.0001
0.9994 0.0002 0.0001 0.0002 0.9994 0.0003 0.0001 0.0002 0.9995 0.0002 0.0001 0.0002 0.9995 0.0002 0.0001 0.0002
0.9995 0.0002 0.0001 0.0002 0.9995 0.0002 0.0001 0.0002 0.0002 0.0002 0.0002 0.9994 0.9995 0.0002 0.0001 0.0002
0.0002 0.0002 0.0002 0.9995 0.0002 0.0002 0.0002 0.9994 0.0001 0.0003 0.9994 0.0002 0.9995 0.0002 0.0001 0.0002
0.9994 0.0002 0.0001 0.0002 0.9995 0.0002 0.0001 0.0002 0.9995 0.0002 0.0001 0.0002 0.0002 0.0003 0.9993 0.0002
0.0002 0.0002 0.0002 0.9994 0.9995 0.0002 0.0001 0.0002 0.0001 0.0003 0.9994 0.0002 0.0002 0.0003 0.9993 0.0002
0.0002 0.0002 0.0002 0.9995 0.9995 0.0002 0.0001 0.0002 0.0001 0.0003 0.9994 0.0002 0.9995 0.0002 0.0001 0.0002
0.0002 0.0002 0.0002 0.9995 0.0002 0.0003 0.9993 0.0002 0.9995 0.0002 0.0001 0.0002 0.9995 0.0002 0.0001 0.0002
0.0002 0.0003 0.9993 0.0002 0.0002 0.0002 0.0002 0.9994 0.0001 0.0002 0.9994 0.0002 0.0001 0.0003 0.9994 0.0002
0.0002 0.0002 0.9994 0.0002 0.0001 0.0002 0.9994 0.0002 0.0002 0.0002 0.9994 0.0002 0.9995 0.0002 0.0001 0.0002
0.0002 0.9994 0.0002 0.0001 0.0002 0.9994 0.0002 0.0001 0.9995 0.0002 0.0001 0.0002 0.0001 0.0003 0.9994 0.0002
0.0002 0.0003 0.9993 0.0002 0.0001 0.0002 0.9994 0.0002 0.0001 0.0002 0.9994 0.0002 0.0002 0.9994 0.0003 0.0001
0.0002 0.9994 0.0002 0.0001 0.0002 0.9995 0.0002 0.0001 0.0002 0.0002 0.0002 0.9994 0.0002 0.9995 0.0002 0.0001
0.0002 0.0001 0.0002 0.9995 0.0001 0.0003 0.9994 0.0002 0.0001 0.0003 0.9994 0.0002 0.0002 0.9994 0.0003 0.0001
0.0001 0.0002 0.9994 0.0002 0.0002 0.9995 0.0002 0.0001 0.0002 0.0002 0.0002 0.9994 0.9994 0.0003 0.0001 0.0002
0.0001 0.0003 0.9994 0.0002 0.0002 0.0002 0.0002 0.9994 0.9994 0.0003 0.0001 0.0002 0.0002 0.9994 0.0002 0.0001
0.0002 0.9994 0.0002 0.0001 0.0002 0.9995 0.0002 0.0001 0.0001 0.0003 0.9994 0.0002 0.0002 0.0002 0.0002 0.9994
0.0002 0.9994 0.0002 0.0001 0.0002 0.9994 0.0002 0.0001 0.0001 0.0003 0.9993 0.0002 0.0001 0.0003 0.9994 0.0002
0.0001 0.0002 0.9994 0.0002 0.0002 0.9994 0.0002 0.0001 0.0001 0.0002 0.9994 0.0002 0.0002 0.0002 0.0002 0.9994
0.9994 0.0002 0.0001 0.0002 0.9995 0.0002 0.0001 0.0002 0.0002 0.0003 0.9993 0.0002 0.0002 0.9994 0.0003 0.0001
0.0001 0.0002 0.9994 0.0002 0.0002 0.0002 0.0002 0.9994 0.0002 0.0002 0.0002 0.9994 0.0001 0.0003 0.9994 0.0002
0.0002 0.9995 0.0002 0.0001 0.0002 0.0002 0.0002 0.9995 0.0001 0.0003 0.9994 0.0002 0.9995 0.0002 0.0001 0.0002
0.0002 0.0002 0.0002 0.9995 0.0002 0.9994 0.0002 0.0001 0.0002 0.9995 0.0002 0.0001 0.0002 0.9995 0.0002 0.0001
0.0002 0.9995 0.0002 0.0001 0.0002 0.9995 0.0002 0.0001 0.0001 0.0003 0.9994 0.0002 0.9994 0.0003 0.0001 0.0002
0.0002 0.0002 0.0002 0.9995 0.0002 0.0003 0.9993 0.0002 0.0001 0.0003 0.9994 0.0002 0.0002 0.0002 0.0002 0.9994
0.0002 0.9995 0.0002 0.0001 0.0002 0.0002 0.0002 0.9995 0.0001 0.0003 0.9993 0.0002 0.0002 0.0001 0.0002 0.9995
0.0002 0.9994 0.0002 0.0001 0.0001 0.0003 0.9994 0.0002 0.9995 0.0002 0.0001 0.0002 0.9994 0.0003 0.0001 0.0002
0.0002 0.0002 0.0002 0.9994 0.0002 0.0003 0.9993 0.0002 0.9995 0.0002 0.0001 0.0002 0.0002 0.0002 0.0002 0.9995
0.9995 0.0002 0.0001 0.0002 0.9995 0.0002 0.0001 0.0002 0.0002 0.0003 0.9993 0.0002 0.0002 0.0003 0.9993 0.0002
0.0002 0.0002 0.0002 0.9994 0.9994 0.0002 0.0001 0.0002 0.0001 0.0003 0.9994 0.0002 0.0002 0.0003 0.9993 0.0002
0.0002 0.9995 0.0002 0.0001 0.0002 0.9994 0.0002 0.0001 0.0002 0.9995 0.0002 0.0001 0.0002 0.9995 0.0002 0.0001
0.0002 0.0002 0.0002 0.9994 0.0001 0.0003 0.9994 0.0002 0.9995 0.0002 0.0001 0.0002 0.0001 0.0002 0.9994 0.0002
0.9995 0.0002 0.0001 0.0002 0.9994 0.0002 0.0001 0.0002 0.0002 0.0002 0.0002 0.9994 0.0002 0.0003 0.9993 0.0002
0.0002 0.0001 0.0002 0.9995 0.0002 0.0002 0.0002 0.9994 0.0002 0.9995 0.0002 0.0001 0.0002 0.9995 0.0002 0.0001
0.0002 0.9995 0.0002 0.0001 0.0001 0.0003 0.9994 0.0002 0.0002 0.9995 0.0002 0.0001 0.0001 0.0002 0.9994 0.0002
0.0001 0.0003 0.9994 0.0002 0.0002 0.9994 0.0003 0.0001 0.0002 0.0002 0.0002 0.9994 0.0001 0.0003 0.9993 0.0002
0.0001 0.0003 0.9994 0.0002 0.9994 0.0002 0.0001 0.0002 0.9994 0.0003 0.0001 0.0002 0.9995 0.0002 0.0001 0.0002
0.0002 0.0002 0.0002 0.9994 0.0002 0.0002 0.0002 0.9994 0.0001 0.0003 0.9994 0.0002 0.9995 0.0002 0.0001 0.0002
0.0002 0.0002 0.0002 0.9995 0.0002 0.9994 0.0002 0.0001 0.0002 0.0001 0.0002 0.9995 0.9995 0.0002 0.0001 0.0002
0.0002 0.0001 0.0002 0.9995 0.0002 0.0002 0.0002 0.9994 0.0002 0.0001 0.0002 0.9995 0.0002 0.9994 0.0002 0.0001
0.0002 0.0001 0.0002 0.9995 0.0002 0.9995 0.0002 0.0001 0.9994 0.0002 0.0001 0.0002 0.0002 0.9995 0.0002 0.0001
0.9994 0.0002 0.0001 0.0002 0.9994 0.0003 0.0001 0.0002 0.0002 0.0002 0.0002 0.9994 0.9995 0.0002 0.0001 0.0002
0.0001 0.0003 0.9994 0.0002 0.0002 0.0002 0.0002 0.9994 0.9994 0.0002 0.0001 0.0002 0.0002 0.9995 0.0002 0.0001
0.0002 0.0002 0.0002 0.9994 0.0002 0.9995 0.0002 0.0001 0.9995 0.0002 0.0001 0.0002 0.9994 0.0003 0.0001 0.0002
0.0002 0.0002 0.0002 0.9994 0.0002 0.0003 0.9993 0.0002 0.0002 0.9995 0.0002 0.0001 0.0002 0.9994 0.0003 0.0001
0.0001 0.0003 0.9994 0.0002 0.0001 0.0003 0.9993 0.0002 0.0002 0.0002 0.0002 0.9995 0.9994 0.0002 0.0001 0.0002
0.0002 0.0001 0.0002 0.9995 0.0002 0.9994 0.0002 0.0001 0.0002 0.9995 0.0002 0.0001 0.9995 0.0002 0.0001 0.0002
0.0001 0.0003 0.9994 0.0002 0.0002 0.0002 0.0002 0.9994 0.9994 0.0003 0.0001 0.0002 0.0002 0.0001 0.0002 0.9995
0.9995 0.0002 0.0001 0.0002 0.9995 0.0002 0.0001 0.0002 0.0002 0.0003 0.9993 0.0002 0.0002 0.0002 0.0002 0.9994
0.9994 0.0002 0.0001 0.0002 0.9995 0.0002 0.0001 0.0002 0.0002 0.0003 0.9993 0.0002 0.9995 0.0002 0.0001 0.0002
0.0002 0.9994 0.0002 0.0001 0.0002 0.0002 0.0002 0.9994 0.9995 0.0002 0.0001 0.0002 0.0002 0.0001 0.0002 0.9995
0.0002 0.9994 0.0002 0.0001 0.0002 0.9995 0.0002 0.0001 0.9995 0.0002 0.0001 0.0002 0.0002 0.0002 0.0002 0.9995
0.0002 0.9994 0.0003 0.0001 0.0002 0.9995 0.0002 0.0001 0.0002 0.0002 0.0002 0.9994 0.0001 0.0003 0.9994 0.0002
0.9995 0.0002 0.0001 0.0002 0.0002 0.9994 0.0002 0.0001 0.0002 0.0003 0.9993 0.0002 0.0001 0.0003 0.9993 0.0002
0.0002 0.9994 0.0002 0.0001 0.9994 0.0003 0.0001 0.0002 0.9995 0.0002 0.0001 0.0002 0.0002 0.0002 0.0002 0.9994
0.0002 0.0002 0.0002 0.9994 0.0002 0.9995 0.0002 0.0001 0.0002 0.9994 0.0002 0.0001 0.9994 0.0003 0.0001 0.0002
0.9994 0.0003 0.0001 0.0002 0.0002 0.0002 0.0002 0.9994 0.0002 0.0003 0.9993 0.0002 0.0002 0.0001 0.0002 0.9995
0.9994 0.0002 0.0001 0.0002 0.0002 0.9995 0.0002 0.0001 0.0002 0.0002 0.0002 0.9994 0.0002 0.0002 0.0002 0.9995
0.0001 0.0003 0.9994 0.0002 0.9995 0.0002 0.0001 0.0002 0.0002 0.0002 0.0002 0.9995 0.0002 0.0003 0.9993 0.0002
0.0001 0.0003 0.9994 0.0002 0.0002 0.9994 0.0002 0.0001 0.0002 0.9995 0.0002 0.0001 0.9995 0.0002 0.0001 0.0002
0.0001 0.0003 0.9993 0.0002 0.0002 0.0002 0.0002 0.9994 0.0002 0.9994 0.0002 0.0001 0.0002 0.0001 0.0002 0.9995
0.9995 0.0002 0.0001 0.0002 0.9995 0.0002 0.0001 0.0002 0.0002 0.9994 0.0002 0.0001 0.0002 0.9994 0.0002 0.0001
0.0002 0.9995 0.0002 0.0001 0.0001 0.0003 0.9994 0.0002 0.0002 0.9995 0.0002 0.0001 0.0002 0.9994 0.0002 0.0001
0.0002 0.0002 0.0002 0.9994 0.0001 0.0003 0.9993 0.0002 0.0002 0.0001 0.0002 0.9995 0.0002 0.9994 0.0002 0.0001
0.0001 0.0003 0.9994 0.0002 0.0002 0.9995 0.0002 0.0001 0.9994 0.0003 0.0001 0.0002 0.0002 0.0002 0.0002 0.9994
0.0002 0.0003 0.9993 0.0002 0.0002 0.9994 0.0002 0.0001 0.0002 0.0002 0.0002 0.9995 0.0002 0.9995 0.0002 0.0001
0.9995 0.0002 0.0001 0.0002 0.9994 0.0003 0.0001 0.0002 0.0002 0.0002 0.0002 0.9994 0.9995 0.0002 0.0001 0.0002
0.9995 0.0002 0.0001 0.0002 0.9995 0.0002 0.0001 0.0002 0.0002 0.0002 0.0002 0.9994 0.0002 0.0003 0.9993 0.0002
0.0002 0.0001 0.0002 0.9995 0.0002 0.0002 0.9994 0.0002 0.0002 0.9995 0.0002 0.0001 0.0002 0.9994 0.0002 0.0001
0.0002 0.0002 0.0002 0.9995 0.0002 0.9995 0.0002 0.0001 0.9995 0.0002 0.0001 0.0002 0.9994 0.0003 0.0001 0.0002
0.0002 0.0003 0.9993 0.0002 0.0002 0.0002 0.0002 0.9994 0.9994 0.0002 0.0001 0.0002 0.9995 0.0002 0.0001 0.0002
0.0002 0.0002 0.0002 0.9994 0.9995 0.0002 0.0001 0.0002 0.9995 0.0002 0.0001 0.0002 0.9995 0.0002 0.0001 0.0002
0.0002 0.0003 0.9993 0.0002 0.0002 0.0002 0.0002 0.9994 0.0002 0.9994 0.0002 0.0001 0.0002 0.9995 0.0002 0.0001
0.0001 0.0003 0.9994 0.0002 0.0001 0.0003 0.9994 0.0002 0.9994 0.0002 0.0001 0.0002 0.0001 0.0002 0.9994 0.0002
0.0002 0.0002 0.0002 0.9994 0.0002 0.0002 0.0002 0.9994 0.0001 0.0003 0.9994 0.0002 0.0002 0.9995 0.0002 0.0001
0.0002 0.0002 0.0002 0.9995 0.0002 0.0002 0.0002 0.9995 0.0002 0.0001 0.0002 0.9995 0.0001 0.0003 0.9994 0.0002
0.0002 0.9995 0.0002 0.0001 0.0002 0.9994 0.0003 0.0001 0.0002 0.9995 0.0002 0.0001 0.0002 0.9995 0.0002 0.0001
0.0001 0.0003 0.9994 0.0002 0.0002 0.9995 0.0002 0.0001 0.0002 0.0002 0.0002 0.9995 0.0001 0.0003 0.9994 0.0002
0.0002 0.9995 0.0002 0.0001 0.0002 0.9994 0.0003 0.0001 0.0001 0.0003 0.9994 0.0002 0.0001 0.0003 0.9993 0.0002
0.9994 0.0003 0.0001 0.0002 0.0001 0.0002 0.9994 0.0002 0.0002 0.9994 0.0002 0.0001 0.0002 0.9994 0.0003 0.0001
0.0002 0.0002 0.0002 0.9994 0.0001 0.0003 0.9993 0.0002 0.0002 0.9994 0.0002 0.0001 0.0001 0.0002 0.9994 0.0002
0.0002 0.9995 0.0002 0.0001 0.0002 0.0002 0.0002 0.9994 0.9994 0.0003 0.0001 0.0002 0.9995 0.0002 0.0001 0.0002
0.9995 0.0002 0.0001 0.0002 0.0002 0.0003 0.9993 0.0002 0.0002 0.0003 0.9993 0.0002 0.9994 0.0002 0.0001 0.0002
0.0001 0.0002 0.9994 0.0002 0.0002 0.9994 0.0002 0.0001 0.9995 0.0002 0.0001 0.0002 0.9995 0.0002 0.0001 0.0002
0.0002 0.0002 0.0002 0.9994 0.0002 0.9994 0.0003 0.0001 0.0002 0.0001 0.0002 0.9995 0.0001 0.0003 0.9994 0.0002
0.0002 0.0001 0.0002 0.9995 0.0002 0.9994 0.0002 0.0001 0.0002 0.9995 0.0002 0.0001 0.0002 0.9995 0.0002 0.0001
0.0002 0.9995 0.0002 0.0001 0.0002 0.9995 0.0002 0.0001 0.0002 0.0002 0.0002 0.9994 0.0002 0.9995 0.0002 0.0001
0.9995 0.0002 0.0001 0.0002 0.0001 0.0003 0.9994 0.0002 0.9995 0.0002 0.0001 0.0002 0.0001 0.0002 0.9994 0.0002
0.0002 0.0002 0.0002 0.9994 0.0001 0.0002 0.9994 0.0002 0.9995 0.0002 0.0001 0.0002 0.9994 0.0002 0.0001 0.0002
0.9995 0.0002 0.0001 0.0002 0.9995 0.0002 0.0001 0.0002 0.0002 0.0002 0.0002 0.9994 0.0002 0.0003 0.9993 0.0002
0.0001 0.0003 0.9994 0.0002 0.0001 0.0002 0.9994 0.0002 0.0002 0.9995 0.0002 0.0001 0.0002 0.0002 0.9994 0.0002
0.0002 0.9995 0.0002 0.0001 0.0002 0.9994 0.0002 0.0001 0.0001 0.0003 0.9994 0.0002 0.0002 0.0002 0.0002 0.9994
0.9994 0.0002 0.0001 0.0002 0.0002 0.0001 0.0002 0.9995 0.9995 0.0002 0.0001 0.0002 0.9995 0.0002 0.0001 0.0002
0.9995 0.0002 0.0001 0.0002 0.0002 0.0002 0.0002 0.9994 0.0002 0.0003 0.9993 0.0002 0.9995 0.0002 0.0001 0.0002
0.9995 0.0002 0.0001 0.0002 0.0002 0.9994 0.0002 0.0001 0.0002 0.9994 0.0002 0.0001 0.9995 0.0002 0.0001 0.0002
0.9995 0.0002 0.0001 0.0002 0.0002 0.0003 0.9993 0.0002 0.9995 0.0002 0.0001 0.0002 0.0002 0.9994 0.0002 0.0001
0.9995 0.0002 0.0001 0.0002 0.0001 0.0003 0.9993 0.0002 0.0002 0.9994 0.0003 0.0001 0.9994 0.0002 0.0001 0.0002
0.0001 0.0003 0.9994 0.0002 0.0002 0.9994 0.0002 0.0001 0.0002 0.9994 0.0002 0.0001 0.0002 0.9995 0.0002 0.0001
0.0002 0.9995 0.0002 0.0001 0.0002 0.9995 0.0002 0.0001 0.0002 0.0002 0.0002 0.9994 0.0002 0.0002 0.0002 0.9994
0.0001 0.0003 0.9994 0.0002 0.0002 0.0001 0.0002 0.9995 0.0002 0.9994 0.0003 0.0001 0.0002 0.9995 0.0002 0.0001
0.9995 0.0002 0.0001 0.0002 0.9994 0.0003 0.0001 0.0002 0.0002 0.0002 0.0002 0.9994 0.0002 0.0002 0.0002 0.9994
0.0001 0.0003 0.9994 0.0002 0.0001 0.0003 0.9994 0.0002 0.0001 0.0002 0.9994 0.0002 0.0002 0.0002 0.0002 0.9995
0.0002 0.0002 0.0002 0.9994 0.0001 0.0003 0.9994 0.0002 0.0002 0.0001 0.0002 0.9995 0.0001 0.0002 0.9994 0.0002
0.0002 0.9995 0.0002 0.0001 0.0002 0.9994 0.0002 0.0001 0.0002 0.0002 0.0002 0.9995 0.0002 0.0002 0.0002 0.9994
0.9995 0.0002 0.0001 0.0002 0.0002 0.0001 0.0002 0.9995 0.0002 0.9994 0.0002 0.0001 0.9995 0.0002 0.0001 0.0002
0.0002 0.9995 0.0002 0.0001 0.0002 0.0003 0.9993 0.0002 0.0001 0.0003 0.9994 0.0002 0.0002 0.9994 0.0002 0.0001
0.0001 0.0002 0.9994 0.0002 0.9995 0.0002 0.0001 0.0002 0.0002 0.0002 0.0002 0.9994 0.0002 0.0002 0.0002 0.9994
0.0002 0.9995 0.0002 0.0001 0.0002 0.9994 0.0002 0.0001 0.0002 0.9995 0.0002 0.0001 0.0001 0.0003 0.9994 0.0002
0.9994 0.0003 0.0001 0.0002 0.0001 0.0002 0.9994 0.0002 0.0002 0.9994 0.0003 0.0001 0.9994 0.0002 0.0001 0.0002
0.0002 0.9995 0.0002 0.0001 0.0002 0.9994 0.0002 0.0001 0.0001 0.0003 0.9994 0.0002 0.0002 0.9995 0.0002 0.0001
0.9994 0.0002 0.0001 0.0002 0.9994 0.0003 0.0001 0.0002 0.0002 0.9994 0.0002 0.0001 0.0002 0.9994 0.0003 0.0001
0.0002 0.0002 0.0002 0.9994 0.0002 0.9995 0.0002 0.0001 0.0002 0.9994 0.0002 0.0001 0.0002 0.9995 0.0002 0.0001
0.0002 0.9995 0.0002 0.0001 0.0001 0.0003 0.9994 0.0002 0.0001 0.0003 0.9994 0.0002 0.0001 0.0002 0.9994 0.0002
0.0002 0.0002 0.0002 0.9994 0.0001 0.0002 0.9994 0.0002 0.0002 0.0001 0.0002 0.9995 0.0002 0.0002 0.0002 0.9994
0.0002 0.0001 0.0002 0.9995 0.0002 0.9995 0.0002 0.0001 0.0002 0.0001 0.0002 0.9995 0.0001 0.0003 0.9994 0.0002
0.0002 0.9995 0.0002 0.0001 0.0001 0.0002 0.9994 0.0002 0.0002 0.9995 0.0002 0.0001 0.0002 0.9994 0.0003 0.0001
0.0002 0.9995 0.0002 0.0001 0.0002 0.9995 0.0002 0.0001 0.9994 0.0003 0.0001 0.0002 0.0001 0.0003 0.9994 0.0002
0.0002 0.9994 0.0003 0.0001 0.0002 0.0002 0.0002 0.9994 0.0002 0.9995 0.0002 0.0001 0.0002 0.9995 0.0002 0.0001
0.9994 0.0003 0.0001 0.0002 0.0001 0.0003 0.9994 0.0002 0.0002 0.0003 0.9993 0.0002 0.0002 0.9995 0.0002 0.0001
0.0002 0.9994 0.0003 0.0001 0.0002 0.9995 0.0002 0.0001 0.0002 0.9995 0.0002 0.0001 0.0002 0.9995 0.0002 0.0001
0.0001 0.0003 0.9994 0.0002 0.0002 0.9995 0.0002 0.0001 0.0002 0.9994 0.0003 0.0001 0.0002 0.9995 0.0002 0.0001
0.0002 0.9995 0.0002 0.0001 0.0002 0.9995 0.0002 0.0001 0.0001 0.0003 0.9994 0.0002 0.0001 0.0003 0.9993 0.0002
0.0002 0.0002 0.0002 0.9994 0.0001 0.0002 0.9994 0.0002 0.0001 0.0003 0.9994 0.0002 0.0001 0.0002 0.9994 0.0002
0.0002 0.9995 0.0002 0.0001 0.0001 0.0002 0.9994 0.0002 0.0002 0.9995 0.0002 0.0001 0.0002 0.9994 0.0003 0.0001
0.0001 0.0003 0.9994 0.0002 0.0002 0.0002 0.0002 0.9994 0.0002 0.9994 0.0003 0.0001 0.0002 0.0001 0.0002 0.9995
0.0002 0.0002 0.0002 0.9994 0.0001 0.0003 0.9994 0.0002 0.0001 0.0003 0.9994 0.0002 0.9994 0.0003 0.0001 0.0002
0.0002 0.9994 0.0003 0.0001 0.0002 0.9994 0.0002 0.0001 0.0001 0.0003 0.9993 0.0002 0.0002 0.0002 0.0002 0.9994
0.9994 0.0003 0.0001 0.0002 0.0002 0.0001 0.0002 0.9995 0.9995 0.0002 0.0001 0.0002 0.0002 0.0001 0.0002 0.9995
0.9995 0.0002 0.0001 0.0002 0.0002 0.9995 0.0002 0.0001 0.0002 0.9994 0.0003 0.0001 0.0001 0.0003 0.9994 0.0002
0.0001 0.0003 0.9994 0.0002 0.9994 0.0003 0.0001 0.0002 0.9994 0.0002 0.0001 0.0002 0.0002 0.0002 0.0002 0.9994
0.0002 0.0002 0.0002 0.9994 0.0002 0.0001 0.0002 0.9995 0.9995 0.0002 0.0001 0.0002 0.0001 0.0003 0.9994 0.0002
0.9995 0.0002 0.0001 0.0002 0.9994 0.0002 0.0001 0.0002 0.0002 0.0003 0.9993 0.0002 0.0002 0.0002 0.0002 0.9994
0.9995 0.0002 0.0001 0.0002 0.0002 0.9995 0.0002 0.0001 0.0002 0.0003 0.9993 0.0002 0.0002 0.0002 0.0002 0.9995
0.9995 0.0002 0.0001 0.0002 0.9995 0.0002 0.0001 0.0002 0.9995 0.0002 0.0001 0.0002 0.9995 0.0002 0.0001 0.0002
0.0002 0.9994 0.0003 0.0001 0.0002 0.9994 0.0002 0.0001 0.0002 0.9995 0.0002 0.0001 0.9995 0.0002 0.0001 0.0002
0.9994 0.0002 0.0001 0.0002 0.9995 0.0002 0.0001 0.0002 0.0002 0.9994 0.0003 0.0001 0.9995 0.0002 0.0001 0.0002
0.0002 0.9995 0.0002 0.0001 0.9995 0.0002 0.0001 0.0002 0.0002 0.0002 0.0002 0.9994 0.0002 0.0003 0.9993 0.0002
0.0001 0.0003 0.9994 0.0002 0.0002 0.0002 0.9994 0.0002 0.9994 0.0002 0.0001 0.0002 0.0002 0.0002 0.0002 0.9994
0.0002 0.9994 0.0002 0.0001 0.9995 0.0002 0.0001 0.0002 0.0002 0.9995 0.0002 0.0001 0.0002 0.9994 0.0002 0.0001
0.0001 0.0003 0.9994 0.0002 0.9995 0.0002 0.0001 0.0002 0.0002 0.9994 0.0003 0.0001 0.0002 0.0002 0.0002 0.9994
0.0002 0.0002 0.0002 0.9994 0.9995 0.0002 0.0001 0.0002 0.0002 0.0001 0.0002 0.9995 0.0002 0.9994 0.0002 0.0001
0.0002 0.9995 0.0002 0.0001 0.0002 0.9995 0.0002 0.0001 0.0002 0.0002 0.0002 0.9995 0.9994 0.0002 0.0001 0.0002
0.0002 0.0001 0.0002 0.9995 0.0002 0.0003 0.9993 0.0002 0.0002 0.9995 0.0002 0.0001 0.0002 0.9994 0.0003 0.0001
0.0002 0.0002 0.0002 0.9995 0.0001 0.0003 0.9993 0.0002 0.0002 0.9995 0.0002 0.0001 0.0002 0.9994 0.0002 0.0001
0.0001 0.0003 0.9994 0.0002 0.0002 0.0002 0.0002 0.9994 0.0001 0.0002 0.9994 0.0002 0.0002 0.0001 0.0002 0.9995
0.0001 0.0002 0.9994 0.0002 0.0002 0.9995 0.0002 0.0001 0.0002 0.0002 0.0002 0.9994 0.0001 0.0003 0.9994 0.0002
0.0002 0.9995 0.0002 0.0001 0.0002 0.9994 0.0002 0.0001 0.0002 0.9995 0.0002 0.0001 0.0002 0.0002 0.0002 0.9994
0.0001 0.0003 0.9994 0.0002 0.0002 0.9994 0.0002 0.0001 0.0001 0.0002 0.9994 0.0002 0.0002 0.0002 0.0002 0.9994
0.9994 0.0002 0.0001 0.0002 0.9995 0.0002 0.0001 0.0002 0.0002 0.0002 0.0002 0.9994 0.0002 0.0003 0.9993 0.0002
0.0002 0.9995 0.0002 0.0001 0.0001 0.0002 0.9994 0.0002 0.9994 0.0003 0.0001 0.0002 0.9994 0.0002 0.0001 0.0002
0.0002 0.9994 0.0002 0.0001 0.0002 0.9994 0.0002 0.0001 0.9995 0.0002 0.0001 0.0002 0.9995 0.0002 0.0001 0.0002
0.9995 0.0002 0.0001 0.0002 0.9995 0.0002 0.0001 0.0002 0.0002 0.0003 0.9993 0.0002 0.0002 0.0003 0.9993 0.0002
0.0002 0.0002 0.9994 0.0002 0.0002 0.0002 0.0002 0.9994 0.0002 0.9994 0.0002 0.0001 0.0002 0.9995 0.0002 0.0001
0.9995 0.0002 0.0001 0.0002 0.9994 0.0002 0.0001 0.0002 0.0002 0.0003 0.9993 0.0002 0.0002 0.9994 0.0002 0.0001
0.0002 0.9994 0.0002 0.0001 0.0002 0.0002 0.0002 0.9994 0.9995 0.0002 0.0001 0.0002 0.0002 0.0001 0.0002 0.9995
0.0002 0.0003 0.9993 0.0002 0.0002 0.9995 0.0002 0.0001 0.0002 0.0002 0.0002 0.9994 0.0001 0.0003 0.9994 0.0002
0.0002 0.0002 0.0002 0.9995 0.0001 0.0002 0.9994 0.0002 0.0002 0.9995 0.0002 0.0001 0.0001 0.0002 0.9994 0.0002
0.0001 0.0003 0.9994 0.0002 0.0001 0.0002 0.9994 0.0002 0.0001 0.0002 0.9994 0.0002 0.0002 0.0002 0.0002 0.9994
0.0002 0.0002 0.0002 0.9994 0.0002 0.9995 0.0002 0.0001 0.9995 0.0002 0.0001 0.0002 0.0001 0.0003 0.9994 0.0002
0.0002 0.9994 0.0002 0.0001 0.0002 0.0002 0.0002 0.9995 0.0002 0.9995 0.0002 0.0001 0.0002 0.9995 0.0002 0.0001
0.0002 0.9995 0.0002 0.0001 0.0002 0.9995 0.0002 0.0001 0.0002 0.0002 0.0002 0.9994 0.0002 0.0002 0.0002 0.9994
0.0002 0.9994 0.0002 0.0001 0.0002 0.9994 0.0002 0.0001 0.0002 0.9995 0.0002 0.0001 0.0002 0.9995 0.0002 0.0001
0.9994 0.0003 0.0001 0.0002 0.9994 0.0003 0.0001 0.0002 0.0002 0.0003 0.9993 0.0002 0.0002 0.0002 0.0002 0.9994
0.0001 0.0002 0.9994 0.0002 0.0001 0.0003 0.9994 0.0002 0.0002 0.9994 0.0002 0.0001 0.9994 0.0003 0.0001 0.0002
0.0001 0.0003 0.9993 0.0002 0.0002 0.0002 0.0002 0.9994 0.0001 0.0002 0.9994 0.0002 0.0002 0.0001 0.0002 0.9995
0.0002 0.0002 0.0002 0.9994 0.0002 0.0001 0.0002 0.9995 0.9995 0.0002 0.0001 0.0002 0.0002 0.0001 0.0002 0.9995
0.0002 0.0002 0.0002 0.9994 0.0001 0.0003 0.9994 0.0002 0.0001 0.0003 0.9994 0.0002 0.0002 0.0002 0.0002 0.9995
0.0002 0.9995 0.0002 0.0001 0.0002 0.0001 0.0002 0.9995 0.0002 0.0002 0.0002 0.9994 0.9995 0.0002 0.0001 0.0002
0.0002 0.0001 0.0002 0.9995 0.0002 0.9994 0.0002 0.0001 0.0002 0.0001 0.0002 0.9995 0.0001 0.0003 0.9994 0.0002
0.0002 0.0001 0.0002 0.9995 0.9994 0.0002 0.0001 0.0002 0.0002 0.9995 0.0002 0.0001 0.0002 0.9994 0.0002 0.0001
0.9994 0.0003 0.0001 0.0002 0.9995 0.0002 0.0001 0.0002 0.0002 0.9994 0.0002 0.0001 0.0002 0.9994 0.0003 0.0001
0.0001 0.0003 0.9994 0.0002 0.0001 0.0003 0.9994 0.0002 0.0001 0.0002 0.9994 0.0002 0.9994 0.0002 0.0001 0.0002
0.0002 0.0002 0.0002 0.9994 0.0002 0.9994 0.0002 0.0001 0.0002 0.0001 0.0002 0.9995 0.0002 0.0002 0.0002 0.9994
0.0001 0.0003 0.9994 0.0002 0.0002 0.0001 0.0002 0.9995 0.0001 0.0002 0.9994 0.0002 0.0002 0.0001 0.0002 0.9995
0.0002 0.9994 0.0002 0.0001 0.0002 0.9995 0.0002 0.0001 0.0001 0.0003 0.9993 0.0002 0.0002 0.0002 0.0002 0.9995
0.9994 0.0002 0.0001 0.0002 0.9995 0.0002 0.0001 0.0002 0.0002 0.9994 0.0002 0.0001 0.0002 0.9994 0.0002 0.0001
0.0002 0.0002 0.0002 0.9994 0.0002 0.9995 0.0002 0.0001 0.0002 0.9994 0.0002 0.0001 0.0002 0.9995 0.0002 0.0001
0.0002 0.0002 0.0002 0.9994 0.0002 0.0002 0.0002 0.9994 0.0001 0.0003 0.9994 0.0002 0.0002 0.9994 0.0002 0.0001
0.0002 0.0002 0.0002 0.9995 0.9994 0.0003 0.0001 0.0002 0.9995 0.0002 0.0001 0.0002 0.9995 0.0002 0.0001 0.0002
0.9995 0.0002 0.0001 0.0002 0.0002 0.9994 0.0003 0.0001 0.0002 0.0002 0.0002 0.9994 0.0001 0.0003 0.9994 0.0002
0.0002 0.0001 0.0002 0.9995 0.0001 0.0002 0.9994 0.0002 0.0002 0.0001 0.0002 0.9995 0.9995 0.0002 0.0001 0.0002
0.0002 0.0001 0.0002 0.9995 0.0002 0.0003 0.9993 0.0002 0.0002 0.9995 0.0002 0.0001 0.0002 0.9994 0.0002 0.0001
0.9994 0.0003 0.0001 0.0002 0.0002 0.9995 0.0002 0.0001 0.0002 0.0002 0.0002 0.9994 0.0002 0.9995 0.0002 0.0001
0.0002 0.9994 0.0002 0.0001 0.0001 0.0003 0.9994 0.0002 0.0001 0.0003 0.9994 0.0002 0.0002 0.0002 0.0002 0.9994
0.0002 0.0002 0.0002 0.9995 0.9995 0.0002 0.0001 0.0002 0.0001 0.0003 0.9994 0.0002 0.0002 0.0002 0.0002 0.9994
0.0002 0.0002 0.0002 0.9995 0.0002 0.9994 0.0002 0.0001 0.9995 0.0002 0.0001 0.0002 0.9994 0.0003 0.0001 0.0002
0.0002 0.0003 0.9993 0.0002 0.0002 0.0002 0.0002 0.9994 0.0002 0.9994 0.0002 0.0001 0.0001 0.0003 0.9994 0.0002
0.0002 0.0002 0.0002 0.9994 0.0001 0.0002 0.9994 0.0002 0.0002 0.0001 0.0002 0.9995 0.9995 0.0002 0.0001 0.0002
0.0002 0.9995 0.0002 0.0001 0.0002 0.0002 0.0002 0.9994 0.0001 0.0003 0.9994 0.0002 0.0002 0.0001 0.0002 0.9995
0.0002 0.0002 0.0002 0.9995 0.0002 0.9995 0.0002 0.0001 0.9995 0.0002 0.0001 0.0002 0.9994 0.0003 0.0001 0.0002
0.9995 0.0002 0.0001 0.0002 0.9995 0.0002 0.0001 0.0002 0.0002 0.0003 0.9993 0.0002 0.0002 0.0003 0.9993 0.0002
0.9994 0.0002 0.0001 0.0002 0.9995 0.0002 0.0001 0.0002 0.9995 0.0002 0.0001 0.0002 0.0002 0.9994 0.0002 0.0001
0.0002 0.0003 0.9993 0.0002 0.0001 0.0003 0.9994 0.0002 0.0002 0.0002 0.9994 0.0002 0.0001 0.0002 0.9994 0.0002
0.0002 0.0002 0.0002 0.9994 0.0002 0.0002 0.9994 0.0002 0.0001 0.0003 0.9994 0.0002 0.0002 0.0002 0.0002 0.9994
0.9994 0.0002 0.0001 0.0002 0.9995 0.0002 0.0001 0.0002 0.0002 0.9994 0.0002 0.0001 0.0002 0.0003 0.9993 0.0002
0.9995 0.0002 0.0001 0.0002 0.9994 0.0002 0.0001 0.0002 0.0002 0.0003 0.9993 0.0002 0.0002 0.0002 0.0002 0.9994
0.9995 0.0002 0.0001 0.0002 0.9995 0.0002 0.0001 0.0002 0.9995 0.0002 0.0001 0.0002 0.9995 0.0002 0.0001 0.0002
0.0002 0.0003 0.9993 0.0002 0.0002 0.0003 0.9993 0.0002 0.0002 0.9994 0.0002 0.0001 0.0002 0.9994 0.0002 0.0001
0.9995 0.0002 0.0001 0.0002 0.0002 0.9995 0.0002 0.0001 0.0002 0.9994 0.0002 0.0001 0.9994 0.0002 0.0001 0.0002
0.0002 0.9995 0.0002 0.0001 0.0002 0.0003 0.9993 0.0002 0.0001 0.0003 0.9994 0.0002 0.0002 0.0002 0.0002 0.9994
0.0002 0.9994 0.0003 0.0001 0.0002 0.9995 0.0002 0.0001 0.0002 0.9995 0.0002 0.0001 0.0002 0.0002 0.0002 0.9995
0.9994 0.0003 0.0001 0.0002 0.0002 0.0001 0.0002 0.9995 0.0002 0.0002 0.0002 0.9994 0.0002 0.0001 0.0002 0.9995
0.0002 0.0001 0.0002 0.9995 0.9995 0.0002 0.0001 0.0002 0.9995 0.0002 0.0001 0.0002 0.9995 0.0002 0.0001 0.0002
0.9995 0.0002 0.0001 0.0002 0.9995 0.0002 0.0001 0.0002 0.9995 0.0002 0.0001 0.0002 0.9995 0.0002 0.0001 0.0002
0.0002 0.0003 0.9993 0.0002 0.0002 0.9994 0.0003 0.0001 0.9995 0.0002 0.0001 0.0002 0.0002 0.9995 0.0002 0.0001
0.0002 0.9994 0.0002 0.0001 0.0002 0.9995 0.0002 0.0001 0.0002 0.0002 0.0002 0.9994 0.0001 0.0003 0.9994 0.0002
0.0001 0.0003 0.9994 0.0002 0.0002 0.0002 0.0002 0.9994 0.0002 0.0002 0.0002 0.9995 0.0001 0.0003 0.9994 0.0002
0.9995 0.0002 0.0001 0.0002 0.9994 0.0002 0.0001 0.0002 0.9995 0.0002 0.0001 0.0002 0.0002 0.0003 0.9993 0.0002
0.0002 0.9994 0.0002 0.0001 0.0002 0.9994 0.0002 0.0001 0.9995 0.0002 0.0001 0.0002 0.9995 0.0002 0.0001 0.0002
0.0002 0.0003 0.9993 0.0002 0.0002 0.0002 0.0002 0.9994 0.0001 0.0002 0.9994 0.0002 0.0002 0.0001 0.0002 0.9995
0.9995 0.0002 0.0001 0.0002 0.0002 0.0001 0.0002 0.9995 0.9995 0.0002 0.0001 0.0002 0.9995 0.0002 0.0001 0.0002
0.0002 0.0002 0.0002 0.9994 0.0002 0.0003 0.9993 0.0002 0.0002 0.0002 0.0002 0.9995 0.0002 0.9994 0.0002 0.0001
0.0001 0.0003 0.9994 0.0002 0.0002 0.9995 0.0002 0.0001 0.0002 0.9995 0.0002 0.0001 0.0002 0.9995 0.0002 0.0001
0.9995 0.0002 0.0001 0.0002 0.9994 0.0003 0.0001 0.0002 0.9995 0.0002 0.0001 0.0002 0.0002 0.0002 0.0002 0.9994
0.0002 0.0002 0.0002 0.9994 0.0002 0.9994 0.0002 0.0001 0.0001 0.0003 0.9994 0.0002 0.9994 0.0003 0.0001 0.0002
0.0001 0.0002 0.9994 0.0002 0.0002 0.0002 0.0002 0.9994 0.0002 0.0002 0.9994 0.0002 0.0002 0.0001 0.0002 0.9995
0.9995 0.0002 0.0001 0.0002 0.0002 0.9995 0.0002 0.0001 0.0002 0.0003 0.9993 0.0002 0.0002 0.9995 0.0002 0.0001
0.9995 0.0002 0.0001 0.0002 0.0002 0.9995 0.0002 0.0001 0.0002 0.9994 0.0002 0.0001 0.0002 0.9995 0.0002 0.0001
0.9995 0.0002 0.0001 0.0002 0.0002 0.0002 0.0002 0.9994 0.0002 0.0003 0.9993 0.0002 0.0002 0.0001 0.0002 0.9995
0.0001 0.0002 0.9994 0.0002 0.0001 0.0003 0.9994 0.0002 0.0002 0.9994 0.0002 0.0001 0.0002 0.9994 0.0002 0.0001
0.0002 0.0002 0.0002 0.9994 0.0001 0.0003 0.9993 0.0002 0.0002 0.0001 0.0002 0.9995 0.9994 0.0003 0.0001 0.0002
0.0001 0.0003 0.9994 0.0002 0.9995 0.0002 0.0001 0.0002 0.0001 0.0002 0.9994 0.0002 0.0002 0.0003 0.9993 0.0002
0.0002 0.9994 0.0002 0.0001 0.0002 0.0002 0.0002 0.9994 0.0002 0.0002 0.0002 0.9994 0.0002 0.0002 0.0002 0.9995
0.0001 0.0003 0.9994 0.0002 0.0002 0.0001 0.0002 0.9995 0.0002 0.9994 0.0003 0.0001 0.0002 0.0001 0.0002 0.9995
0.0001 0.0003 0.9993 0.0002 0.0002 0.9995 0.0002 0.0001 0.0002 0.0002 0.0002 0.9995 0.0002 0.0002 0.0002 0.9995
0.0002 0.9995 0.0002 0.0001 0.0002 0.9995 0.0002 0.0001 0.0001 0.0003 0.9994 0.0002 0.0002 0.0002 0.0002 0.9995
0.0002 0.9995 0.0002 0.0001 0.0002 0.9995 0.0002 0.0001 0.0002 0.9995 0.0002 0.0001 0.9994 0.0003 0.0001 0.0002
0.0002 0.0002 0.0002 0.9994 0.9995 0.0002 0.0001 0.0002 0.0001 0.0003 0.9994 0.0002 0.0002 0.0002 0.0002 0.9994
0.0001 0.0002 0.9994 0.0002 0.9995 0.0002 0.0001 0.0002 0.0001 0.0002 0.9994 0.0002 0.9995 0.0002 0.0001 0.0002
0.0002 0.0002 0.0002 0.9994 0.0002 0.0003 0.9993 0.0002 0.0001 0.0003 0.9994 0.0002 0.0002 0.0002 0.0002 0.9994
0.9994 0.0003 0.0001 0.0002 0.0002 0.9995 0.0002 0.0001 0.0002 0.0003 0.9993 0.0002 0.0001 0.0003 0.9994 0.0002
0.0001 0.0002 0.9994 0.0002 0.9994 0.0002 0.0001 0.0002 0.0002 0.0002 0.0002 0.9994 0.0002 0.0002 0.0002 0.9994
0.0002 0.0001 0.0002 0.9995 0.0002 0.9995 0.0002 0.0001 0.0002 0.9995 0.0002 0.0001 0.0002 0.9995 0.0002 0.0001
0.9994 0.0003 0.0001 0.0002 0.0002 0.9995 0.0002 0.0001 0.0002 0.0002 0.0002 0.9994 0.9994 0.0003 0.0001 0.0002
0.0002 0.9994 0.0002 0.0001 0.0002 0.0002 0.0002 0.9994 0.0001 0.0003 0.9994 0.0002 0.0002 0.0001 0.0002 0.9995
0.0002 0.9994 0.0002 0.0001 0.9995 0.0002 0.0001 0.0002 0.9995 0.0002 0.0001 0.0002 0.9995 0.0002 0.0001 0.0002
0.9995 0.0002 0.0001 0.0002 0.9995 0.0002 0.0001 0.0002 0.0002 0.0003 0.9993 0.0002 0.0002 0.0002 0.0002 0.9994
0.0001 0.0002 0.9994 0.0002 0.0002 0.9995 0.0002 0.0001 0.0002 0.9994 0.0002 0.0001 0.0002 0.9995 0.0002 0.0001
0.0002 0.0002 0.0002 0.9994 0.9994 0.0002 0.0001 0.0002 0.0002 0.0001 0.0002 0.9995 0.0002 0.0003 0.9993 0.0002
0.0002 0.9995 0.0002 0.0001 0.0002 0.9994 0.0003 0.0001 0.0002 0.9995 0.0002 0.0001 0.0001 0.0003 0.9993 0.0002
0.0002 0.9995 0.0002 0.0001 0.0001 0.0002 0.9994 0.0002 0.0001 0.0003 0.9994 0.0002 0.0002 0.0002 0.0002 0.9994
0.0002 0.9994 0.0003 0.0001 0.0002 0.9995 0.0002 0.0001 0.9995 0.0002 0.0001 0.0002 0.9994 0.0003 0.0001 0.0002
0.9995 0.0002 0.0001 0.0002 0.9995 0.0002 0.0001 0.0002 0.0002 0.9994 0.0003 0.0001 0.0002 0.9994 0.0003 0.0001
0.0002 0.0002 0.0002 0.9994 0.0002 0.9995 0.0002 0.0001 0.0002 0.0001 0.0002 0.9995 0.0001 0.0003 0.9994 0.0002
0.0001 0.0003 0.9994 0.0002 0.0002 0.9994 0.0003 0.0001 0.9994 0.0003 0.0001 0.0002 0.0002 0.0002 0.0002 0.9994
0.0002 0.0003 0.9993 0.0002 0.0002 0.9994 0.0002 0.0001 0.0002 0.9994 0.0002 0.0001 0.0002 0.9995 0.0002 0.0001
0.0002 0.0002 0.0002 0.9994 0.0001 0.0003 0.9994 0.0002 0.0002 0.9995 0.0002 0.0001 0.0001 0.0002 0.9994 0.0002
0.0002 0.9995 0.0002 0.0001 0.0002 0.9994 0.0003 0.0001 0.9994 0.0003 0.0001 0.0002 0.9995 0.0002 0.0001 0.0002
0.9995 0.0002 0.0001 0.0002 0.9995 0.0002 0.0001 0.0002 0.0002 0.0002 0.0002 0.9994 0.0002 0.0003 0.9993 0.0002
0.9995 0.0002 0.0001 0.0002 0.0002 0.0002 0.0002 0.9994 0.0002 0.0003 0.9993 0.0002 0.9995 0.0002 0.0001 0.0002
0.0002 0.9994 0.0002 0.0001 0.9995 0.0002 0.0001 0.0002 0.0002 0.0002 0.0002 0.9994 0.9995 0.0002 0.0001 0.0002
0.0002 0.9995 0.0002 0.0001 0.0002 0.9994 0.0003 0.0001 0.9994 0.0003 0.0001 0.0002 0.9995 0.0002 0.0001 0.0002
0.9995 0.0002 0.0001 0.0002 0.9995 0.0002 0.0001 0.0002 0.0002 0.0003 0.9993 0.0002 0.0002 0.0002 0.0002 0.9994
0.0002 0.0002 0.0002 0.9994 0.0002 0.0002 0.0002 0.9995 0.9995 0.0002 0.0001 0.0002 0.9995 0.0002 0.0001 0.0002
0.0002 0.0003 0.9993 0.0002 0.0002 0.0003 0.9993 0.0002 0.0002 0.0002 0.0002 0.9995 0.0001 0.0002 0.9994 0.0002
0.0002 0.0001 0.0002 0.9995 0.0002 0.0002 0.9994 0.0002 0.0001 0.0003 0.9994 0.0002 0.0002 0.0002 0.9994 0.0002
0.9994 0.0002 0.0001 0.0002 0.9995 0.0002 0.0001 0.0002 0.0002 0.9994 0.0002 0.0001 0.9995 0.0002 0.0001 0.0002
0.0002 0.9995 0.0002 0.0001 0.0002 0.9994 0.0003 0.0001 0.0002 0.0002 0.0002 0.9994 0.0002 0.0002 0.0002 0.9994
0.0001 0.0003 0.9994 0.0002 0.0002 0.0001 0.0002 0.9995 0.9994 0.0002 0.0001 0.0002 0.0002 0.9995 0.0002 0.0001
0.9995 0.0002 0.0001 0.0002 0.9994 0.0003 0.0001 0.0002 0.0002 0.9994 0.0003 0.0001 0.0002 0.9994 0.0002 0.0001
0.0002 0.0002 0.0002 0.9994 0.9995 0.0002 0.0001 0.0002 0.0001 0.0003 0.9994 0.0002 0.0002 0.0003 0.9993 0.0002
0.0001 0.0002 0.9994 0.0002 0.0002 0.0002 0.0002 0.9994 0.0002 0.0002 0.0002 0.9994 0.0001 0.0003 0.9994 0.0002
0.9995 0.0002 0.0001 0.0002 0.9994 0.0002 0.0001 0.0002 0.0002 0.0003 0.9993 0.0002 0.0002 0.9994 0.0002 0.0001
0.9994 0.0002 0.0001 0.0002 0.9995 0.0002 0.0001 0.0002 0.0002 0.0002 0.0002 0.9994 0.0002 0.0003 0.9993 0.0002
0.0002 0.0001 0.0002 0.9995 0.0002 0.0002 0.0002 0.9994 0.0001 0.0003 0.9994 0.0002 0.0002 0.0002 0.0002 0.9995
0.0002 0.9995 0.0002 0.0001 0.0001 0.0003 0.9994 0.0002 0.9995 0.0002 0.0001 0.0002 0.9994 0.0003 0.0001 0.0002
0.0002 0.0002 0.0002 0.9994 0.9995 0.0002 0.0001 0.0002 0.0001 0.0003 0.9994 0.0002 0.9995 0.0002 0.0001 0.0002
0.0001 0.0002 0.9994 0.0002 0.0002 0.0002 0.0002 0.9994 0.0002 0.0002 0.9994 0.0002 0.0001 0.0003 0.9994 0.0002
0.0002 0.0002 0.0002 0.9994 0.0001 0.0002 0.9994 0.0002 0.0002 0.9995 0.0002 0.0001 0.0002 0.9994 0.0002 0.0001
0.0002 0.0002 0.0002 0.9995 0.0001 0.0003 0.9993 0.0002 0.0001 0.0003 0.9994 0.0002 0.0002 0.0002 0.0002 0.9995
0.0002 0.9994 0.0003 0.0001 0.9995 0.0002 0.0001 0.0002 0.9995 0.0002 0.0001 0.0002 0.0002 0.0003 0.9993 0.0002
0.0002 0.0002 0.0002 0.9994 0.0001 0.0002 0.9994 0.0002 0.9995 0.0002 0.0001 0.0002 0.0002 0.0002 0.0002 0.9994
0.0002 0.9994 0.0002 0.0001 0.0001 0.0003 0.9994 0.0002 0.9995 0.0002 0.0001 0.0002 0.0001 0.0002 0.9994 0.0002
0.0002 0.9994 0.0003 0.0001 0.0002 0.9994 0.0002 0.0001 0.0002 0.0002 0.0002 0.9994 0.0002 0.0002 0.0002 0.9994
0.0002 0.9994 0.0002 0.0001 0.0002 0.9995 0.0002 0.0001 0.0001 0.0003 0.9994 0.0002 0.0002 0.9995 0.0002 0.0001
0.9994 0.0003 0.0001 0.0002 0.9994 0.0003 0.0001 0.0002 0.9995 0.0002 0.0001 0.0002 0.9995 0.0002 0.0001 0.0002
0.0002 0.0003 0.9993 0.0002 0.9995 0.0002 0.0001 0.0002 0.0002 0.0002 0.0002 0.9994 0.0002 0.0003 0.9993 0.0002
0.0001 0.0003 0.9994 0.0002 0.0002 0.0002 0.0002 0.9994 0.9994 0.0002 0.0001 0.0002 0.0001 0.0003 0.9994 0.0002
0.9995 0.0002 0.0001 0.0002 0.0001 0.0002 0.9994 0.0002 0.9995 0.0002 0.0001 0.0002 0.9995 0.0002 0.0001 0.0002
0.0002 0.0003 0.9993 0.0002 0.0002 0.9994 0.0002 0.0001 0.0002 0.0002 0.0002 0.9994 0.0002 0.9995 0.0002 0.0001
