0.1232 0.1119 0.6296 0.1353 0.1535 0.0826 0.1040 0.6599 0.0629 0.0292 0.2539 0.6541 0.0211 0.0064 0.0093 0.9631
0.8335 0.0075 0.0165 0.1426 0.7273 0.0056 0.0043 0.2628 0.0504 0.0055 0.9212 0.0228 0.1107 0.8504 0.0077 0.0312
0.9924 0.0013 0.0034 0.0029 0.0012 0.9972 0.0009 0.0007 0.9987 0.0004 0.0002 0.0007 0.9928 0.0050 0.0005 0.0016
0.0018 0.0005 0.0006 0.9972 0.0012 0.9974 0.0009 0.0006 0.0006 0.9978 0.0008 0.0009 0.0005 0.0007 0.0005 0.9983
0.0004 0.0005 0.0004 0.9987 0.0003 0.0007 0.9981 0.0009 0.0003 0.9987 0.0006 0.0004 0.0003 0.9986 0.0008 0.0003
0.0003 0.9990 0.0005 0.0002 0.9985 0.0007 0.0002 0.0006 0.9985 0.0007 0.0002 0.0005 0.0004 0.9988 0.0005 0.0003
0.0004 0.9988 0.0005 0.0003 0.0003 0.9990 0.0005 0.0002 0.0003 0.9990 0.0005 0.0002 0.0003 0.9990 0.0005 0.0002
0.0002 0.0006 0.9987 0.0004 0.9987 0.0006 0.0002 0.0005 0.0004 0.0003 0.0004 0.9989 0.0003 0.0006 0.9986 0.0005
0.0004 0.0003 0.0003 0.9990 0.9988 0.0005 0.0002 0.0004 0.0003 0.9989 0.0005 0.0003 0.0004 0.9988 0.0005 0.0002
0.0004 0.0003 0.0004 0.9989 0.0004 0.0003 0.0004 0.9988 0.0003 0.9989 0.0005 0.0003 0.9989 0.0005 0.0002 0.0004
0.9988 0.0005 0.0002 0.0005 0.9989 0.0005 0.0002 0.0004 0.0004 0.9988 0.0005 0.0002 0.9989 0.0004 0.0002 0.0004
0.0004 0.9989 0.0005 0.0002 0.0004 0.9988 0.0005 0.0003 0.0003 0.9990 0.0005 0.0002 0.9989 0.0005 0.0002 0.0004
0.0004 0.9990 0.0005 0.0002 0.0004 0.9988 0.0005 0.0002 0.0003 0.0006 0.9987 0.0004 0.9989 0.0005 0.0002 0.0004
0.0004 0.9989 0.0005 0.0002 0.0004 0.9988 0.0005 0.0002 0.0004 0.9989 0.0005 0.0002 0.0005 0.0003 0.0004 0.9988
0.0004 0.0003 0.0004 0.9988 0.0003 0.0005 0.9988 0.0004 0.0004 0.9989 0.0005 0.0003 0.0004 0.9989 0.0005 0.0002
0.0003 0.0006 0.9987 0.0005 0.0005 0.0003 0.0004 0.9988 0.0003 0.0005 0.9988 0.0004 0.0004 0.0003 0.0003 0.9990
0.0003 0.0005 0.9988 0.0004 0.0004 0.9989 0.0005 0.0002 0.9989 0.0005 0.0002 0.0004 0.0003 0.9990 0.0005 0.0002
0.9990 0.0004 0.0002 0.0004 0.0002 0.0006 0.9987 0.0005 0.9989 0.0004 0.0002 0.0004 0.9988 0.0005 0.0002 0.0005
0.0005 0.0003 0.0004 0.9988 0.0003 0.0006 0.9986 0.0005 0.0003 0.0005 0.9988 0.0004 0.0004 0.9989 0.0005 0.0002
0.0003 0.0005 0.9988 0.0004 0.0005 0.0003 0.0004 0.9988 0.0004 0.9989 0.0005 0.0002 0.0004 0.9989 0.0005 0.0002
0.9989 0.0005 0.0002 0.0004 0.9988 0.0005 0.0002 0.0004 0.0004 0.9988 0.0005 0.0002 0.0005 0.0003 0.0004 0.9988
0.0005 0.0003 0.0004 0.9988 0.0003 0.0005 0.9988 0.0004 0.0002 0.0005 0.9988 0.0004 0.0004 0.0003 0.0004 0.9989
0.0003 0.0005 0.9988 0.0004 0.0004 0.9989 0.0005 0.0002 0.9989 0.0005 0.0002 0.0004 0.0003 0.0006 0.9987 0.0005
0.9990 0.0004 0.0002 0.0004 0.9988 0.0005 0.0002 0.0004 0.9989 0.0004 0.0002 0.0004 0.0004 0.9988 0.0005 0.0002
0.0005 0.0003 0.0004 0.9988 0.0003 0.0006 0.9987 0.0004 0.0004 0.0003 0.0004 0.9989 0.0003 0.0005 0.9988 0.0004
0.0003 0.0005 0.9988 0.0004 0.0005 0.0003 0.0004 0.9988 0.0003 0.0005 0.9988 0.0004 0.0003 0.0006 0.9987 0.0005
0.9989 0.0005 0.0002 0.0004 0.9988 0.0005 0.0002 0.0004 0.0003 0.0006 0.9986 0.0005 0.9990 0.0004 0.0002 0.0004
0.0003 0.0005 0.9988 0.0004 0.0005 0.0003 0.0004 0.9988 0.9989 0.0005 0.0002 0.0004 0.0004 0.9989 0.0005 0.0002
0.0003 0.0006 0.9986 0.0005 0.0004 0.0003 0.0004 0.9989 0.9989 0.0005 0.0002 0.0004 0.0004 0.9989 0.0005 0.0002
0.0005 0.0003 0.0004 0.9988 0.0004 0.0003 0.0004 0.9989 0.9990 0.0004 0.0002 0.0004 0.0002 0.0005 0.9988 0.0005
0.9989 0.0005 0.0002 0.0004 0.0004 0.0003 0.0004 0.9989 0.0003 0.0006 0.9987 0.0005 0.0003 0.0005 0.9987 0.0005
0.9989 0.0005 0.0002 0.0004 0.9988 0.0005 0.0002 0.0005 0.0003 0.0006 0.9986 0.0005 0.0005 0.0003 0.0004 0.9988
0.0004 0.0003 0.0004 0.9989 0.0004 0.9989 0.0005 0.0002 0.0004 0.9989 0.0005 0.0002 0.9988 0.0005 0.0002 0.0004
0.0003 0.0006 0.9987 0.0005 0.0003 0.0006 0.9987 0.0005 0.0003 0.0005 0.9988 0.0004 0.0003 0.0005 0.9988 0.0004
0.0003 0.0005 0.9988 0.0004 0.0004 0.0003 0.0004 0.9988 0.0004 0.9989 0.0005 0.0002 0.0004 0.0003 0.0004 0.9989
0.0004 0.9990 0.0005 0.0002 0.9989 0.0005 0.0002 0.0004 0.9989 0.0005 0.0002 0.0004 0.0004 0.9988 0.0005 0.0003
0.0003 0.0006 0.9987 0.0005 0.0004 0.0003 0.0004 0.9989 0.0004 0.0003 0.0004 0.9988 0.0002 0.0005 0.9988 0.0005
0.9990 0.0004 0.0002 0.0004 0.9988 0.0005 0.0002 0.0004 0.0004 0.9988 0.0005 0.0003 0.0004 0.9988 0.0005 0.0002
0.9989 0.0005 0.0002 0.0004 0.9989 0.0005 0.0002 0.0004 0.0003 0.0006 0.9987 0.0005 0.9989 0.0005 0.0002 0.0004
0.9989 0.0005 0.0002 0.0004 0.0003 0.0006 0.9987 0.0005 0.0003 0.0006 0.9986 0.0005 0.9989 0.0005 0.0002 0.0004
0.0003 0.0005 0.9988 0.0004 0.0005 0.0003 0.0004 0.9988 0.0004 0.9989 0.0005 0.0002 0.0004 0.9989 0.0005 0.0002
0.0005 0.0003 0.0004 0.9988 0.9989 0.0005 0.0002 0.0004 0.9989 0.0005 0.0002 0.0004 0.0003 0.0006 0.9987 0.0005
0.0003 0.0006 0.9987 0.0005 0.9989 0.0005 0.0002 0.0004 0.0003 0.0005 0.9988 0.0004 0.9990 0.0004 0.0002 0.0004
0.0003 0.0005 0.9988 0.0004 0.0004 0.9988 0.0005 0.0002 0.0003 0.0005 0.9988 0.0004 0.9989 0.0005 0.0002 0.0004
0.0004 0.9989 0.0005 0.0002 0.0004 0.9988 0.0005 0.0002 0.0004 0.9989 0.0005 0.0002 0.0004 0.9989 0.0005 0.0002
0.0003 0.0006 0.9987 0.0004 0.0005 0.0003 0.0004 0.9988 0.0004 0.0003 0.0004 0.9989 0.0003 0.0005 0.9988 0.0005
0.0003 0.0005 0.9987 0.0005 0.0004 0.9989 0.0005 0.0002 0.0003 0.0005 0.9988 0.0004 0.0005 0.0003 0.0004 0.9988
0.9989 0.0005 0.0002 0.0004 0.9989 0.0005 0.0002 0.0004 0.0004 0.9988 0.0005 0.0002 0.0004 0.9988 0.0005 0.0003
0.0004 0.0003 0.0004 0.9989 0.0004 0.0003 0.0004 0.9989 0.0004 0.0003 0.0004 0.9990 0.0004 0.9989 0.0005 0.0003
0.0004 0.9989 0.0005 0.0002 0.0003 0.0006 0.9987 0.0005 0.0003 0.0006 0.9987 0.0005 0.0003 0.0005 0.9988 0.0004
0.0004 0.9989 0.0005 0.0002 0.0003 0.0005 0.9988 0.0004 0.0003 0.0006 0.9987 0.0005 0.0004 0.0003 0.0004 0.9988
0.9988 0.0005 0.0002 0.0004 0.0003 0.0006 0.9987 0.0005 0.0005 0.0003 0.0004 0.9988 0.9988 0.0005 0.0002 0.0004
0.0004 0.9989 0.0005 0.0002 0.0003 0.0006 0.9986 0.0005 0.0003 0.0006 0.9987 0.0005 0.9989 0.0005 0.0002 0.0004
0.0003 0.0005 0.9988 0.0004 0.0005 0.0003 0.0004 0.9988 0.9989 0.0005 0.0002 0.0004 0.0003 0.0005 0.9988 0.0004
0.0003 0.0006 0.9986 0.0005 0.0003 0.0005 0.9988 0.0004 0.0004 0.9989 0.0005 0.0002 0.0003 0.0005 0.9988 0.0004
0.0004 0.9989 0.0005 0.0002 0.0003 0.0005 0.9988 0.0004 0.0003 0.0006 0.9987 0.0004 0.0004 0.0003 0.0004 0.9988
0.0003 0.0005 0.9988 0.0004 0.0004 0.0003 0.0004 0.9990 0.0004 0.9988 0.0005 0.0002 0.0003 0.9989 0.0005 0.0002
0.0003 0.0006 0.9987 0.0005 0.0004 0.0003 0.0004 0.9989 0.0004 0.0003 0.0004 0.9989 0.9989 0.0005 0.0002 0.0004
0.0004 0.9989 0.0005 0.0002 0.9989 0.0005 0.0002 0.0004 0.0004 0.0003 0.0004 0.9989 0.0004 0.9988 0.0005 0.0003
0.9989 0.0005 0.0002 0.0004 0.9989 0.0005 0.0002 0.0004 0.0003 0.0006 0.9987 0.0005 0.0005 0.0003 0.0004 0.9988
0.0004 0.0003 0.0004 0.9989 0.0003 0.0005 0.9988 0.0004 0.0003 0.0005 0.9987 0.0005 0.0004 0.0003 0.0004 0.9989
0.0004 0.9989 0.0005 0.0002 0.0004 0.9989 0.0005 0.0002 0.9989 0.0005 0.0002 0.0004 0.0003 0.0006 0.9987 0.0005
0.0003 0.0006 0.9986 0.0005 0.9988 0.0005 0.0002 0.0004 0.9989 0.0005 0.0002 0.0004 0.9990 0.0004 0.0002 0.0004
0.0005 0.0003 0.0004 0.9988 0.0003 0.0006 0.9986 0.0005 0.0003 0.0005 0.9988 0.0004 0.0004 0.0003 0.0004 0.9989
0.0003 0.0005 0.9988 0.0004 0.0004 0.0003 0.0004 0.9989 0.0003 0.0005 0.9988 0.0004 0.0004 0.0003 0.0003 0.9990
0.0003 0.0005 0.9988 0.0004 0.0003 0.9989 0.0005 0.0002 0.0004 0.9989 0.0005 0.0002 0.0003 0.9990 0.0005 0.0002
0.9989 0.0005 0.0002 0.0004 0.0002 0.0006 0.9987 0.0005 0.0004 0.9988 0.0005 0.0002 0.9988 0.0005 0.0002 0.0004
0.0003 0.0006 0.9987 0.0004 0.0005 0.0003 0.0004 0.9988 0.0003 0.0005 0.9988 0.0004 0.0004 0.0003 0.0004 0.9989
0.9989 0.0005 0.0002 0.0004 0.9989 0.0005 0.0002 0.0004 0.9990 0.0004 0.0002 0.0004 0.0003 0.0006 0.9987 0.0005
0.9989 0.0004 0.0002 0.0004 0.0004 0.9989 0.0005 0.0002 0.0003 0.0006 0.9987 0.0005 0.0003 0.0006 0.9987 0.0005
0.0004 0.0003 0.0004 0.9988 0.9988 0.0005 0.0002 0.0004 0.0004 0.9989 0.0005 0.0002 0.9990 0.0004 0.0002 0.0004
0.9989 0.0005 0.0002 0.0004 0.0003 0.0006 0.9986 0.0005 0.0004 0.9988 0.0005 0.0002 0.0003 0.0005 0.9988 0.0004
0.0004 0.9989 0.0005 0.0002 0.9989 0.0005 0.0002 0.0004 0.0003 0.0006 0.9987 0.0004 0.0005 0.0003 0.0004 0.9988
0.0004 0.0003 0.0004 0.9989 0.9990 0.0004 0.0002 0.0004 0.0004 0.0003 0.0004 0.9989 0.9989 0.0005 0.0002 0.0004
0.0004 0.0003 0.0003 0.9990 0.0005 0.0003 0.0004 0.9988 0.9989 0.0005 0.0002 0.0004 0.9990 0.0004 0.0002 0.0004
0.0003 0.0006 0.9987 0.0005 0.0005 0.0003 0.0004 0.9988 0.9989 0.0005 0.0002 0.0004 0.0004 0.9989 0.0005 0.0002
0.0003 0.0006 0.9986 0.0005 0.0004 0.0003 0.0004 0.9989 0.9989 0.0005 0.0002 0.0004 0.9989 0.0005 0.0002 0.0004
0.0004 0.9988 0.0005 0.0002 0.0004 0.9988 0.0005 0.0003 0.0003 0.0005 0.9987 0.0004 0.0004 0.9989 0.0005 0.0002
0.9988 0.0005 0.0002 0.0004 0.9989 0.0005 0.0002 0.0004 0.9990 0.0004 0.0002 0.0004 0.9989 0.0004 0.0002 0.0004
0.9989 0.0004 0.0002 0.0004 0.9989 0.0004 0.0002 0.0004 0.0005 0.0003 0.0004 0.9988 0.9989 0.0004 0.0002 0.0004
0.0004 0.0003 0.0004 0.9989 0.0005 0.0003 0.0004 0.9987 0.0003 0.0005 0.9988 0.0004 0.9990 0.0004 0.0002 0.0004
0.9988 0.0005 0.0002 0.0004 0.9989 0.0005 0.0002 0.0004 0.9989 0.0004 0.0002 0.0004 0.0003 0.0006 0.9987 0.0005
0.0005 0.0003 0.0004 0.9988 0.9989 0.0005 0.0002 0.0004 0.0003 0.0005 0.9988 0.0004 0.0003 0.0006 0.9986 0.0005
0.0004 0.0003 0.0004 0.9989 0.9989 0.0005 0.0002 0.0004 0.0003 0.0005 0.9987 0.0004 0.9990 0.0004 0.0002 0.0004
0.0004 0.0003 0.0004 0.9989 0.0003 0.0006 0.9987 0.0005 0.9990 0.0004 0.0002 0.0004 0.9989 0.0005 0.0002 0.0004
0.0003 0.0006 0.9986 0.0005 0.0005 0.0003 0.0004 0.9988 0.0003 0.0005 0.9988 0.0004 0.0003 0.0005 0.9988 0.0004
0.0003 0.0005 0.9988 0.0004 0.0003 0.0005 0.9988 0.0004 0.0003 0.0005 0.9988 0.0004 0.9989 0.0005 0.0002 0.0004
0.0004 0.9989 0.0005 0.0002 0.0004 0.9988 0.0005 0.0002 0.9989 0.0005 0.0002 0.0004 0.0003 0.0005 0.9987 0.0004
0.0003 0.0006 0.9986 0.0005 0.0003 0.0005 0.9988 0.0004 0.0003 0.0005 0.9988 0.0004 0.0004 0.9988 0.0005 0.0002
0.0004 0.9989 0.0005 0.0002 0.0004 0.9989 0.0005 0.0002 0.0005 0.0003 0.0004 0.9988 0.0003 0.9990 0.0005 0.0002
0.0004 0.0003 0.0004 0.9990 0.0003 0.0006 0.9987 0.0004 0.0002 0.0005 0.9988 0.0005 0.0004 0.9989 0.0005 0.0002
0.0003 0.0005 0.9988 0.0004 0.0004 0.9989 0.0005 0.0002 0.0004 0.0003 0.0004 0.9989 0.9988 0.0005 0.0002 0.0004
0.0003 0.0005 0.9987 0.0005 0.0005 0.0003 0.0004 0.9988 0.9988 0.0005 0.0002 0.0004 0.0004 0.9989 0.0005 0.0002
0.0004 0.9989 0.0005 0.0002 0.0003 0.9990 0.0005 0.0002 0.0003 0.0006 0.9987 0.0004 0.0004 0.0003 0.0004 0.9988
0.0004 0.9989 0.0005 0.0002 0.0004 0.9989 0.0005 0.0003 0.0003 0.0006 0.9987 0.0005 0.0003 0.0006 0.9987 0.0005
0.0003 0.0005 0.9988 0.0004 0.0004 0.9989 0.0005 0.0002 0.0003 0.0005 0.9988 0.0004 0.0005 0.0003 0.0004 0.9988
0.9989 0.0005 0.0002 0.0004 0.9989 0.0005 0.0002 0.0004 0.0003 0.0006 0.9986 0.0005 0.0004 0.9988 0.0005 0.0003
0.0003 0.0005 0.9988 0.0004 0.0004 0.0003 0.0004 0.9989 0.0004 0.0003 0.0004 0.9988 0.0002 0.0005 0.9988 0.0005
0.0004 0.9989 0.0005 0.0002 0.0004 0.0003 0.0004 0.9989 0.0003 0.0006 0.9987 0.0005 0.9990 0.0004 0.0002 0.0004
0.0004 0.0003 0.0004 0.9989 0.0004 0.9988 0.0005 0.0003 0.0004 0.9989 0.0005 0.0002 0.0004 0.9989 0.0005 0.0002
0.0003 0.9990 0.0005 0.0002 0.0003 0.9990 0.0005 0.0002 0.0003 0.0006 0.9987 0.0004 0.9988 0.0005 0.0002 0.0004
0.0004 0.0003 0.0004 0.9989 0.0003 0.0006 0.9986 0.0005 0.0003 0.0005 0.9987 0.0005 0.0004 0.0003 0.0004 0.9988
0.0004 0.9989 0.0005 0.0002 0.0004 0.0003 0.0004 0.9989 0.0003 0.0006 0.9987 0.0005 0.0004 0.0003 0.0003 0.9990
0.0004 0.9989 0.0005 0.0002 0.0002 0.0005 0.9988 0.0005 0.9989 0.0005 0.0002 0.0004 0.9988 0.0005 0.0002 0.0005
0.0005 0.0003 0.0004 0.9988 0.0003 0.0006 0.9987 0.0005 0.9990 0.0004 0.0002 0.0004 0.0004 0.0003 0.0004 0.9989
0.9989 0.0005 0.0002 0.0004 0.9990 0.0004 0.0002 0.0004 0.0003 0.0006 0.9987 0.0005 0.0003 0.0006 0.9986 0.0005
0.0004 0.0003 0.0004 0.9989 0.9989 0.0005 0.0002 0.0004 0.0003 0.0005 0.9987 0.0004 0.0003 0.0006 0.9986 0.0005
0.0004 0.9989 0.0005 0.0002 0.0004 0.9989 0.0005 0.0002 0.0004 0.9989 0.0005 0.0002 0.0004 0.9989 0.0005 0.0002
0.0004 0.0003 0.0004 0.9988 0.0003 0.0006 0.9987 0.0004 0.9989 0.0005 0.0002 0.0004 0.0003 0.0005 0.9988 0.0004
0.9989 0.0005 0.0002 0.0004 0.9989 0.0005 0.0002 0.0004 0.0005 0.0003 0.0004 0.9988 0.0003 0.0006 0.9986 0.0005
0.0004 0.0003 0.0004 0.9989 0.0004 0.0003 0.0004 0.9989 0.0003 0.9989 0.0005 0.0002 0.0004 0.9989 0.0005 0.0002
0.0003 0.9990 0.0005 0.0002 0.0003 0.0006 0.9987 0.0005 0.0003 0.9990 0.0005 0.0002 0.0003 0.0005 0.9988 0.0004
0.0003 0.0006 0.9987 0.0004 0.0004 0.9989 0.0005 0.0002 0.0004 0.0003 0.0004 0.9989 0.0003 0.0006 0.9987 0.0005
0.0003 0.0005 0.9987 0.0005 0.9988 0.0005 0.0002 0.0004 0.9988 0.0005 0.0002 0.0005 0.9990 0.0004 0.0002 0.0004
0.0005 0.0003 0.0004 0.9988 0.0005 0.0003 0.0004 0.9988 0.0003 0.0005 0.9988 0.0004 0.9990 0.0004 0.0002 0.0004
0.0004 0.0003 0.0004 0.9989 0.0004 0.9988 0.0005 0.0003 0.0004 0.0003 0.0003 0.9990 0.9989 0.0005 0.0002 0.0004
0.0004 0.0003 0.0003 0.9990 0.0005 0.0003 0.0004 0.9988 0.0004 0.0003 0.0003 0.9990 0.0004 0.9989 0.0005 0.0002
0.0004 0.0003 0.0003 0.9990 0.0003 0.9990 0.0005 0.0002 0.9989 0.0005 0.0002 0.0004 0.0004 0.9990 0.0005 0.0002
0.9989 0.0005 0.0002 0.0005 0.9988 0.0005 0.0002 0.0004 0.0005 0.0003 0.0004 0.9988 0.9989 0.0005 0.0002 0.0004
0.0003 0.0005 0.9988 0.0004 0.0005 0.0003 0.0004 0.9987 0.9988 0.0005 0.0002 0.0004 0.0004 0.9989 0.0005 0.0002
0.0005 0.0003 0.0004 0.9988 0.0003 0.9990 0.0005 0.0002 0.9990 0.0004 0.0002 0.0004 0.9989 0.0005 0.0002 0.0004
0.0004 0.0003 0.0004 0.9988 0.0003 0.0006 0.9987 0.0005 0.0004 0.9989 0.0005 0.0002 0.0004 0.9989 0.0005 0.0002
0.0003 0.0006 0.9987 0.0005 0.0003 0.0006 0.9987 0.0005 0.0004 0.0003 0.0004 0.9989 0.9988 0.0005 0.0002 0.0004
0.0004 0.0003 0.0004 0.9990 0.0004 0.9988 0.0005 0.0002 0.0003 0.9989 0.0005 0.0002 0.9989 0.0005 0.0002 0.0004
0.0002 0.0006 0.9987 0.0005 0.0005 0.0003 0.0004 0.9988 0.9988 0.0005 0.0002 0.0004 0.0004 0.0003 0.0004 0.9989
0.9989 0.0004 0.0002 0.0004 0.9989 0.0005 0.0002 0.0004 0.0003 0.0006 0.9986 0.0005 0.0004 0.0003 0.0004 0.9988
0.9989 0.0005 0.0002 0.0004 0.9990 0.0004 0.0002 0.0004 0.0003 0.0006 0.9986 0.0005 0.9989 0.0005 0.0002 0.0004
0.0004 0.9989 0.0005 0.0002 0.0005 0.0003 0.0004 0.9988 0.9989 0.0005 0.0002 0.0004 0.0004 0.0003 0.0004 0.9989
0.0004 0.9988 0.0005 0.0002 0.0003 0.9989 0.0005 0.0002 0.9989 0.0005 0.0002 0.0004 0.0004 0.0003 0.0004 0.9989
0.0004 0.9988 0.0005 0.0002 0.0004 0.9989 0.0005 0.0002 0.0005 0.0003 0.0004 0.9988 0.0002 0.0006 0.9987 0.0005
0.9989 0.0005 0.0002 0.0004 0.0004 0.9989 0.0005 0.0002 0.0003 0.0006 0.9987 0.0005 0.0003 0.0006 0.9987 0.0005
0.0004 0.9989 0.0005 0.0002 0.9988 0.0005 0.0002 0.0004 0.9989 0.0005 0.0002 0.0004 0.0005 0.0003 0.0004 0.9988
0.0005 0.0003 0.0004 0.9988 0.0004 0.9989 0.0005 0.0002 0.0004 0.9989 0.0005 0.0002 0.9988 0.0005 0.0002 0.0004
0.9988 0.0005 0.0002 0.0004 0.0005 0.0003 0.0004 0.9988 0.0003 0.0006 0.9987 0.0005 0.0004 0.0003 0.0004 0.9989
0.9989 0.0005 0.0002 0.0004 0.0003 0.9989 0.0005 0.0002 0.0005 0.0003 0.0004 0.9988 0.0004 0.0003 0.0004 0.9989
0.0003 0.0005 0.9988 0.0004 0.9989 0.0005 0.0002 0.0004 0.0004 0.0003 0.0004 0.9989 0.0003 0.0006 0.9987 0.0005
0.0003 0.0005 0.9987 0.0004 0.0004 0.9989 0.0005 0.0002 0.0004 0.9989 0.0005 0.0002 0.9989 0.0005 0.0002 0.0004
0.0003 0.0006 0.9987 0.0005 0.0005 0.0003 0.0004 0.9988 0.0004 0.9989 0.0005 0.0002 0.0004 0.0003 0.0004 0.9989
0.9989 0.0005 0.0002 0.0004 0.9989 0.0005 0.0002 0.0004 0.0004 0.9988 0.0005 0.0002 0.0004 0.9988 0.0005 0.0003
0.0004 0.9989 0.0005 0.0002 0.0003 0.0005 0.9987 0.0005 0.0004 0.9990 0.0005 0.0002 0.0004 0.9989 0.0005 0.0002
0.0005 0.0003 0.0004 0.9988 0.0003 0.0006 0.9987 0.0005 0.0004 0.0003 0.0004 0.9990 0.0004 0.9989 0.0005 0.0002
0.0002 0.0005 0.9988 0.0005 0.0004 0.9989 0.0005 0.0002 0.9988 0.0005 0.0002 0.0005 0.0004 0.0003 0.0004 0.9988
0.0003 0.0006 0.9986 0.0005 0.0004 0.9989 0.0005 0.0003 0.0004 0.0003 0.0004 0.9989 0.0003 0.9990 0.0005 0.0002
0.9990 0.0004 0.0002 0.0004 0.9988 0.0005 0.0002 0.0004 0.0005 0.0003 0.0004 0.9988 0.9989 0.0005 0.0002 0.0004
0.9990 0.0004 0.0002 0.0004 0.9989 0.0004 0.0002 0.0004 0.0004 0.0003 0.0004 0.9988 0.0003 0.0006 0.9986 0.0005
0.0004 0.0003 0.0004 0.9989 0.0003 0.0005 0.9988 0.0004 0.0003 0.9989 0.0005 0.0002 0.0004 0.9989 0.0005 0.0002
0.0004 0.0003 0.0004 0.9989 0.0004 0.9989 0.0005 0.0002 0.9989 0.0005 0.0002 0.0004 0.9989 0.0005 0.0002 0.0004
0.0003 0.0006 0.9987 0.0005 0.0005 0.0003 0.0004 0.9988 0.9989 0.0005 0.0002 0.0004 0.9990 0.0004 0.0002 0.0004
0.0005 0.0003 0.0004 0.9988 0.9989 0.0005 0.0002 0.0004 0.9990 0.0004 0.0002 0.0004 0.9989 0.0004 0.0002 0.0004
0.0003 0.0006 0.9987 0.0005 0.0005 0.0003 0.0004 0.9988 0.0004 0.9989 0.0005 0.0002 0.0004 0.9989 0.0005 0.0002
0.0003 0.0006 0.9987 0.0005 0.0003 0.0005 0.9987 0.0005 0.9988 0.0005 0.0002 0.0004 0.0003 0.0005 0.9988 0.0004
0.0005 0.0003 0.0004 0.9988 0.0004 0.0003 0.0004 0.9988 0.0003 0.0005 0.9988 0.0004 0.0004 0.9989 0.0005 0.0002
0.0004 0.0003 0.0004 0.9989 0.0004 0.0003 0.0004 0.9989 0.0004 0.0003 0.0003 0.9990 0.0002 0.0005 0.9988 0.0005
0.0003 0.9989 0.0005 0.0002 0.0004 0.9989 0.0005 0.0002 0.0003 0.9990 0.0005 0.0002 0.0004 0.9990 0.0005 0.0002
0.0002 0.0006 0.9987 0.0005 0.0003 0.9990 0.0005 0.0002 0.0004 0.0003 0.0004 0.9989 0.0003 0.0006 0.9987 0.0004
0.0004 0.9989 0.0005 0.0002 0.0004 0.9989 0.0005 0.0002 0.0003 0.0006 0.9987 0.0005 0.0003 0.0006 0.9987 0.0005
0.9988 0.0005 0.0002 0.0004 0.0003 0.0005 0.9988 0.0004 0.0004 0.9988 0.0005 0.0002 0.0004 0.9988 0.0005 0.0002
0.0004 0.0003 0.0004 0.9989 0.0003 0.0006 0.9987 0.0005 0.0004 0.9989 0.0005 0.0002 0.0003 0.0005 0.9988 0.0004
0.0003 0.9990 0.0005 0.0002 0.0004 0.0003 0.0004 0.9988 0.9988 0.0005 0.0002 0.0004 0.9990 0.0004 0.0002 0.0004
0.9989 0.0005 0.0002 0.0004 0.0003 0.0006 0.9986 0.0005 0.0003 0.0006 0.9987 0.0005 0.9989 0.0005 0.0002 0.0004
0.0003 0.0005 0.9988 0.0004 0.0004 0.9988 0.0005 0.0002 0.9989 0.0005 0.0002 0.0004 0.9989 0.0005 0.0002 0.0004
0.0005 0.0003 0.0004 0.9988 0.0004 0.9988 0.0005 0.0002 0.0004 0.0003 0.0004 0.9989 0.0003 0.0005 0.9987 0.0004
0.0004 0.0003 0.0004 0.9990 0.0004 0.9989 0.0005 0.0002 0.0003 0.9989 0.0005 0.0002 0.0004 0.9989 0.0005 0.0002
0.0003 0.9990 0.0005 0.0002 0.0004 0.9990 0.0005 0.0002 0.0004 0.0003 0.0004 0.9989 0.0004 0.9990 0.0005 0.0002
0.9989 0.0005 0.0002 0.0004 0.0003 0.0006 0.9987 0.0004 0.9989 0.0005 0.0002 0.0004 0.0003 0.0005 0.9988 0.0004
0.0005 0.0003 0.0004 0.9988 0.0003 0.0005 0.9988 0.0004 0.9990 0.0004 0.0002 0.0004 0.9989 0.0005 0.0002 0.0004
0.9989 0.0005 0.0002 0.0004 0.9990 0.0004 0.0002 0.0004 0.0005 0.0003 0.0004 0.9988 0.0003 0.0006 0.9986 0.0005
0.0003 0.0005 0.9988 0.0004 0.0003 0.0005 0.9988 0.0004 0.0004 0.9989 0.0005 0.0002 0.0003 0.0005 0.9988 0.0004
0.0004 0.9989 0.0005 0.0002 0.0004 0.9989 0.0005 0.0002 0.0003 0.0006 0.9987 0.0004 0.0005 0.0003 0.0004 0.9988
0.9988 0.0005 0.0002 0.0004 0.0004 0.0003 0.0004 0.9990 0.9990 0.0004 0.0002 0.0004 0.9989 0.0005 0.0002 0.0004
0.9989 0.0004 0.0002 0.0004 0.0004 0.0003 0.0004 0.9988 0.0003 0.0006 0.9987 0.0005 0.9990 0.0004 0.0002 0.0004
0.9989 0.0005 0.0002 0.0004 0.0004 0.9988 0.0005 0.0003 0.0004 0.9988 0.0005 0.0002 0.9989 0.0005 0.0002 0.0004
0.9989 0.0005 0.0002 0.0004 0.0003 0.0006 0.9987 0.0005 0.9989 0.0005 0.0002 0.0004 0.0004 0.9989 0.0005 0.0002
0.9989 0.0004 0.0002 0.0004 0.0003 0.0006 0.9987 0.0005 0.0004 0.9988 0.0005 0.0002 0.9988 0.0005 0.0002 0.0004
0.0003 0.0005 0.9987 0.0004 0.0004 0.9988 0.0005 0.0002 0.0004 0.9989 0.0005 0.0002 0.0004 0.9989 0.0005 0.0002
0.0004 0.9989 0.0005 0.0002 0.0004 0.9990 0.0005 0.0002 0.0004 0.0003 0.0004 0.9988 0.0004 0.0003 0.0004 0.9988
0.0002 0.0005 0.9988 0.0005 0.0004 0.0003 0.0004 0.9990 0.0004 0.9989 0.0005 0.0002 0.0004 0.9989 0.0005 0.0003
0.9989 0.0005 0.0002 0.0004 0.9988 0.0005 0.0002 0.0005 0.0005 0.0003 0.0004 0.9988 0.0004 0.0003 0.0004 0.9988
0.0003 0.0005 0.9988 0.0004 0.0003 0.0005 0.9988 0.0004 0.0003 0.0005 0.9988 0.0004 0.0004 0.0003 0.0004 0.9989
0.0004 0.0003 0.0004 0.9988 0.0003 0.0005 0.9987 0.0005 0.0004 0.0003 0.0003 0.9990 0.0003 0.0005 0.9988 0.0004
0.0003 0.9989 0.0005 0.0002 0.0004 0.9989 0.0005 0.0002 0.0004 0.0003 0.0004 0.9989 0.0005 0.0003 0.0004 0.9988
0.9989 0.0005 0.0002 0.0004 0.0004 0.0003 0.0003 0.9990 0.0004 0.9988 0.0005 0.0003 0.9989 0.0005 0.0002 0.0004
0.0004 0.9990 0.0005 0.0002 0.0003 0.0006 0.9987 0.0005 0.0003 0.0006 0.9987 0.0004 0.0004 0.9989 0.0005 0.0002
0.0003 0.0005 0.9988 0.0004 0.9989 0.0005 0.0002 0.0004 0.0005 0.0003 0.0004 0.9988 0.0005 0.0003 0.0004 0.9988
0.0004 0.9989 0.0005 0.0002 0.0004 0.9989 0.0005 0.0002 0.0003 0.9990 0.0005 0.0002 0.0003 0.0006 0.9987 0.0005
0.9988 0.0005 0.0002 0.0004 0.0003 0.0005 0.9988 0.0004 0.0004 0.9988 0.0005 0.0003 0.9989 0.0005 0.0002 0.0004
0.0004 0.9989 0.0005 0.0002 0.0004 0.9988 0.0005 0.0002 0.0003 0.0006 0.9987 0.0004 0.0004 0.9989 0.0005 0.0002
0.9988 0.0005 0.0002 0.0004 0.9989 0.0005 0.0002 0.0004 0.0004 0.9988 0.0005 0.0002 0.0004 0.9988 0.0005 0.0003
0.0004 0.0003 0.0004 0.9988 0.0004 0.9989 0.0005 0.0002 0.0004 0.9989 0.0005 0.0002 0.0004 0.9990 0.0005 0.0002
0.0003 0.9990 0.0005 0.0002 0.0003 0.0006 0.9987 0.0004 0.0003 0.0006 0.9987 0.0004 0.0003 0.0005 0.9988 0.0004
0.0004 0.0003 0.0004 0.9989 0.0003 0.0005 0.9988 0.0004 0.0004 0.0003 0.0004 0.9990 0.0005 0.0003 0.0004 0.9988
0.0004 0.0003 0.0003 0.9990 0.0004 0.9989 0.0005 0.0002 0.0004 0.0003 0.0003 0.9990 0.0003 0.0006 0.9987 0.0005
0.0003 0.9989 0.0005 0.0003 0.0003 0.0005 0.9988 0.0004 0.0003 0.9990 0.0005 0.0002 0.0004 0.9988 0.0005 0.0002
0.0003 0.9990 0.0005 0.0002 0.0004 0.9990 0.0005 0.0002 0.9988 0.0005 0.0002 0.0004 0.0003 0.0006 0.9987 0.0004
0.0004 0.9988 0.0005 0.0003 0.0004 0.0003 0.0004 0.9989 0.0004 0.9989 0.0005 0.0002 0.0004 0.9989 0.0005 0.0002
0.9988 0.0005 0.0002 0.0004 0.0003 0.0006 0.9987 0.0005 0.0003 0.0006 0.9987 0.0005 0.0004 0.9989 0.0005 0.0002
0.0004 0.9988 0.0005 0.0002 0.0004 0.9989 0.0005 0.0002 0.0004 0.9989 0.0005 0.0002 0.0003 0.9990 0.0005 0.0002
0.0003 0.0006 0.9987 0.0004 0.0003 0.9990 0.0005 0.0002 0.0004 0.9989 0.0005 0.0002 0.0003 0.9990 0.0005 0.0002
0.0004 0.9989 0.0005 0.0002 0.0003 0.9990 0.0005 0.0002 0.0003 0.0006 0.9987 0.0004 0.0003 0.0006 0.9987 0.0004
0.0004 0.0003 0.0004 0.9989 0.0003 0.0005 0.9988 0.0004 0.0003 0.0005 0.9987 0.0005 0.0003 0.0005 0.9988 0.0004
0.0004 0.9989 0.0005 0.0002 0.0003 0.0005 0.9988 0.0004 0.0004 0.9990 0.0005 0.0002 0.0004 0.9989 0.0005 0.0002
0.0003 0.0006 0.9987 0.0004 0.0005 0.0003 0.0004 0.9988 0.0004 0.9989 0.0005 0.0002 0.0004 0.0003 0.0003 0.9990
0.0005 0.0003 0.0004 0.9988 0.0002 0.0005 0.9988 0.0005 0.0002 0.0006 0.9987 0.0005 0.9988 0.0005 0.0002 0.0005
0.0004 0.9989 0.0005 0.0002 0.0004 0.9988 0.0005 0.0002 0.0003 0.0006 0.9987 0.0005 0.0004 0.0003 0.0004 0.9989
0.9988 0.0005 0.0002 0.0004 0.0004 0.0003 0.0004 0.9990 0.9990 0.0004 0.0002 0.0004 0.0004 0.0003 0.0004 0.9990
0.9989 0.0004 0.0002 0.0004 0.0003 0.9989 0.0005 0.0002 0.0004 0.9988 0.0005 0.0002 0.0002 0.0006 0.9987 0.0005
0.0003 0.0005 0.9987 0.0004 0.9988 0.0005 0.0002 0.0005 0.9989 0.0005 0.0002 0.0004 0.0005 0.0003 0.0004 0.9988
0.0005 0.0003 0.0004 0.9988 0.0004 0.0003 0.0004 0.9990 0.9990 0.0004 0.0002 0.0004 0.0002 0.0005 0.9988 0.0004
0.9989 0.0005 0.0002 0.0004 0.9988 0.0005 0.0002 0.0005 0.0003 0.0006 0.9987 0.0005 0.0005 0.0003 0.0004 0.9988
0.9989 0.0005 0.0002 0.0004 0.0004 0.9989 0.0005 0.0002 0.0003 0.0006 0.9986 0.0005 0.0004 0.0003 0.0004 0.9989
0.9989 0.0005 0.0002 0.0004 0.9989 0.0005 0.0002 0.0004 0.9990 0.0004 0.0002 0.0004 0.9989 0.0005 0.0002 0.0004
0.0004 0.9988 0.0005 0.0002 0.0004 0.9988 0.0005 0.0003 0.0004 0.9989 0.0005 0.0002 0.9989 0.0005 0.0002 0.0004
0.9989 0.0005 0.0002 0.0004 0.9989 0.0005 0.0002 0.0004 0.0004 0.9988 0.0005 0.0002 0.9989 0.0004 0.0002 0.0004
0.0004 0.9989 0.0005 0.0002 0.9989 0.0004 0.0002 0.0004 0.0005 0.0003 0.0004 0.9988 0.0003 0.0006 0.9987 0.0004
0.0002 0.0005 0.9988 0.0005 0.0003 0.0005 0.9988 0.0004 0.9988 0.0005 0.0002 0.0004 0.0005 0.0003 0.0004 0.9988
0.0004 0.9988 0.0005 0.0002 0.9990 0.0004 0.0002 0.0004 0.0004 0.9989 0.0005 0.0002 0.0004 0.9988 0.0005 0.0003
0.0003 0.0006 0.9987 0.0004 0.9989 0.0005 0.0002 0.0004 0.0004 0.9989 0.0005 0.0002 0.0005 0.0003 0.0004 0.9988
0.0005 0.0003 0.0004 0.9988 0.9990 0.0004 0.0002 0.0004 0.0004 0.0003 0.0004 0.9990 0.0004 0.9988 0.0005 0.0003
0.0004 0.9989 0.0005 0.0002 0.0004 0.9989 0.0005 0.0002 0.0004 0.0003 0.0004 0.9989 0.9989 0.0005 0.0002 0.0004
0.0004 0.0003 0.0003 0.9990 0.0003 0.0006 0.9987 0.0005 0.0003 0.9989 0.0005 0.0003 0.0004 0.9988 0.0005 0.0002
0.0004 0.0003 0.0004 0.9989 0.0003 0.0006 0.9987 0.0005 0.0003 0.9989 0.0005 0.0003 0.0004 0.9989 0.0005 0.0002
0.0002 0.0006 0.9987 0.0005 0.0005 0.0003 0.0004 0.9988 0.0003 0.0005 0.9988 0.0004 0.0004 0.0003 0.0004 0.9990
0.0003 0.0005 0.9988 0.0004 0.0004 0.9989 0.0005 0.0002 0.0004 0.0003 0.0004 0.9988 0.0002 0.0006 0.9987 0.0005
0.0004 0.9989 0.0005 0.0002 0.0004 0.9989 0.0005 0.0002 0.0003 0.9990 0.0005 0.0002 0.0005 0.0003 0.0004 0.9988
0.0003 0.0006 0.9987 0.0004 0.0004 0.9989 0.0005 0.0003 0.0003 0.0005 0.9988 0.0004 0.0004 0.0003 0.0004 0.9989
0.9989 0.0005 0.0002 0.0004 0.9989 0.0005 0.0002 0.0004 0.0005 0.0003 0.0004 0.9988 0.0003 0.0006 0.9987 0.0005
0.0004 0.9989 0.0005 0.0002 0.0003 0.0005 0.9988 0.0004 0.9988 0.0005 0.0002 0.0004 0.9989 0.0005 0.0002 0.0004
0.0004 0.9988 0.0005 0.0002 0.0004 0.9988 0.0005 0.0002 0.9989 0.0005 0.0002 0.0004 0.9989 0.0005 0.0002 0.0004
0.9989 0.0005 0.0002 0.0004 0.9989 0.0005 0.0002 0.0004 0.0003 0.0006 0.9987 0.0005 0.0003 0.0006 0.9987 0.0005
0.0003 0.0005 0.9988 0.0004 0.0004 0.0003 0.0004 0.9988 0.0004 0.9989 0.0005 0.0002 0.0004 0.9989 0.0005 0.0002
0.9989 0.0005 0.0002 0.0004 0.9989 0.0005 0.0002 0.0004 0.0003 0.0006 0.9986 0.0005 0.0004 0.9988 0.0005 0.0002
0.0004 0.9989 0.0005 0.0002 0.0004 0.0003 0.0004 0.9989 0.9989 0.0005 0.0002 0.0004 0.0004 0.0003 0.0004 0.9990
0.0003 0.0006 0.9986 0.0005 0.0004 0.9989 0.0005 0.0002 0.0004 0.0003 0.0004 0.9988 0.0003 0.0006 0.9987 0.0005
0.0004 0.0003 0.0004 0.9989 0.0003 0.0005 0.9988 0.0004 0.0003 0.9989 0.0005 0.0002 0.0003 0.0005 0.9988 0.0004
0.0003 0.0006 0.9987 0.0005 0.0003 0.0005 0.9988 0.0004 0.0003 0.0005 0.9988 0.0004 0.0004 0.0003 0.0004 0.9988
0.0004 0.0003 0.0004 0.9988 0.0004 0.9989 0.0005 0.0002 0.9990 0.0004 0.0002 0.0004 0.0003 0.0006 0.9987 0.0005
0.0004 0.9988 0.0005 0.0003 0.0004 0.0003 0.0004 0.9989 0.0004 0.9989 0.0005 0.0002 0.0004 0.9989 0.0005 0.0002
0.0004 0.9990 0.0005 0.0002 0.0003 0.9990 0.0005 0.0002 0.0004 0.0003 0.0004 0.9988 0.0004 0.0003 0.0004 0.9989
0.0004 0.9989 0.0005 0.0003 0.0004 0.9989 0.0005 0.0003 0.0003 0.9990 0.0005 0.0002 0.0003 0.9990 0.0005 0.0002
0.9988 0.0005 0.0002 0.0004 0.9988 0.0005 0.0002 0.0004 0.0003 0.0006 0.9987 0.0005 0.0005 0.0003 0.0004 0.9988
0.0003 0.0005 0.9988 0.0004 0.0003 0.0005 0.9988 0.0004 0.0004 0.9989 0.0005 0.0002 0.9988 0.0005 0.0002 0.0004
0.0003 0.0006 0.9987 0.0005 0.0005 0.0003 0.0004 0.9988 0.0003 0.0005 0.9988 0.0004 0.0004 0.0003 0.0004 0.9990
0.0004 0.0003 0.0004 0.9988 0.0004 0.0003 0.0003 0.9990 0.9990 0.0004 0.0002 0.0004 0.0004 0.0003 0.0003 0.9990
0.0005 0.0003 0.0004 0.9988 0.0002 0.0005 0.9988 0.0005 0.0003 0.0005 0.9988 0.0004 0.0004 0.0003 0.0004 0.9989
0.0004 0.9989 0.0005 0.0002 0.0004 0.0003 0.0003 0.9990 0.0005 0.0003 0.0004 0.9988 0.9989 0.0005 0.0002 0.0004
0.0004 0.0003 0.0003 0.9990 0.0004 0.9988 0.0005 0.0003 0.0004 0.0003 0.0003 0.9990 0.0003 0.0006 0.9987 0.0005
0.0004 0.0003 0.0003 0.9990 0.9988 0.0005 0.0002 0.0004 0.0003 0.9989 0.0005 0.0002 0.0004 0.9988 0.0005 0.0002
0.9988 0.0005 0.0002 0.0005 0.9989 0.0005 0.0002 0.0004 0.0004 0.9988 0.0005 0.0002 0.0004 0.9988 0.0005 0.0002
0.0003 0.0006 0.9987 0.0004 0.0003 0.0006 0.9987 0.0004 0.0003 0.0005 0.9988 0.0004 0.9988 0.0005 0.0002 0.0004
0.0005 0.0003 0.0004 0.9988 0.0004 0.9988 0.0005 0.0002 0.0004 0.0003 0.0004 0.9990 0.0004 0.0003 0.0004 0.9988
0.0002 0.0005 0.9988 0.0005 0.0004 0.0003 0.0004 0.9990 0.0003 0.0005 0.9988 0.0004 0.0004 0.0003 0.0004 0.9990
0.0004 0.9989 0.0005 0.0002 0.0003 0.9989 0.0005 0.0002 0.0003 0.0006 0.9987 0.0005 0.0004 0.0003 0.0004 0.9989
0.9988 0.0005 0.0002 0.0004 0.9989 0.0005 0.0002 0.0004 0.0004 0.9988 0.0005 0.0002 0.0004 0.9988 0.0005 0.0003
0.0004 0.0003 0.0004 0.9989 0.0004 0.9990 0.0005 0.0002 0.0004 0.9989 0.0005 0.0002 0.0003 0.9990 0.0005 0.0002
0.0004 0.0003 0.0004 0.9989 0.0004 0.0003 0.0004 0.9988 0.0002 0.0005 0.9987 0.0005 0.0004 0.9989 0.0005 0.0003
0.0004 0.0003 0.0004 0.9989 0.9988 0.0005 0.0002 0.0004 0.9990 0.0004 0.0002 0.0004 0.9989 0.0005 0.0002 0.0004
0.9989 0.0005 0.0002 0.0004 0.0004 0.9988 0.0005 0.0003 0.0005 0.0003 0.0004 0.9988 0.0003 0.0006 0.9987 0.0004
0.0004 0.0003 0.0004 0.9989 0.0003 0.0005 0.9988 0.0004 0.0004 0.0003 0.0004 0.9990 0.9989 0.0005 0.0002 0.0004
0.0004 0.0003 0.0003 0.9990 0.0003 0.0006 0.9986 0.0005 0.0003 0.9989 0.0005 0.0002 0.0004 0.9989 0.0005 0.0002
0.9988 0.0005 0.0002 0.0005 0.0004 0.9989 0.0005 0.0002 0.0004 0.0003 0.0004 0.9988 0.0004 0.9990 0.0005 0.0002
0.0004 0.9989 0.0005 0.0002 0.0003 0.0006 0.9987 0.0004 0.0003 0.0006 0.9987 0.0005 0.0004 0.0003 0.0004 0.9989
0.0004 0.0003 0.0004 0.9989 0.9990 0.0004 0.0002 0.0004 0.0003 0.0005 0.9987 0.0005 0.0005 0.0003 0.0004 0.9988
0.0004 0.0003 0.0004 0.9989 0.0004 0.9989 0.0005 0.0002 0.9990 0.0004 0.0002 0.0004 0.9988 0.0005 0.0002 0.0005
0.0003 0.0006 0.9986 0.0005 0.0005 0.0003 0.0004 0.9988 0.0004 0.9989 0.0005 0.0002 0.0003 0.0005 0.9988 0.0004
0.0005 0.0003 0.0004 0.9988 0.0003 0.0005 0.9988 0.0004 0.0004 0.0003 0.0004 0.9990 0.9989 0.0005 0.0002 0.0004
0.0004 0.9989 0.0005 0.0002 0.0005 0.0003 0.0004 0.9988 0.0003 0.0006 0.9987 0.0005 0.0004 0.0003 0.0004 0.9989
0.0004 0.0003 0.0004 0.9989 0.0003 0.9989 0.0005 0.0002 0.9990 0.0004 0.0002 0.0004 0.9988 0.0005 0.0002 0.0004
0.9989 0.0005 0.0002 0.0004 0.9989 0.0005 0.0002 0.0004 0.0003 0.0006 0.9987 0.0005 0.0003 0.0006 0.9987 0.0005
0.9989 0.0005 0.0002 0.0004 0.9989 0.0005 0.0002 0.0004 0.9990 0.0004 0.0002 0.0004 0.0004 0.9988 0.0005 0.0002
0.0003 0.0006 0.9986 0.0005 0.0003 0.0005 0.9987 0.0004 0.0003 0.0005 0.9988 0.0004 0.0003 0.0005 0.9988 0.0004
0.0005 0.0003 0.0004 0.9988 0.0003 0.0005 0.9988 0.0004 0.0003 0.0005 0.9987 0.0004 0.0005 0.0003 0.0004 0.9988
0.9988 0.0005 0.0002 0.0004 0.9990 0.0004 0.0002 0.0004 0.0004 0.9989 0.0005 0.0002 0.0003 0.0006 0.9986 0.0005
0.9989 0.0005 0.0002 0.0004 0.9989 0.0005 0.0002 0.0004 0.0003 0.0006 0.9987 0.0005 0.0005 0.0003 0.0004 0.9988
0.9989 0.0005 0.0002 0.0004 0.9990 0.0004 0.0002 0.0004 0.9990 0.0004 0.0002 0.0004 0.9989 0.0005 0.0002 0.0004
0.0003 0.0006 0.9986 0.0005 0.0003 0.0006 0.9987 0.0005 0.0004 0.9989 0.0005 0.0002 0.0004 0.9989 0.0005 0.0002
0.9989 0.0005 0.0002 0.0004 0.0004 0.9989 0.0005 0.0002 0.0004 0.9988 0.0005 0.0002 0.9989 0.0005 0.0002 0.0004
0.0004 0.9989 0.0005 0.0002 0.0003 0.0006 0.9987 0.0005 0.0003 0.0006 0.9987 0.0004 0.0004 0.0003 0.0004 0.9988
0.0004 0.9989 0.0005 0.0002 0.0004 0.9989 0.0005 0.0002 0.0004 0.9989 0.0005 0.0002 0.0004 0.0003 0.0004 0.9989
0.9988 0.0005 0.0002 0.0004 0.0004 0.0003 0.0003 0.9990 0.0005 0.0003 0.0004 0.9988 0.0004 0.0003 0.0003 0.9990
0.0004 0.0003 0.0004 0.9989 0.9989 0.0005 0.0002 0.0004 0.9989 0.0005 0.0002 0.0004 0.9989 0.0005 0.0002 0.0004
0.9989 0.0005 0.0002 0.0004 0.9989 0.0005 0.0002 0.0004 0.9989 0.0004 0.0002 0.0004 0.9989 0.0005 0.0002 0.0004
0.0003 0.0006 0.9987 0.0005 0.0004 0.9988 0.0005 0.0002 0.9989 0.0005 0.0002 0.0004 0.0004 0.9989 0.0005 0.0002
0.0004 0.9988 0.0005 0.0002 0.0004 0.9989 0.0005 0.0002 0.0005 0.0003 0.0004 0.9988 0.0003 0.0006 0.9987 0.0004
0.0003 0.0005 0.9988 0.0004 0.0004 0.0003 0.0004 0.9989 0.0004 0.0003 0.0004 0.9989 0.0003 0.0005 0.9987 0.0005
0.9990 0.0004 0.0002 0.0004 0.9988 0.0005 0.0002 0.0004 0.9989 0.0005 0.0002 0.0004 0.0003 0.0006 0.9986 0.0005
0.0004 0.9988 0.0005 0.0003 0.0004 0.9989 0.0005 0.0002 0.9989 0.0005 0.0002 0.0004 0.9989 0.0005 0.0002 0.0004
0.0003 0.0006 0.9987 0.0005 0.0005 0.0003 0.0004 0.9988 0.0003 0.0005 0.9988 0.0004 0.0004 0.0003 0.0004 0.9989
0.9989 0.0005 0.0002 0.0004 0.0004 0.0003 0.0004 0.9990 0.9990 0.0004 0.0002 0.0004 0.9989 0.0005 0.0002 0.0004
0.0005 0.0003 0.0004 0.9988 0.0003 0.0006 0.9987 0.0005 0.0004 0.0003 0.0004 0.9989 0.0004 0.9989 0.0005 0.0002
0.0003 0.0005 0.9988 0.0004 0.0004 0.9989 0.0005 0.0002 0.0004 0.9989 0.0005 0.0002 0.0004 0.9990 0.0005 0.0002
0.9989 0.0005 0.0002 0.0004 0.9988 0.0005 0.0002 0.0004 0.9989 0.0005 0.0002 0.0004 0.0005 0.0003 0.0004 0.9988
0.0005 0.0003 0.0004 0.9988 0.0004 0.9989 0.0005 0.0002 0.0003 0.0005 0.9988 0.0004 0.9988 0.0005 0.0002 0.0004
0.0003 0.0005 0.9988 0.0004 0.0005 0.0003 0.0004 0.9988 0.0003 0.0005 0.9988 0.0004 0.0004 0.0003 0.0004 0.9989
0.9989 0.0005 0.0002 0.0004 0.0003 0.9989 0.0005 0.0002 0.0003 0.0006 0.9986 0.0005 0.0003 0.9990 0.0005 0.0002
0.9989 0.0005 0.0002 0.0004 0.0003 0.9990 0.0005 0.0002 0.0004 0.9988 0.0005 0.0002 0.0003 0.9990 0.0005 0.0002
0.9989 0.0005 0.0002 0.0004 0.0004 0.0003 0.0004 0.9988 0.0003 0.0006 0.9987 0.0005 0.0004 0.0003 0.0004 0.9990
0.0003 0.0005 0.9988 0.0004 0.0002 0.0005 0.9988 0.0005 0.0004 0.9989 0.0005 0.0002 0.0004 0.9989 0.0005 0.0002
0.0005 0.0003 0.0004 0.9988 0.0003 0.0006 0.9987 0.0005 0.0004 0.0003 0.0004 0.9990 0.9988 0.0005 0.0002 0.0005
0.0002 0.0005 0.9988 0.0004 0.9990 0.0004 0.0002 0.0004 0.0003 0.0005 0.9988 0.0004 0.0003 0.0006 0.9986 0.0005
0.0004 0.9989 0.0005 0.0002 0.0004 0.0003 0.0004 0.9989 0.0005 0.0003 0.0004 0.9988 0.0004 0.0003 0.0004 0.9989
0.0002 0.0005 0.9987 0.0005 0.0004 0.0003 0.0003 0.9990 0.0004 0.9989 0.0005 0.0002 0.0004 0.0003 0.0003 0.9990
0.0003 0.0006 0.9987 0.0005 0.0003 0.9989 0.0005 0.0002 0.0004 0.0003 0.0004 0.9989 0.0004 0.0003 0.0004 0.9989
0.0004 0.9989 0.0005 0.0002 0.0003 0.9989 0.0005 0.0003 0.0003 0.0006 0.9987 0.0005 0.0004 0.0003 0.0004 0.9989
0.0004 0.9989 0.0005 0.0002 0.0004 0.9989 0.0005 0.0003 0.0004 0.9989 0.0005 0.0002 0.9988 0.0005 0.0002 0.0005
0.0004 0.0003 0.0004 0.9988 0.9989 0.0005 0.0002 0.0004 0.0002 0.0005 0.9987 0.0005 0.0005 0.0003 0.0004 0.9988
0.0003 0.0005 0.9988 0.0004 0.9990 0.0004 0.0002 0.0004 0.0003 0.0005 0.9988 0.0004 0.9989 0.0005 0.0002 0.0004
0.0004 0.0003 0.0004 0.9988 0.0003 0.0006 0.9987 0.0005 0.0003 0.0006 0.9987 0.0005 0.0004 0.0003 0.0004 0.9989
0.9988 0.0005 0.0002 0.0004 0.0004 0.9989 0.0005 0.0002 0.0003 0.0006 0.9986 0.0005 0.0003 0.0006 0.9987 0.0005
0.0003 0.0005 0.9988 0.0004 0.9988 0.0005 0.0002 0.0004 0.0004 0.0003 0.0004 0.9988 0.0005 0.0003 0.0004 0.9988
0.0004 0.0003 0.0004 0.9989 0.0004 0.9989 0.0005 0.0002 0.0003 0.9989 0.0005 0.0002 0.0003 0.9990 0.0005 0.0002
0.9988 0.0005 0.0002 0.0005 0.0003 0.9990 0.0005 0.0002 0.0004 0.0003 0.0004 0.9988 0.9988 0.0005 0.0002 0.0004
0.0004 0.9989 0.0005 0.0002 0.0005 0.0003 0.0004 0.9988 0.0003 0.0006 0.9987 0.0005 0.0004 0.0003 0.0004 0.9989
0.0004 0.9989 0.0005 0.0002 0.9989 0.0005 0.0002 0.0004 0.9989 0.0005 0.0002 0.0004 0.9989 0.0005 0.0002 0.0004
0.9989 0.0005 0.0002 0.0004 0.9989 0.0004 0.0002 0.0004 0.0003 0.0006 0.9987 0.0005 0.0005 0.0003 0.0004 0.9988
0.0003 0.0005 0.9988 0.0004 0.0004 0.9989 0.0005 0.0002 0.0004 0.9989 0.0005 0.0002 0.0004 0.9990 0.0005 0.0002
0.0005 0.0003 0.0004 0.9988 0.9989 0.0005 0.0002 0.0004 0.0004 0.0003 0.0004 0.9990 0.0003 0.0006 0.9987 0.0005
0.0004 0.9989 0.0005 0.0002 0.0004 0.9989 0.0005 0.0002 0.0003 0.9990 0.0005 0.0002 0.0003 0.0006 0.9987 0.0005
0.0003 0.9990 0.0005 0.0002 0.0003 0.0005 0.9988 0.0004 0.0003 0.0006 0.9987 0.0004 0.0005 0.0003 0.0004 0.9988
0.0004 0.9989 0.0005 0.0002 0.0004 0.9989 0.0005 0.0002 0.9989 0.0005 0.0002 0.0004 0.9988 0.0005 0.0002 0.0004
0.9989 0.0005 0.0002 0.0004 0.9989 0.0005 0.0002 0.0004 0.0004 0.9988 0.0005 0.0003 0.0004 0.9988 0.0005 0.0003
0.0005 0.0003 0.0004 0.9988 0.0004 0.9989 0.0005 0.0002 0.0004 0.0003 0.0004 0.9990 0.0003 0.0006 0.9987 0.0004
0.0002 0.0005 0.9988 0.0004 0.0004 0.9989 0.0005 0.0002 0.9988 0.0005 0.0002 0.0005 0.0005 0.0003 0.0004 0.9988
0.0003 0.0006 0.9986 0.0005 0.0004 0.9989 0.0005 0.0003 0.0004 0.9989 0.0005 0.0002 0.0003 0.9990 0.0005 0.0002
0.0005 0.0003 0.0004 0.9988 0.0003 0.0006 0.9987 0.0004 0.0004 0.9989 0.0005 0.0002 0.0003 0.0005 0.9988 0.0004
0.0003 0.9990 0.0005 0.0002 0.0004 0.9988 0.0005 0.0002 0.9988 0.0005 0.0002 0.0004 0.9989 0.0005 0.0002 0.0004
0.9989 0.0005 0.0002 0.0004 0.9989 0.0005 0.0002 0.0004 0.0005 0.0003 0.0004 0.9987 0.0003 0.0006 0.9987 0.0005
0.9990 0.0004 0.0002 0.0004 0.0004 0.0003 0.0004 0.9988 0.0003 0.0006 0.9987 0.0005 0.9990 0.0004 0.0002 0.0004
0.0004 0.9989 0.0005 0.0002 0.9989 0.0005 0.0002 0.0004 0.0005 0.0003 0.0004 0.9988 0.9989 0.0004 0.0002 0.0004
0.0004 0.9989 0.0005 0.0002 0.0004 0.9988 0.0005 0.0002 0.9988 0.0005 0.0002 0.0004 0.9989 0.0005 0.0002 0.0004
0.9989 0.0005 0.0002 0.0004 0.9989 0.0005 0.0002 0.0004 0.0003 0.0006 0.9987 0.0005 0.0005 0.0003 0.0004 0.9987
0.0004 0.0003 0.0004 0.9989 0.0004 0.0003 0.0004 0.9989 0.9990 0.0004 0.0002 0.0004 0.9989 0.0005 0.0002 0.0004
0.0003 0.0006 0.9986 0.0005 0.0003 0.0006 0.9987 0.0005 0.0004 0.0003 0.0004 0.9989 0.0003 0.0005 0.9988 0.0004
0.0004 0.0003 0.0004 0.9989 0.0003 0.0005 0.9988 0.0004 0.0002 0.0005 0.9988 0.0004 0.0003 0.0005 0.9988 0.0004
0.9988 0.0005 0.0002 0.0005 0.9989 0.0005 0.0002 0.0004 0.0004 0.9989 0.0005 0.0002 0.9990 0.0004 0.0002 0.0004
0.0004 0.9989 0.0005 0.0002 0.0004 0.9988 0.0005 0.0003 0.0004 0.0003 0.0004 0.9988 0.0005 0.0003 0.0004 0.9988
0.0002 0.0005 0.9988 0.0005 0.0004 0.0003 0.0004 0.9990 0.9988 0.0005 0.0002 0.0004 0.0004 0.9989 0.0005 0.0002
0.9990 0.0004 0.0002 0.0004 0.9988 0.0005 0.0002 0.0005 0.0004 0.9988 0.0005 0.0003 0.0004 0.9988 0.0005 0.0002
0.0004 0.0003 0.0004 0.9989 0.9989 0.0005 0.0002 0.0004 0.0003 0.0005 0.9988 0.0004 0.0003 0.0006 0.9987 0.0005
0.0003 0.0005 0.9988 0.0004 0.0004 0.0003 0.0004 0.9988 0.0004 0.0003 0.0004 0.9988 0.0003 0.0005 0.9987 0.0004
0.9990 0.0004 0.0002 0.0004 0.9988 0.0005 0.0002 0.0004 0.0003 0.0006 0.9986 0.0005 0.0004 0.9989 0.0005 0.0002
0.9989 0.0005 0.0002 0.0004 0.9989 0.0005 0.0002 0.0004 0.0005 0.0003 0.0004 0.9988 0.0003 0.0006 0.9987 0.0005
0.0004 0.0003 0.0004 0.9989 0.0004 0.0003 0.0004 0.9988 0.0002 0.0005 0.9988 0.0004 0.0004 0.0003 0.0004 0.9989
0.0004 0.9989 0.0005 0.0002 0.0003 0.0005 0.9988 0.0004 0.9989 0.0005 0.0002 0.0004 0.9988 0.0005 0.0002 0.0005
0.0005 0.0003 0.0004 0.9988 0.9989 0.0004 0.0002 0.0004 0.0003 0.0005 0.9988 0.0004 0.9989 0.0004 0.0002 0.0004
0.0003 0.0005 0.9988 0.0004 0.0005 0.0003 0.0004 0.9988 0.0003 0.0005 0.9988 0.0004 0.0003 0.0005 0.9988 0.0004
0.0004 0.0003 0.0004 0.9988 0.0003 0.0005 0.9988 0.0004 0.0004 0.9989 0.0005 0.0002 0.0004 0.9989 0.0005 0.0002
0.0004 0.0003 0.0004 0.9989 0.0003 0.0006 0.9987 0.0005 0.0002 0.0005 0.9988 0.0005 0.0004 0.0003 0.0004 0.9989
0.0004 0.9989 0.0005 0.0002 0.9990 0.0004 0.0002 0.0004 0.9989 0.0005 0.0002 0.0004 0.0003 0.0006 0.9986 0.0005
0.0005 0.0003 0.0004 0.9988 0.0003 0.0005 0.9988 0.0004 0.9990 0.0004 0.0002 0.0004 0.0004 0.0003 0.0004 0.9988
0.0004 0.9988 0.0005 0.0003 0.0003 0.0005 0.9987 0.0005 0.9989 0.0005 0.0002 0.0004 0.0003 0.0005 0.9988 0.0004
0.0004 0.9988 0.0005 0.0003 0.0004 0.9989 0.0005 0.0002 0.0005 0.0003 0.0004 0.9988 0.0005 0.0003 0.0004 0.9988
0.0004 0.9989 0.0005 0.0002 0.0004 0.9989 0.0005 0.0002 0.0003 0.0006 0.9987 0.0005 0.0003 0.9990 0.0005 0.0002
0.9988 0.0005 0.0002 0.0004 0.9988 0.0005 0.0002 0.0004 0.9990 0.0004 0.0002 0.0004 0.9989 0.0005 0.0002 0.0004
0.0003 0.0006 0.9986 0.0005 0.9989 0.0004 0.0002 0.0004 0.0004 0.0003 0.0004 0.9989 0.0003 0.0006 0.9986 0.0005
0.0003 0.0005 0.9987 0.0004 0.0004 0.0003 0.0004 0.9988 0.9988 0.0005 0.0002 0.0004 0.0003 0.0005 0.9987 0.0004
0.9990 0.0004 0.0002 0.0004 0.0003 0.0005 0.9988 0.0004 0.9989 0.0004 0.0002 0.0004 0.9989 0.0005 0.0002 0.0004
0.0003 0.0006 0.9987 0.0004 0.0004 0.9988 0.0005 0.0002 0.0004 0.0003 0.0004 0.9989 0.0004 0.9989 0.0005 0.0002
