0.1192 0.1068 0.6442 0.1299 0.1475 0.0789 0.0990 0.6746 0.0586 0.0265 0.2483 0.6665 0.0181 0.0055 0.0079 0.9685
0.8514 0.0063 0.0144 0.1279 0.7481 0.0048 0.0037 0.2434 0.0426 0.0043 0.9350 0.0181 0.0946 0.8735 0.0062 0.0258
0.9942 0.0010 0.0026 0.0021 0.0009 0.9980 0.0007 0.0005 0.9990 0.0003 0.0002 0.0005 0.9946 0.0038 0.0004 0.0012
0.0012 0.0003 0.0004 0.9980 0.0009 0.9981 0.0006 0.0004 0.0004 0.9984 0.0006 0.0006 0.0004 0.0005 0.0004 0.9988
0.0003 0.0004 0.0003 0.9990 0.0002 0.0005 0.9986 0.0007 0.0003 0.9990 0.0004 0.0003 0.0002 0.9989 0.0006 0.0002
0.0002 0.9993 0.0003 0.0002 0.9989 0.0005 0.0002 0.0004 0.9989 0.0005 0.0002 0.0004 0.0003 0.9991 0.0004 0.0002
0.0003 0.9991 0.0004 0.0002 0.0002 0.9993 0.0003 0.0002 0.0002 0.9993 0.0003 0.0002 0.0002 0.9993 0.0003 0.0002
0.0002 0.0004 0.9990 0.0003 0.9991 0.0004 0.0002 0.0003 0.0003 0.0002 0.0003 0.9992 0.0002 0.0004 0.9990 0.0003
0.0003 0.0002 0.0003 0.9992 0.9991 0.0004 0.0002 0.0003 0.0003 0.9992 0.0004 0.0002 0.0003 0.9991 0.0004 0.0002
0.0003 0.0002 0.0003 0.9992 0.0003 0.0002 0.0003 0.9992 0.0003 0.9992 0.0004 0.0002 0.9992 0.0003 0.0002 0.0003
0.9991 0.0004 0.0002 0.0003 0.9992 0.0003 0.0002 0.0003 0.0003 0.9991 0.0004 0.0002 0.9992 0.0003 0.0002 0.0003
0.0003 0.9992 0.0003 0.0002 0.0003 0.9991 0.0004 0.0002 0.0003 0.9992 0.0003 0.0002 0.9992 0.0003 0.0002 0.0003
0.0003 0.9992 0.0003 0.0002 0.0003 0.9991 0.0004 0.0002 0.0002 0.0004 0.9991 0.0003 0.9992 0.0003 0.0002 0.0003
0.0003 0.9992 0.0004 0.0002 0.0003 0.9991 0.0004 0.0002 0.0003 0.9992 0.0003 0.0002 0.0003 0.0002 0.0003 0.9991
0.0003 0.0002 0.0003 0.9991 0.0002 0.0004 0.9991 0.0003 0.0003 0.9992 0.0004 0.0002 0.0003 0.9992 0.0004 0.0002
0.0002 0.0004 0.9991 0.0003 0.0003 0.0002 0.0003 0.9991 0.0002 0.0004 0.9991 0.0003 0.0003 0.0002 0.0003 0.9993
0.0002 0.0004 0.9991 0.0003 0.0003 0.9992 0.0004 0.0002 0.9992 0.0004 0.0002 0.0003 0.0003 0.9993 0.0003 0.0002
0.9992 0.0003 0.0002 0.0003 0.0002 0.0004 0.9991 0.0003 0.9992 0.0003 0.0002 0.0003 0.9991 0.0004 0.0002 0.0003
0.0003 0.0003 0.0003 0.9991 0.0002 0.0004 0.9990 0.0003 0.0002 0.0004 0.9991 0.0003 0.0003 0.9992 0.0004 0.0002
0.0002 0.0004 0.9991 0.0003 0.0003 0.0002 0.0003 0.9991 0.0003 0.9992 0.0004 0.0002 0.0003 0.9992 0.0004 0.0002
0.9992 0.0003 0.0002 0.0003 0.9991 0.0004 0.0002 0.0003 0.0003 0.9991 0.0004 0.0002 0.0003 0.0002 0.0003 0.9991
0.0003 0.0002 0.0003 0.9992 0.0002 0.0004 0.9991 0.0003 0.0002 0.0004 0.9991 0.0003 0.0003 0.0002 0.0003 0.9992
0.0002 0.0004 0.9991 0.0003 0.0003 0.9992 0.0003 0.0002 0.9992 0.0004 0.0002 0.0003 0.0002 0.0004 0.9991 0.0003
0.9992 0.0003 0.0002 0.0003 0.9991 0.0004 0.0002 0.0003 0.9992 0.0003 0.0002 0.0003 0.0003 0.9991 0.0004 0.0002
0.0003 0.0003 0.0003 0.9991 0.0002 0.0004 0.9991 0.0003 0.0003 0.0002 0.0003 0.9992 0.0002 0.0004 0.9991 0.0003
0.0002 0.0004 0.9991 0.0003 0.0003 0.0002 0.0003 0.9991 0.0002 0.0004 0.9991 0.0003 0.0002 0.0004 0.9991 0.0003
0.9992 0.0003 0.0002 0.0003 0.9991 0.0004 0.0002 0.0003 0.0002 0.0004 0.9990 0.0003 0.9992 0.0003 0.0002 0.0003
0.0002 0.0004 0.9991 0.0003 0.0003 0.0003 0.0003 0.9991 0.9992 0.0003 0.0002 0.0003 0.0003 0.9992 0.0004 0.0002
0.0002 0.0004 0.9990 0.0003 0.0003 0.0002 0.0003 0.9992 0.9992 0.0003 0.0002 0.0003 0.0003 0.9992 0.0004 0.0002
0.0003 0.0003 0.0003 0.9991 0.0003 0.0002 0.0003 0.9992 0.9993 0.0003 0.0002 0.0003 0.0002 0.0004 0.9991 0.0003
0.9992 0.0003 0.0002 0.0003 0.0003 0.0002 0.0003 0.9992 0.0002 0.0004 0.9990 0.0003 0.0002 0.0004 0.9991 0.0003
0.9992 0.0003 0.0002 0.0003 0.9991 0.0004 0.0002 0.0003 0.0002 0.0004 0.9990 0.0003 0.0003 0.0002 0.0003 0.9991
0.0003 0.0002 0.0003 0.9992 0.0003 0.9992 0.0004 0.0002 0.0003 0.9992 0.0003 0.0002 0.9991 0.0004 0.0002 0.0003
0.0002 0.0004 0.9991 0.0003 0.0002 0.0004 0.9990 0.0003 0.0002 0.0004 0.9991 0.0003 0.0002 0.0004 0.9991 0.0003
0.0002 0.0004 0.9991 0.0003 0.0003 0.0002 0.0003 0.9991 0.0003 0.9992 0.0004 0.0002 0.0003 0.0002 0.0003 0.9992
0.0003 0.9992 0.0003 0.0002 0.9992 0.0003 0.0002 0.0003 0.9992 0.0004 0.0002 0.0003 0.0003 0.9991 0.0004 0.0002
0.0002 0.0004 0.9990 0.0003 0.0003 0.0002 0.0003 0.9992 0.0003 0.0002 0.0003 0.9992 0.0002 0.0004 0.9991 0.0003
0.9993 0.0003 0.0001 0.0003 0.9991 0.0004 0.0002 0.0003 0.0003 0.9991 0.0004 0.0002 0.0003 0.9992 0.0004 0.0002
0.9992 0.0004 0.0002 0.0003 0.9992 0.0004 0.0002 0.0003 0.0002 0.0004 0.9990 0.0003 0.9992 0.0003 0.0002 0.0003
0.9992 0.0003 0.0002 0.0003 0.0002 0.0004 0.9990 0.0003 0.0002 0.0004 0.9990 0.0003 0.9992 0.0003 0.0002 0.0003
0.0002 0.0004 0.9991 0.0003 0.0003 0.0003 0.0003 0.9991 0.0003 0.9992 0.0004 0.0002 0.0003 0.9992 0.0004 0.0002
0.0003 0.0002 0.0003 0.9991 0.9992 0.0004 0.0002 0.0003 0.9992 0.0003 0.0002 0.0003 0.0002 0.0004 0.9990 0.0003
0.0002 0.0004 0.9990 0.0003 0.9992 0.0003 0.0002 0.0003 0.0002 0.0004 0.9991 0.0003 0.9992 0.0003 0.0002 0.0003
0.0002 0.0004 0.9991 0.0003 0.0003 0.9991 0.0004 0.0002 0.0002 0.0004 0.9991 0.0003 0.9992 0.0003 0.0002 0.0003
0.0003 0.9992 0.0004 0.0002 0.0003 0.9991 0.0004 0.0002 0.0003 0.9992 0.0003 0.0002 0.0003 0.9992 0.0004 0.0002
0.0002 0.0004 0.9991 0.0003 0.0003 0.0002 0.0003 0.9991 0.0003 0.0002 0.0003 0.9992 0.0002 0.0004 0.9991 0.0003
0.0002 0.0004 0.9991 0.0003 0.0003 0.9992 0.0004 0.0002 0.0002 0.0004 0.9991 0.0003 0.0003 0.0002 0.0003 0.9991
0.9992 0.0004 0.0002 0.0003 0.9992 0.0003 0.0002 0.0003 0.0003 0.9991 0.0004 0.0002 0.0003 0.9991 0.0004 0.0002
0.0003 0.0002 0.0003 0.9992 0.0003 0.0002 0.0003 0.9992 0.0003 0.0002 0.0003 0.9992 0.0003 0.9992 0.0004 0.0002
0.0003 0.9992 0.0004 0.0002 0.0002 0.0004 0.9991 0.0003 0.0002 0.0004 0.9991 0.0003 0.0002 0.0004 0.9991 0.0003
0.0003 0.9992 0.0004 0.0002 0.0002 0.0004 0.9991 0.0003 0.0002 0.0004 0.9990 0.0003 0.0003 0.0002 0.0003 0.9991
0.9991 0.0004 0.0002 0.0003 0.0002 0.0004 0.9991 0.0003 0.0003 0.0002 0.0003 0.9991 0.9991 0.0004 0.0002 0.0003
0.0003 0.9992 0.0004 0.0002 0.0002 0.0004 0.9990 0.0003 0.0002 0.0004 0.9991 0.0003 0.9992 0.0004 0.0002 0.0003
0.0002 0.0004 0.9991 0.0003 0.0003 0.0003 0.0003 0.9991 0.9992 0.0004 0.0002 0.0003 0.0002 0.0004 0.9991 0.0003
0.0002 0.0004 0.9990 0.0003 0.0002 0.0004 0.9991 0.0003 0.0003 0.9992 0.0004 0.0002 0.0002 0.0004 0.9991 0.0003
0.0003 0.9992 0.0003 0.0002 0.0002 0.0004 0.9991 0.0003 0.0002 0.0004 0.9991 0.0003 0.0003 0.0002 0.0003 0.9991
0.0002 0.0004 0.9991 0.0003 0.0003 0.0002 0.0003 0.9992 0.0003 0.9991 0.0004 0.0002 0.0003 0.9992 0.0003 0.0002
0.0002 0.0004 0.9990 0.0003 0.0003 0.0002 0.0003 0.9992 0.0003 0.0002 0.0003 0.9992 0.9992 0.0003 0.0002 0.0003
0.0003 0.9992 0.0004 0.0002 0.9992 0.0003 0.0002 0.0003 0.0003 0.0002 0.0003 0.9992 0.0003 0.9991 0.0004 0.0002
0.9992 0.0003 0.0002 0.0003 0.9992 0.0003 0.0002 0.0003 0.0002 0.0004 0.9990 0.0003 0.0003 0.0003 0.0003 0.9991
0.0003 0.0002 0.0003 0.9992 0.0002 0.0004 0.9991 0.0003 0.0002 0.0004 0.9991 0.0003 0.0003 0.0002 0.0003 0.9992
0.0003 0.9992 0.0004 0.0002 0.0003 0.9992 0.0003 0.0002 0.9992 0.0004 0.0002 0.0003 0.0002 0.0004 0.9991 0.0003
0.0002 0.0004 0.9990 0.0003 0.9991 0.0004 0.0002 0.0003 0.9992 0.0003 0.0002 0.0003 0.9992 0.0003 0.0002 0.0003
0.0003 0.0003 0.0003 0.9991 0.0002 0.0004 0.9990 0.0003 0.0002 0.0004 0.9991 0.0003 0.0003 0.0002 0.0003 0.9992
0.0002 0.0004 0.9991 0.0003 0.0003 0.0002 0.0003 0.9992 0.0002 0.0004 0.9991 0.0003 0.0003 0.0002 0.0003 0.9993
0.0002 0.0004 0.9991 0.0003 0.0003 0.9992 0.0003 0.0002 0.0003 0.9992 0.0004 0.0002 0.0003 0.9992 0.0003 0.0002
0.9992 0.0004 0.0002 0.0003 0.0002 0.0004 0.9991 0.0003 0.0003 0.9991 0.0004 0.0002 0.9991 0.0004 0.0002 0.0003
0.0002 0.0004 0.9991 0.0003 0.0003 0.0003 0.0003 0.9991 0.0002 0.0004 0.9991 0.0003 0.0003 0.0002 0.0003 0.9992
0.9992 0.0003 0.0002 0.0003 0.9992 0.0003 0.0002 0.0003 0.9992 0.0003 0.0002 0.0003 0.0002 0.0004 0.9990 0.0003
0.9992 0.0003 0.0002 0.0003 0.0003 0.9992 0.0004 0.0002 0.0002 0.0004 0.9990 0.0003 0.0002 0.0004 0.9990 0.0003
0.0003 0.0002 0.0003 0.9992 0.9991 0.0004 0.0002 0.0003 0.0003 0.9992 0.0003 0.0002 0.9992 0.0003 0.0002 0.0003
0.9992 0.0004 0.0002 0.0003 0.0002 0.0004 0.9990 0.0003 0.0003 0.9991 0.0004 0.0002 0.0002 0.0004 0.9991 0.0003
0.0003 0.9992 0.0003 0.0002 0.9992 0.0003 0.0002 0.0003 0.0002 0.0004 0.9991 0.0003 0.0003 0.0003 0.0003 0.9991
0.0003 0.0002 0.0003 0.9992 0.9993 0.0003 0.0002 0.0003 0.0003 0.0002 0.0003 0.9992 0.9992 0.0003 0.0002 0.0003
0.0003 0.0002 0.0003 0.9993 0.0003 0.0003 0.0003 0.9991 0.9992 0.0003 0.0002 0.0003 0.9993 0.0003 0.0002 0.0003
0.0002 0.0004 0.9990 0.0003 0.0003 0.0002 0.0003 0.9991 0.9992 0.0004 0.0002 0.0003 0.0003 0.9992 0.0004 0.0002
0.0002 0.0004 0.9990 0.0003 0.0003 0.0002 0.0003 0.9992 0.9992 0.0003 0.0002 0.0003 0.9992 0.0003 0.0002 0.0003
0.0003 0.9992 0.0004 0.0002 0.0003 0.9991 0.0004 0.0002 0.0002 0.0004 0.9991 0.0003 0.0003 0.9992 0.0003 0.0002
0.9992 0.0004 0.0002 0.0003 0.9992 0.0004 0.0002 0.0003 0.9992 0.0003 0.0002 0.0003 0.9992 0.0003 0.0002 0.0003
0.9992 0.0003 0.0002 0.0003 0.9992 0.0003 0.0002 0.0003 0.0003 0.0003 0.0003 0.9991 0.9992 0.0003 0.0002 0.0003
0.0003 0.0002 0.0003 0.9992 0.0003 0.0003 0.0003 0.9991 0.0002 0.0004 0.9991 0.0003 0.9993 0.0003 0.0002 0.0003
0.9991 0.0004 0.0002 0.0003 0.9992 0.0003 0.0002 0.0003 0.9992 0.0003 0.0002 0.0003 0.0002 0.0004 0.9990 0.0003
0.0003 0.0003 0.0003 0.9991 0.9992 0.0003 0.0002 0.0003 0.0002 0.0004 0.9991 0.0003 0.0002 0.0004 0.9990 0.0003
0.0003 0.0002 0.0003 0.9992 0.9992 0.0003 0.0002 0.0003 0.0002 0.0004 0.9991 0.0003 0.9992 0.0003 0.0002 0.0003
0.0003 0.0002 0.0003 0.9992 0.0002 0.0004 0.9990 0.0003 0.9993 0.0003 0.0001 0.0003 0.9992 0.0003 0.0002 0.0003
0.0002 0.0004 0.9990 0.0003 0.0003 0.0003 0.0003 0.9991 0.0002 0.0004 0.9991 0.0003 0.0002 0.0004 0.9991 0.0003
0.0002 0.0004 0.9991 0.0003 0.0002 0.0004 0.9991 0.0003 0.0002 0.0004 0.9991 0.0003 0.9992 0.0003 0.0002 0.0003
0.0003 0.9992 0.0004 0.0002 0.0003 0.9991 0.0004 0.0002 0.9992 0.0004 0.0002 0.0003 0.0002 0.0004 0.9991 0.0003
0.0002 0.0004 0.9990 0.0003 0.0002 0.0004 0.9991 0.0003 0.0002 0.0004 0.9991 0.0003 0.0003 0.9992 0.0004 0.0002
0.0003 0.9992 0.0004 0.0002 0.0003 0.9992 0.0003 0.0002 0.0003 0.0002 0.0003 0.9991 0.0003 0.9992 0.0003 0.0002
0.0003 0.0002 0.0003 0.9993 0.0002 0.0004 0.9991 0.0003 0.0002 0.0004 0.9991 0.0003 0.0003 0.9992 0.0004 0.0002
0.0002 0.0004 0.9991 0.0003 0.0003 0.9992 0.0003 0.0002 0.0003 0.0002 0.0003 0.9992 0.9991 0.0004 0.0002 0.0003
0.0002 0.0004 0.9991 0.0003 0.0003 0.0003 0.0003 0.9991 0.9991 0.0004 0.0002 0.0003 0.0003 0.9992 0.0004 0.0002
0.0003 0.9992 0.0004 0.0002 0.0003 0.9992 0.0003 0.0002 0.0002 0.0004 0.9991 0.0003 0.0003 0.0002 0.0003 0.9992
0.0003 0.9992 0.0004 0.0002 0.0003 0.9992 0.0004 0.0002 0.0002 0.0004 0.9990 0.0003 0.0002 0.0004 0.9991 0.0003
0.0002 0.0004 0.9991 0.0003 0.0003 0.9992 0.0004 0.0002 0.0002 0.0004 0.9991 0.0003 0.0003 0.0002 0.0003 0.9991
0.9992 0.0004 0.0002 0.0003 0.9992 0.0003 0.0002 0.0003 0.0002 0.0004 0.9990 0.0003 0.0003 0.9991 0.0004 0.0002
0.0002 0.0004 0.9991 0.0003 0.0003 0.0002 0.0003 0.9992 0.0003 0.0002 0.0003 0.9991 0.0002 0.0004 0.9991 0.0003
0.0003 0.9992 0.0003 0.0002 0.0003 0.0002 0.0003 0.9992 0.0002 0.0004 0.9991 0.0003 0.9992 0.0003 0.0001 0.0003
0.0003 0.0002 0.0003 0.9992 0.0003 0.9991 0.0004 0.0002 0.0003 0.9992 0.0003 0.0002 0.0003 0.9992 0.0003 0.0002
0.0003 0.9993 0.0003 0.0002 0.0003 0.9992 0.0003 0.0002 0.0002 0.0004 0.9991 0.0003 0.9992 0.0004 0.0002 0.0003
0.0003 0.0002 0.0003 0.9992 0.0002 0.0004 0.9990 0.0003 0.0002 0.0004 0.9991 0.0003 0.0003 0.0002 0.0003 0.9992
0.0003 0.9992 0.0004 0.0002 0.0003 0.0002 0.0003 0.9992 0.0002 0.0004 0.9990 0.0003 0.0003 0.0002 0.0003 0.9993
0.0003 0.9992 0.0004 0.0002 0.0002 0.0004 0.9991 0.0003 0.9992 0.0004 0.0002 0.0003 0.9991 0.0004 0.0002 0.0003
0.0003 0.0003 0.0003 0.9991 0.0002 0.0004 0.9990 0.0003 0.9992 0.0003 0.0002 0.0003 0.0003 0.0002 0.0003 0.9992
0.9992 0.0003 0.0002 0.0003 0.9993 0.0003 0.0001 0.0003 0.0002 0.0004 0.9990 0.0003 0.0002 0.0004 0.9990 0.0003
0.0003 0.0002 0.0003 0.9992 0.9992 0.0003 0.0002 0.0003 0.0002 0.0004 0.9991 0.0003 0.0002 0.0004 0.9990 0.0003
0.0003 0.9992 0.0004 0.0002 0.0003 0.9992 0.0004 0.0002 0.0003 0.9992 0.0003 0.0002 0.0003 0.9992 0.0003 0.0002
0.0003 0.0002 0.0003 0.9992 0.0002 0.0004 0.9991 0.0003 0.9992 0.0003 0.0002 0.0003 0.0002 0.0004 0.9991 0.0003
0.9992 0.0003 0.0002 0.0003 0.9992 0.0004 0.0002 0.0003 0.0003 0.0003 0.0003 0.9991 0.0002 0.0004 0.9990 0.0003
0.0003 0.0002 0.0003 0.9992 0.0003 0.0002 0.0003 0.9992 0.0003 0.9992 0.0003 0.0002 0.0003 0.9992 0.0003 0.0002
0.0003 0.9992 0.0003 0.0002 0.0002 0.0004 0.9991 0.0003 0.0003 0.9992 0.0003 0.0002 0.0002 0.0004 0.9991 0.0003
0.0002 0.0004 0.9991 0.0003 0.0003 0.9992 0.0004 0.0002 0.0003 0.0002 0.0003 0.9992 0.0002 0.0004 0.9990 0.0003
0.0002 0.0004 0.9991 0.0003 0.9991 0.0004 0.0002 0.0003 0.9991 0.0004 0.0002 0.0003 0.9992 0.0003 0.0002 0.0003
0.0003 0.0002 0.0003 0.9991 0.0003 0.0003 0.0003 0.9991 0.0002 0.0004 0.9991 0.0003 0.9992 0.0003 0.0002 0.0003
0.0003 0.0002 0.0003 0.9992 0.0003 0.9991 0.0004 0.0002 0.0003 0.0002 0.0003 0.9992 0.9992 0.0003 0.0002 0.0003
0.0003 0.0002 0.0002 0.9993 0.0003 0.0003 0.0003 0.9991 0.0003 0.0002 0.0002 0.9993 0.0003 0.9992 0.0004 0.0002
0.0003 0.0002 0.0002 0.9993 0.0003 0.9992 0.0003 0.0002 0.9992 0.0004 0.0002 0.0003 0.0003 0.9992 0.0003 0.0002
0.9992 0.0003 0.0002 0.0003 0.9992 0.0004 0.0002 0.0003 0.0003 0.0002 0.0003 0.9991 0.9992 0.0003 0.0002 0.0003
0.0002 0.0004 0.9991 0.0003 0.0004 0.0003 0.0003 0.9991 0.9991 0.0004 0.0002 0.0003 0.0003 0.9992 0.0004 0.0002
0.0003 0.0002 0.0003 0.9991 0.0003 0.9992 0.0003 0.0002 0.9992 0.0003 0.0002 0.0003 0.9992 0.0004 0.0002 0.0003
0.0003 0.0002 0.0003 0.9991 0.0002 0.0004 0.9990 0.0003 0.0003 0.9992 0.0004 0.0002 0.0003 0.9992 0.0004 0.0002
0.0002 0.0004 0.9991 0.0003 0.0002 0.0004 0.9990 0.0003 0.0003 0.0002 0.0003 0.9992 0.9991 0.0004 0.0002 0.0003
0.0003 0.0002 0.0003 0.9992 0.0003 0.9991 0.0004 0.0002 0.0003 0.9992 0.0003 0.0002 0.9992 0.0004 0.0002 0.0003
0.0002 0.0004 0.9991 0.0003 0.0003 0.0003 0.0003 0.9991 0.9991 0.0004 0.0002 0.0003 0.0003 0.0002 0.0003 0.9992
0.9992 0.0003 0.0002 0.0003 0.9992 0.0003 0.0002 0.0003 0.0002 0.0004 0.9990 0.0003 0.0003 0.0002 0.0003 0.9991
0.9992 0.0003 0.0002 0.0003 0.9992 0.0003 0.0002 0.0003 0.0002 0.0004 0.9990 0.0003 0.9992 0.0003 0.0002 0.0003
0.0003 0.9992 0.0004 0.0002 0.0003 0.0002 0.0003 0.9991 0.9992 0.0003 0.0002 0.0003 0.0003 0.0002 0.0003 0.9992
0.0003 0.9991 0.0004 0.0002 0.0003 0.9992 0.0003 0.0002 0.9992 0.0003 0.0002 0.0003 0.0003 0.0002 0.0003 0.9992
0.0003 0.9991 0.0004 0.0002 0.0003 0.9992 0.0004 0.0002 0.0003 0.0002 0.0003 0.9991 0.0002 0.0004 0.9991 0.0003
0.9992 0.0003 0.0002 0.0003 0.0003 0.9992 0.0004 0.0002 0.0002 0.0004 0.9990 0.0003 0.0002 0.0004 0.9990 0.0003
0.0003 0.9992 0.0004 0.0002 0.9991 0.0004 0.0002 0.0003 0.9992 0.0003 0.0002 0.0003 0.0003 0.0002 0.0003 0.9991
0.0003 0.0003 0.0003 0.9991 0.0003 0.9992 0.0004 0.0002 0.0003 0.9992 0.0004 0.0002 0.9991 0.0004 0.0002 0.0003
0.9991 0.0004 0.0002 0.0003 0.0003 0.0002 0.0003 0.9991 0.0002 0.0004 0.9990 0.0003 0.0003 0.0002 0.0003 0.9992
0.9992 0.0003 0.0002 0.0003 0.0003 0.9992 0.0004 0.0002 0.0003 0.0003 0.0003 0.9991 0.0003 0.0002 0.0003 0.9992
0.0002 0.0004 0.9991 0.0003 0.9992 0.0003 0.0002 0.0003 0.0003 0.0002 0.0003 0.9992 0.0002 0.0004 0.9990 0.0003
0.0002 0.0004 0.9991 0.0003 0.0003 0.9992 0.0004 0.0002 0.0003 0.9992 0.0004 0.0002 0.9992 0.0004 0.0002 0.0003
0.0002 0.0004 0.9990 0.0003 0.0003 0.0003 0.0003 0.9991 0.0003 0.9992 0.0004 0.0002 0.0003 0.0002 0.0003 0.9992
0.9992 0.0004 0.0002 0.0003 0.9992 0.0003 0.0002 0.0003 0.0003 0.9991 0.0004 0.0002 0.0003 0.9991 0.0004 0.0002
0.0003 0.9992 0.0003 0.0002 0.0002 0.0004 0.9991 0.0003 0.0003 0.9992 0.0003 0.0002 0.0003 0.9992 0.0004 0.0002
0.0003 0.0002 0.0003 0.9991 0.0002 0.0004 0.9990 0.0003 0.0003 0.0002 0.0003 0.9992 0.0003 0.9992 0.0004 0.0002
0.0002 0.0004 0.9991 0.0003 0.0003 0.9992 0.0003 0.0002 0.9991 0.0004 0.0002 0.0003 0.0003 0.0002 0.0003 0.9991
0.0002 0.0004 0.9990 0.0003 0.0003 0.9992 0.0004 0.0002 0.0003 0.0002 0.0003 0.9992 0.0003 0.9992 0.0003 0.0002
0.9993 0.0003 0.0001 0.0003 0.9991 0.0004 0.0002 0.0003 0.0003 0.0002 0.0003 0.9991 0.9992 0.0003 0.0002 0.0003
0.9992 0.0003 0.0002 0.0003 0.9992 0.0003 0.0002 0.0003 0.0003 0.0002 0.0003 0.9991 0.0002 0.0004 0.9990 0.0003
0.0003 0.0002 0.0003 0.9992 0.0002 0.0004 0.9991 0.0003 0.0003 0.9992 0.0003 0.0002 0.0003 0.9992 0.0004 0.0002
0.0003 0.0002 0.0003 0.9992 0.0003 0.9992 0.0003 0.0002 0.9992 0.0003 0.0002 0.0003 0.9992 0.0004 0.0002 0.0003
0.0002 0.0004 0.9990 0.0003 0.0003 0.0002 0.0003 0.9991 0.9992 0.0004 0.0002 0.0003 0.9992 0.0003 0.0002 0.0003
0.0003 0.0003 0.0003 0.9991 0.9992 0.0003 0.0002 0.0003 0.9992 0.0003 0.0002 0.0003 0.9992 0.0003 0.0002 0.0003
0.0002 0.0004 0.9990 0.0003 0.0003 0.0003 0.0003 0.9991 0.0003 0.9992 0.0004 0.0002 0.0003 0.9992 0.0004 0.0002
0.0002 0.0004 0.9990 0.0003 0.0002 0.0004 0.9991 0.0003 0.9992 0.0004 0.0002 0.0003 0.0002 0.0004 0.9991 0.0003
0.0003 0.0002 0.0003 0.9991 0.0003 0.0002 0.0003 0.9991 0.0002 0.0004 0.9991 0.0003 0.0003 0.9992 0.0003 0.0002
0.0003 0.0002 0.0003 0.9992 0.0003 0.0002 0.0003 0.9992 0.0003 0.0002 0.0003 0.9992 0.0002 0.0004 0.9991 0.0003
0.0003 0.9992 0.0003 0.0002 0.0003 0.9992 0.0004 0.0002 0.0003 0.9992 0.0003 0.0002 0.0003 0.9992 0.0003 0.0002
0.0002 0.0004 0.9991 0.0003 0.0003 0.9992 0.0003 0.0002 0.0003 0.0002 0.0003 0.9992 0.0002 0.0004 0.9991 0.0003
0.0003 0.9992 0.0004 0.0002 0.0003 0.9992 0.0004 0.0002 0.0002 0.0004 0.9991 0.0003 0.0002 0.0004 0.9990 0.0003
0.9991 0.0004 0.0002 0.0003 0.0002 0.0004 0.9991 0.0003 0.0003 0.9991 0.0004 0.0002 0.0003 0.9991 0.0004 0.0002
0.0003 0.0002 0.0003 0.9992 0.0002 0.0004 0.9990 0.0003 0.0003 0.9992 0.0004 0.0002 0.0002 0.0004 0.9991 0.0003
0.0003 0.9992 0.0003 0.0002 0.0003 0.0002 0.0003 0.9991 0.9991 0.0004 0.0002 0.0003 0.9992 0.0003 0.0001 0.0003
0.9992 0.0003 0.0002 0.0003 0.0002 0.0004 0.9990 0.0003 0.0002 0.0004 0.9990 0.0003 0.9992 0.0004 0.0002 0.0003
0.0002 0.0004 0.9991 0.0003 0.0003 0.9992 0.0004 0.0002 0.9992 0.0003 0.0002 0.0003 0.9992 0.0003 0.0002 0.0003
0.0003 0.0003 0.0003 0.9991 0.0003 0.9991 0.0004 0.0002 0.0003 0.0002 0.0003 0.9992 0.0002 0.0004 0.9991 0.0003
0.0003 0.0002 0.0003 0.9993 0.0003 0.9992 0.0004 0.0002 0.0003 0.9992 0.0003 0.0002 0.0003 0.9992 0.0003 0.0002
0.0003 0.9992 0.0003 0.0002 0.0003 0.9992 0.0003 0.0002 0.0003 0.0002 0.0003 0.9992 0.0003 0.9992 0.0003 0.0002
0.9992 0.0003 0.0002 0.0003 0.0002 0.0004 0.9991 0.0003 0.9992 0.0003 0.0002 0.0003 0.0002 0.0004 0.9991 0.0003
0.0003 0.0003 0.0003 0.9991 0.0002 0.0004 0.9991 0.0003 0.9992 0.0003 0.0002 0.0003 0.9992 0.0004 0.0002 0.0003
0.9992 0.0003 0.0002 0.0003 0.9992 0.0003 0.0002 0.0003 0.0003 0.0003 0.0003 0.9991 0.0002 0.0004 0.9990 0.0003
0.0002 0.0004 0.9991 0.0003 0.0002 0.0004 0.9991 0.0003 0.0003 0.9992 0.0004 0.0002 0.0002 0.0004 0.9991 0.0003
0.0003 0.9992 0.0003 0.0002 0.0003 0.9992 0.0004 0.0002 0.0002 0.0004 0.9991 0.0003 0.0003 0.0002 0.0003 0.9991
0.9991 0.0004 0.0002 0.0003 0.0003 0.0002 0.0003 0.9993 0.9992 0.0003 0.0002 0.0003 0.9992 0.0003 0.0002 0.0003
0.9992 0.0003 0.0002 0.0003 0.0003 0.0002 0.0003 0.9991 0.0002 0.0004 0.9990 0.0003 0.9992 0.0003 0.0002 0.0003
0.9992 0.0003 0.0002 0.0003 0.0003 0.9991 0.0004 0.0002 0.0003 0.9992 0.0004 0.0002 0.9992 0.0003 0.0002 0.0003
0.9992 0.0003 0.0002 0.0003 0.0002 0.0004 0.9990 0.0003 0.9992 0.0003 0.0002 0.0003 0.0003 0.9992 0.0004 0.0002
0.9992 0.0003 0.0002 0.0003 0.0002 0.0004 0.9990 0.0003 0.0003 0.9991 0.0004 0.0002 0.9992 0.0004 0.0002 0.0003
0.0002 0.0004 0.9991 0.0003 0.0003 0.9991 0.0004 0.0002 0.0003 0.9992 0.0004 0.0002 0.0003 0.9992 0.0003 0.0002
0.0003 0.9992 0.0003 0.0002 0.0003 0.9992 0.0003 0.0002 0.0003 0.0002 0.0003 0.9991 0.0003 0.0002 0.0003 0.9991
0.0002 0.0004 0.9991 0.0003 0.0003 0.0002 0.0003 0.9992 0.0003 0.9992 0.0004 0.0002 0.0003 0.9992 0.0004 0.0002
0.9992 0.0004 0.0002 0.0003 0.9991 0.0004 0.0002 0.0003 0.0003 0.0002 0.0003 0.9991 0.0003 0.0002 0.0003 0.9991
0.0002 0.0004 0.9991 0.0003 0.0002 0.0004 0.9991 0.0003 0.0002 0.0004 0.9991 0.0003 0.0003 0.0002 0.0003 0.9992
0.0003 0.0002 0.0003 0.9991 0.0002 0.0004 0.9991 0.0003 0.0003 0.0002 0.0003 0.9992 0.0002 0.0004 0.9991 0.0003
0.0003 0.9992 0.0003 0.0002 0.0003 0.9992 0.0004 0.0002 0.0003 0.0002 0.0003 0.9992 0.0003 0.0002 0.0003 0.9992
0.9992 0.0003 0.0002 0.0003 0.0003 0.0002 0.0003 0.9993 0.0003 0.9991 0.0004 0.0002 0.9992 0.0003 0.0002 0.0003
0.0003 0.9992 0.0003 0.0002 0.0002 0.0004 0.9990 0.0003 0.0002 0.0004 0.9991 0.0003 0.0003 0.9992 0.0004 0.0002
0.0002 0.0004 0.9991 0.0003 0.9992 0.0004 0.0002 0.0003 0.0003 0.0002 0.0003 0.9991 0.0003 0.0002 0.0003 0.9991
0.0003 0.9992 0.0003 0.0002 0.0003 0.9992 0.0004 0.0002 0.0003 0.9993 0.0003 0.0002 0.0002 0.0004 0.9991 0.0003
0.9991 0.0004 0.0002 0.0003 0.0002 0.0004 0.9991 0.0003 0.0003 0.9991 0.0004 0.0002 0.9992 0.0004 0.0002 0.0003
0.0003 0.9992 0.0003 0.0002 0.0003 0.9991 0.0004 0.0002 0.0002 0.0004 0.9991 0.0003 0.0003 0.9992 0.0003 0.0002
0.9991 0.0004 0.0002 0.0003 0.9992 0.0004 0.0002 0.0003 0.0003 0.9991 0.0004 0.0002 0.0003 0.9991 0.0004 0.0002
0.0003 0.0002 0.0003 0.9992 0.0003 0.9992 0.0003 0.0002 0.0003 0.9992 0.0004 0.0002 0.0003 0.9992 0.0003 0.0002
0.0003 0.9992 0.0003 0.0002 0.0002 0.0004 0.9991 0.0003 0.0002 0.0004 0.9991 0.0003 0.0002 0.0004 0.9991 0.0003
0.0003 0.0002 0.0003 0.9992 0.0002 0.0004 0.9991 0.0003 0.0003 0.0002 0.0003 0.9992 0.0003 0.0002 0.0003 0.9991
0.0003 0.0002 0.0003 0.9993 0.0003 0.9992 0.0003 0.0002 0.0003 0.0002 0.0002 0.9993 0.0002 0.0004 0.9991 0.0003
0.0003 0.9992 0.0003 0.0002 0.0002 0.0004 0.9991 0.0003 0.0002 0.9992 0.0003 0.0002 0.0003 0.9992 0.0004 0.0002
0.0003 0.9992 0.0003 0.0002 0.0003 0.9992 0.0003 0.0002 0.9991 0.0004 0.0002 0.0003 0.0002 0.0004 0.9991 0.0003
0.0003 0.9991 0.0004 0.0002 0.0003 0.0002 0.0003 0.9992 0.0003 0.9992 0.0003 0.0002 0.0003 0.9992 0.0004 0.0002
0.9992 0.0004 0.0002 0.0003 0.0002 0.0004 0.9991 0.0003 0.0002 0.0004 0.9990 0.0003 0.0003 0.9992 0.0004 0.0002
0.0003 0.9992 0.0004 0.0002 0.0003 0.9992 0.0003 0.0002 0.0003 0.9992 0.0003 0.0002 0.0003 0.9992 0.0003 0.0002
0.0002 0.0004 0.9991 0.0003 0.0003 0.9992 0.0003 0.0002 0.0003 0.9992 0.0004 0.0002 0.0003 0.9992 0.0003 0.0002
0.0003 0.9992 0.0003 0.0002 0.0003 0.9992 0.0003 0.0002 0.0002 0.0004 0.9990 0.0003 0.0002 0.0004 0.9990 0.0003
0.0003 0.0002 0.0003 0.9992 0.0002 0.0004 0.9991 0.0003 0.0002 0.0004 0.9991 0.0003 0.0002 0.0004 0.9991 0.0003
0.0003 0.9992 0.0004 0.0002 0.0002 0.0004 0.9991 0.0003 0.0003 0.9992 0.0003 0.0002 0.0003 0.9992 0.0004 0.0002
0.0002 0.0004 0.9991 0.0003 0.0003 0.0002 0.0003 0.9991 0.0003 0.9992 0.0004 0.0002 0.0003 0.0002 0.0003 0.9993
0.0003 0.0002 0.0003 0.9991 0.0002 0.0004 0.9991 0.0003 0.0002 0.0004 0.9991 0.0003 0.9991 0.0004 0.0002 0.0003
0.0003 0.9992 0.0004 0.0002 0.0003 0.9992 0.0004 0.0002 0.0002 0.0004 0.9990 0.0003 0.0003 0.0002 0.0003 0.9992
0.9991 0.0004 0.0002 0.0003 0.0003 0.0002 0.0003 0.9992 0.9992 0.0003 0.0002 0.0003 0.0003 0.0002 0.0003 0.9993
0.9992 0.0003 0.0002 0.0003 0.0003 0.9992 0.0003 0.0002 0.0003 0.9991 0.0004 0.0002 0.0002 0.0004 0.9991 0.0003
0.0002 0.0004 0.9991 0.0003 0.9991 0.0004 0.0002 0.0003 0.9992 0.0004 0.0002 0.0003 0.0003 0.0002 0.0003 0.9991
0.0003 0.0003 0.0003 0.9991 0.0003 0.0002 0.0003 0.9992 0.9992 0.0003 0.0002 0.0003 0.0002 0.0004 0.9991 0.0003
0.9992 0.0003 0.0002 0.0003 0.9991 0.0004 0.0002 0.0003 0.0002 0.0004 0.9990 0.0003 0.0003 0.0002 0.0003 0.9991
0.9992 0.0003 0.0002 0.0003 0.0003 0.9992 0.0004 0.0002 0.0002 0.0004 0.9990 0.0003 0.0003 0.0002 0.0003 0.9992
0.9992 0.0003 0.0002 0.0003 0.9992 0.0003 0.0002 0.0003 0.9992 0.0003 0.0002 0.0003 0.9992 0.0003 0.0002 0.0003
0.0003 0.9991 0.0004 0.0002 0.0003 0.9991 0.0004 0.0002 0.0003 0.9992 0.0003 0.0002 0.9992 0.0003 0.0002 0.0003
0.9992 0.0004 0.0002 0.0003 0.9992 0.0003 0.0002 0.0003 0.0003 0.9991 0.0004 0.0002 0.9992 0.0003 0.0002 0.0003
0.0003 0.9992 0.0003 0.0002 0.9992 0.0003 0.0002 0.0003 0.0003 0.0002 0.0003 0.9991 0.0002 0.0004 0.9990 0.0003
0.0002 0.0004 0.9991 0.0003 0.0002 0.0004 0.9991 0.0003 0.9991 0.0004 0.0002 0.0003 0.0003 0.0002 0.0003 0.9991
0.0003 0.9991 0.0004 0.0002 0.9993 0.0003 0.0001 0.0003 0.0003 0.9992 0.0003 0.0002 0.0003 0.9991 0.0004 0.0002
0.0002 0.0004 0.9991 0.0003 0.9992 0.0003 0.0002 0.0003 0.0003 0.9992 0.0004 0.0002 0.0003 0.0003 0.0003 0.9991
0.0003 0.0002 0.0003 0.9991 0.9993 0.0003 0.0002 0.0003 0.0003 0.0002 0.0003 0.9993 0.0003 0.9991 0.0004 0.0002
0.0003 0.9992 0.0004 0.0002 0.0003 0.9992 0.0003 0.0002 0.0003 0.0002 0.0003 0.9992 0.9992 0.0004 0.0002 0.0003
0.0003 0.0002 0.0003 0.9993 0.0002 0.0004 0.9990 0.0003 0.0003 0.9992 0.0004 0.0002 0.0003 0.9992 0.0004 0.0002
0.0003 0.0002 0.0003 0.9992 0.0002 0.0004 0.9990 0.0003 0.0003 0.9992 0.0004 0.0002 0.0003 0.9992 0.0004 0.0002
0.0002 0.0004 0.9991 0.0003 0.0003 0.0002 0.0003 0.9991 0.0002 0.0004 0.9991 0.0003 0.0003 0.0002 0.0003 0.9993
0.0002 0.0004 0.9991 0.0003 0.0003 0.9992 0.0004 0.0002 0.0003 0.0002 0.0003 0.9991 0.0002 0.0004 0.9991 0.0003
0.0003 0.9992 0.0003 0.0002 0.0003 0.9992 0.0004 0.0002 0.0003 0.9993 0.0003 0.0002 0.0003 0.0002 0.0003 0.9991
0.0002 0.0004 0.9991 0.0003 0.0003 0.9992 0.0004 0.0002 0.0002 0.0004 0.9991 0.0003 0.0003 0.0002 0.0003 0.9992
0.9992 0.0004 0.0002 0.0003 0.9992 0.0003 0.0002 0.0003 0.0003 0.0003 0.0003 0.9991 0.0002 0.0004 0.9990 0.0003
0.0003 0.9992 0.0004 0.0002 0.0002 0.0004 0.9991 0.0003 0.9991 0.0004 0.0002 0.0003 0.9992 0.0004 0.0002 0.0003
0.0003 0.9991 0.0004 0.0002 0.0003 0.9991 0.0004 0.0002 0.9992 0.0004 0.0002 0.0003 0.9992 0.0003 0.0002 0.0003
0.9992 0.0003 0.0002 0.0003 0.9992 0.0003 0.0002 0.0003 0.0002 0.0004 0.9990 0.0003 0.0002 0.0004 0.9990 0.0003
0.0002 0.0004 0.9991 0.0003 0.0003 0.0002 0.0003 0.9992 0.0003 0.9992 0.0004 0.0002 0.0003 0.9992 0.0003 0.0002
0.9992 0.0003 0.0002 0.0003 0.9992 0.0004 0.0002 0.0003 0.0002 0.0004 0.9990 0.0003 0.0003 0.9991 0.0004 0.0002
0.0003 0.9992 0.0004 0.0002 0.0003 0.0002 0.0003 0.9992 0.9992 0.0003 0.0002 0.0003 0.0003 0.0002 0.0003 0.9992
0.0002 0.0004 0.9990 0.0003 0.0003 0.9992 0.0004 0.0002 0.0003 0.0002 0.0003 0.9992 0.0002 0.0004 0.9991 0.0003
0.0003 0.0002 0.0003 0.9992 0.0002 0.0004 0.9991 0.0003 0.0003 0.9992 0.0003 0.0002 0.0002 0.0004 0.9991 0.0003
0.0002 0.0004 0.9991 0.0003 0.0002 0.0004 0.9991 0.0003 0.0002 0.0004 0.9991 0.0003 0.0003 0.0002 0.0003 0.9991
0.0003 0.0002 0.0003 0.9991 0.0003 0.9992 0.0003 0.0002 0.9992 0.0003 0.0001 0.0003 0.0002 0.0004 0.9991 0.0003
0.0003 0.9991 0.0004 0.0002 0.0003 0.0002 0.0003 0.9992 0.0003 0.9992 0.0003 0.0002 0.0003 0.9992 0.0003 0.0002
0.0003 0.9992 0.0003 0.0002 0.0003 0.9993 0.0003 0.0002 0.0003 0.0002 0.0003 0.9991 0.0003 0.0002 0.0003 0.9992
0.0003 0.9992 0.0004 0.0002 0.0003 0.9992 0.0004 0.0002 0.0003 0.9992 0.0003 0.0002 0.0003 0.9992 0.0003 0.0002
0.9991 0.0004 0.0002 0.0003 0.9991 0.0004 0.0002 0.0003 0.0002 0.0004 0.9990 0.0003 0.0003 0.0002 0.0003 0.9991
0.0002 0.0004 0.9991 0.0003 0.0002 0.0004 0.9991 0.0003 0.0003 0.9992 0.0004 0.0002 0.9991 0.0004 0.0002 0.0003
0.0002 0.0004 0.9990 0.0003 0.0003 0.0002 0.0003 0.9991 0.0002 0.0004 0.9991 0.0003 0.0003 0.0002 0.0003 0.9992
0.0003 0.0002 0.0003 0.9991 0.0003 0.0002 0.0003 0.9993 0.9992 0.0003 0.0001 0.0003 0.0003 0.0002 0.0003 0.9993
0.0003 0.0002 0.0003 0.9991 0.0002 0.0004 0.9991 0.0003 0.0002 0.0004 0.9991 0.0003 0.0003 0.0002 0.0003 0.9992
0.0003 0.9992 0.0004 0.0002 0.0003 0.0002 0.0002 0.9993 0.0003 0.0002 0.0003 0.9992 0.9992 0.0003 0.0002 0.0003
0.0003 0.0002 0.0003 0.9993 0.0003 0.9991 0.0004 0.0002 0.0003 0.0002 0.0003 0.9993 0.0002 0.0004 0.9991 0.0003
0.0003 0.0002 0.0002 0.9993 0.9991 0.0004 0.0002 0.0003 0.0003 0.9992 0.0003 0.0002 0.0003 0.9991 0.0004 0.0002
0.9991 0.0004 0.0002 0.0003 0.9992 0.0004 0.0002 0.0003 0.0003 0.9992 0.0004 0.0002 0.0003 0.9991 0.0004 0.0002
0.0002 0.0004 0.9991 0.0003 0.0002 0.0004 0.9991 0.0003 0.0002 0.0004 0.9991 0.0003 0.9991 0.0004 0.0002 0.0003
0.0003 0.0002 0.0003 0.9991 0.0003 0.9991 0.0004 0.0002 0.0003 0.0002 0.0003 0.9992 0.0003 0.0002 0.0003 0.9992
0.0002 0.0004 0.9991 0.0003 0.0003 0.0002 0.0003 0.9992 0.0002 0.0004 0.9991 0.0003 0.0003 0.0002 0.0003 0.9993
0.0003 0.9992 0.0004 0.0002 0.0003 0.9992 0.0003 0.0002 0.0002 0.0004 0.9990 0.0003 0.0003 0.0002 0.0003 0.9992
0.9991 0.0004 0.0002 0.0003 0.9992 0.0003 0.0002 0.0003 0.0003 0.9991 0.0004 0.0002 0.0003 0.9991 0.0004 0.0002
0.0003 0.0002 0.0003 0.9992 0.0003 0.9992 0.0003 0.0002 0.0003 0.9992 0.0004 0.0002 0.0003 0.9992 0.0003 0.0002
0.0003 0.0002 0.0003 0.9992 0.0003 0.0002 0.0003 0.9991 0.0002 0.0004 0.9991 0.0003 0.0003 0.9992 0.0004 0.0002
0.0003 0.0002 0.0003 0.9992 0.9991 0.0004 0.0002 0.0003 0.9992 0.0003 0.0001 0.0003 0.9992 0.0003 0.0002 0.0003
0.9992 0.0003 0.0002 0.0003 0.0003 0.9991 0.0004 0.0002 0.0003 0.0002 0.0003 0.9991 0.0002 0.0004 0.9991 0.0003
0.0003 0.0002 0.0003 0.9992 0.0002 0.0004 0.9991 0.0003 0.0003 0.0002 0.0003 0.9993 0.9992 0.0003 0.0002 0.0003
0.0003 0.0002 0.0003 0.9993 0.0002 0.0004 0.9990 0.0003 0.0003 0.9992 0.0003 0.0002 0.0003 0.9992 0.0004 0.0002
0.9991 0.0004 0.0002 0.0003 0.0003 0.9992 0.0003 0.0002 0.0003 0.0002 0.0003 0.9991 0.0003 0.9992 0.0003 0.0002
0.0003 0.9992 0.0004 0.0002 0.0002 0.0004 0.9991 0.0003 0.0002 0.0004 0.9991 0.0003 0.0003 0.0002 0.0003 0.9992
0.0003 0.0002 0.0003 0.9992 0.9992 0.0003 0.0001 0.0003 0.0002 0.0004 0.9991 0.0003 0.0003 0.0002 0.0003 0.9991
0.0003 0.0002 0.0003 0.9992 0.0003 0.9992 0.0004 0.0002 0.9992 0.0003 0.0001 0.0003 0.9991 0.0004 0.0002 0.0003
0.0002 0.0004 0.9990 0.0003 0.0003 0.0002 0.0003 0.9991 0.0003 0.9992 0.0004 0.0002 0.0002 0.0004 0.9991 0.0003
0.0003 0.0002 0.0003 0.9992 0.0002 0.0004 0.9991 0.0003 0.0003 0.0002 0.0003 0.9993 0.9992 0.0003 0.0002 0.0003
0.0003 0.9992 0.0004 0.0002 0.0003 0.0003 0.0003 0.9991 0.0002 0.0004 0.9991 0.0003 0.0003 0.0002 0.0003 0.9992
0.0003 0.0002 0.0003 0.9992 0.0003 0.9992 0.0003 0.0002 0.9992 0.0003 0.0001 0.0003 0.9991 0.0004 0.0002 0.0003
0.9992 0.0003 0.0002 0.0003 0.9992 0.0003 0.0002 0.0003 0.0002 0.0004 0.9990 0.0003 0.0002 0.0004 0.9990 0.0003
0.9992 0.0004 0.0002 0.0003 0.9992 0.0003 0.0002 0.0003 0.9992 0.0003 0.0002 0.0003 0.0003 0.9992 0.0004 0.0002
0.0002 0.0004 0.9990 0.0003 0.0002 0.0004 0.9991 0.0003 0.0002 0.0004 0.9991 0.0003 0.0002 0.0004 0.9991 0.0003
0.0003 0.0002 0.0003 0.9991 0.0002 0.0004 0.9991 0.0003 0.0002 0.0004 0.9991 0.0003 0.0003 0.0002 0.0003 0.9991
0.9991 0.0004 0.0002 0.0003 0.9993 0.0003 0.0001 0.0003 0.0003 0.9992 0.0004 0.0002 0.0002 0.0004 0.9990 0.0003
0.9992 0.0003 0.0002 0.0003 0.9992 0.0004 0.0002 0.0003 0.0002 0.0004 0.9990 0.0003 0.0003 0.0003 0.0003 0.9991
0.9992 0.0003 0.0002 0.0003 0.9993 0.0003 0.0002 0.0003 0.9992 0.0003 0.0002 0.0003 0.9992 0.0003 0.0002 0.0003
0.0002 0.0004 0.9990 0.0003 0.0002 0.0004 0.9990 0.0003 0.0003 0.9992 0.0004 0.0002 0.0003 0.9992 0.0004 0.0002
0.9992 0.0003 0.0002 0.0003 0.0003 0.9992 0.0003 0.0002 0.0003 0.9991 0.0004 0.0002 0.9992 0.0004 0.0002 0.0003
0.0003 0.9992 0.0003 0.0002 0.0002 0.0004 0.9990 0.0003 0.0002 0.0004 0.9991 0.0003 0.0003 0.0002 0.0003 0.9992
0.0003 0.9992 0.0004 0.0002 0.0003 0.9992 0.0003 0.0002 0.0003 0.9992 0.0003 0.0002 0.0003 0.0002 0.0003 0.9992
0.9992 0.0004 0.0002 0.0003 0.0003 0.0002 0.0003 0.9993 0.0003 0.0003 0.0003 0.9991 0.0003 0.0002 0.0003 0.9993
0.0003 0.0002 0.0003 0.9992 0.9992 0.0003 0.0002 0.0003 0.9992 0.0003 0.0002 0.0003 0.9992 0.0003 0.0002 0.0003
0.9992 0.0003 0.0002 0.0003 0.9992 0.0003 0.0002 0.0003 0.9992 0.0003 0.0002 0.0003 0.9992 0.0003 0.0002 0.0003
0.0002 0.0004 0.9990 0.0003 0.0003 0.9991 0.0004 0.0002 0.9992 0.0003 0.0002 0.0003 0.0003 0.9992 0.0003 0.0002
0.0003 0.9992 0.0004 0.0002 0.0003 0.9992 0.0004 0.0002 0.0003 0.0002 0.0003 0.9992 0.0002 0.0004 0.9991 0.0003
0.0002 0.0004 0.9991 0.0003 0.0003 0.0002 0.0003 0.9992 0.0003 0.0002 0.0003 0.9992 0.0002 0.0004 0.9991 0.0003
0.9993 0.0003 0.0001 0.0003 0.9991 0.0004 0.0002 0.0003 0.9992 0.0003 0.0002 0.0003 0.0002 0.0004 0.9990 0.0003
0.0003 0.9991 0.0004 0.0002 0.0003 0.9992 0.0004 0.0002 0.9992 0.0003 0.0002 0.0003 0.9992 0.0004 0.0002 0.0003
0.0002 0.0004 0.9990 0.0003 0.0003 0.0003 0.0003 0.9991 0.0002 0.0004 0.9991 0.0003 0.0003 0.0002 0.0003 0.9992
0.9992 0.0003 0.0002 0.0003 0.0003 0.0002 0.0003 0.9993 0.9992 0.0003 0.0002 0.0003 0.9992 0.0003 0.0002 0.0003
0.0003 0.0003 0.0003 0.9991 0.0002 0.0004 0.9990 0.0003 0.0003 0.0002 0.0003 0.9992 0.0003 0.9992 0.0004 0.0002
0.0002 0.0004 0.9991 0.0003 0.0003 0.9992 0.0003 0.0002 0.0003 0.9992 0.0004 0.0002 0.0003 0.9992 0.0003 0.0002
0.9992 0.0003 0.0002 0.0003 0.9992 0.0004 0.0002 0.0003 0.9992 0.0003 0.0002 0.0003 0.0003 0.0003 0.0003 0.9991
0.0003 0.0003 0.0003 0.9991 0.0003 0.9992 0.0004 0.0002 0.0002 0.0004 0.9991 0.0003 0.9991 0.0004 0.0002 0.0003
0.0002 0.0004 0.9991 0.0003 0.0003 0.0002 0.0003 0.9991 0.0002 0.0004 0.9991 0.0003 0.0003 0.0002 0.0003 0.9992
0.9992 0.0003 0.0002 0.0003 0.0003 0.9992 0.0004 0.0002 0.0002 0.0004 0.9990 0.0003 0.0003 0.9992 0.0003 0.0002
0.9992 0.0003 0.0002 0.0003 0.0003 0.9992 0.0003 0.0002 0.0003 0.9992 0.0004 0.0002 0.0003 0.9992 0.0003 0.0002
0.9992 0.0003 0.0002 0.0003 0.0003 0.0002 0.0003 0.9991 0.0002 0.0004 0.9990 0.0003 0.0003 0.0002 0.0003 0.9993
0.0002 0.0004 0.9991 0.0003 0.0002 0.0004 0.9991 0.0003 0.0003 0.9992 0.0004 0.0002 0.0003 0.9992 0.0004 0.0002
0.0003 0.0002 0.0003 0.9991 0.0002 0.0004 0.9990 0.0003 0.0003 0.0002 0.0003 0.9993 0.9991 0.0004 0.0002 0.0003
0.0002 0.0004 0.9991 0.0003 0.9992 0.0003 0.0002 0.0003 0.0002 0.0004 0.9991 0.0003 0.0002 0.0004 0.9990 0.0003
0.0003 0.9992 0.0004 0.0002 0.0003 0.0002 0.0003 0.9992 0.0003 0.0002 0.0003 0.9992 0.0003 0.0002 0.0003 0.9992
0.0002 0.0004 0.9991 0.0003 0.0003 0.0002 0.0003 0.9993 0.0003 0.9992 0.0004 0.0002 0.0003 0.0002 0.0002 0.9993
0.0002 0.0004 0.9990 0.0003 0.0003 0.9992 0.0003 0.0002 0.0003 0.0002 0.0003 0.9992 0.0003 0.0002 0.0003 0.9992
0.0003 0.9992 0.0004 0.0002 0.0003 0.9992 0.0004 0.0002 0.0002 0.0004 0.9991 0.0003 0.0003 0.0002 0.0003 0.9992
0.0003 0.9992 0.0004 0.0002 0.0003 0.9992 0.0004 0.0002 0.0003 0.9992 0.0003 0.0002 0.9991 0.0004 0.0002 0.0003
0.0003 0.0002 0.0003 0.9991 0.9992 0.0003 0.0002 0.0003 0.0002 0.0004 0.9991 0.0003 0.0003 0.0003 0.0003 0.9991
0.0002 0.0004 0.9991 0.0003 0.9992 0.0003 0.0002 0.0003 0.0002 0.0004 0.9991 0.0003 0.9992 0.0003 0.0002 0.0003
0.0003 0.0002 0.0003 0.9991 0.0002 0.0004 0.9990 0.0003 0.0002 0.0004 0.9991 0.0003 0.0003 0.0002 0.0003 0.9992
0.9991 0.0004 0.0002 0.0003 0.0003 0.9992 0.0003 0.0002 0.0002 0.0004 0.9990 0.0003 0.0002 0.0004 0.9991 0.0003
0.0002 0.0004 0.9991 0.0003 0.9991 0.0004 0.0002 0.0003 0.0003 0.0002 0.0003 0.9991 0.0003 0.0002 0.0003 0.9991
0.0003 0.0002 0.0003 0.9992 0.0003 0.9992 0.0004 0.0002 0.0003 0.9992 0.0003 0.0002 0.0003 0.9992 0.0003 0.0002
0.9991 0.0004 0.0002 0.0003 0.0003 0.9992 0.0003 0.0002 0.0003 0.0002 0.0003 0.9991 0.9991 0.0004 0.0002 0.0003
0.0003 0.9992 0.0004 0.0002 0.0003 0.0003 0.0003 0.9991 0.0002 0.0004 0.9991 0.0003 0.0003 0.0002 0.0003 0.9992
0.0003 0.9992 0.0004 0.0002 0.9992 0.0003 0.0002 0.0003 0.9992 0.0004 0.0002 0.0003 0.9992 0.0003 0.0002 0.0003
0.9992 0.0003 0.0002 0.0003 0.9992 0.0003 0.0002 0.0003 0.0002 0.0004 0.9990 0.0003 0.0003 0.0003 0.0003 0.9991
0.0002 0.0004 0.9991 0.0003 0.0003 0.9992 0.0004 0.0002 0.0003 0.9992 0.0004 0.0002 0.0003 0.9992 0.0003 0.0002
0.0003 0.0002 0.0003 0.9991 0.9992 0.0004 0.0002 0.0003 0.0003 0.0002 0.0003 0.9993 0.0002 0.0004 0.9990 0.0003
0.0003 0.9992 0.0004 0.0002 0.0003 0.9992 0.0004 0.0002 0.0003 0.9992 0.0003 0.0002 0.0002 0.0004 0.9990 0.0003
0.0003 0.9992 0.0003 0.0002 0.0002 0.0004 0.9991 0.0003 0.0002 0.0004 0.9991 0.0003 0.0003 0.0002 0.0003 0.9991
0.0003 0.9992 0.0004 0.0002 0.0003 0.9992 0.0003 0.0002 0.9992 0.0004 0.0002 0.0003 0.9991 0.0004 0.0002 0.0003
0.9992 0.0003 0.0002 0.0003 0.9992 0.0003 0.0002 0.0003 0.0003 0.9991 0.0004 0.0002 0.0003 0.9991 0.0004 0.0002
0.0003 0.0002 0.0003 0.9992 0.0003 0.9992 0.0003 0.0002 0.0003 0.0002 0.0003 0.9992 0.0002 0.0004 0.9991 0.0003
0.0002 0.0004 0.9991 0.0003 0.0003 0.9992 0.0004 0.0002 0.9991 0.0004 0.0002 0.0003 0.0003 0.0002 0.0003 0.9991
0.0002 0.0004 0.9990 0.0003 0.0003 0.9992 0.0004 0.0002 0.0003 0.9992 0.0004 0.0002 0.0003 0.9992 0.0003 0.0002
0.0003 0.0002 0.0003 0.9991 0.0002 0.0004 0.9991 0.0003 0.0003 0.9992 0.0004 0.0002 0.0002 0.0004 0.9991 0.0003
0.0003 0.9992 0.0003 0.0002 0.0003 0.9991 0.0004 0.0002 0.9991 0.0004 0.0002 0.0003 0.9992 0.0004 0.0002 0.0003
0.9992 0.0003 0.0002 0.0003 0.9992 0.0003 0.0002 0.0003 0.0003 0.0003 0.0003 0.9991 0.0002 0.0004 0.9990 0.0003
0.9992 0.0003 0.0002 0.0003 0.0003 0.0002 0.0003 0.9992 0.0002 0.0004 0.9990 0.0003 0.9993 0.0003 0.0001 0.0003
0.0003 0.9992 0.0004 0.0002 0.9992 0.0003 0.0002 0.0003 0.0003 0.0002 0.0003 0.9992 0.9992 0.0003 0.0002 0.0003
0.0003 0.9992 0.0004 0.0002 0.0003 0.9991 0.0004 0.0002 0.9991 0.0004 0.0002 0.0003 0.9992 0.0003 0.0002 0.0003
0.9992 0.0003 0.0002 0.0003 0.9992 0.0003 0.0002 0.0003 0.0002 0.0004 0.9990 0.0003 0.0004 0.0003 0.0003 0.9991
0.0003 0.0002 0.0003 0.9992 0.0003 0.0002 0.0003 0.9992 0.9993 0.0003 0.0001 0.0003 0.9992 0.0003 0.0002 0.0003
0.0002 0.0004 0.9990 0.0003 0.0002 0.0004 0.9990 0.0003 0.0003 0.0002 0.0003 0.9992 0.0002 0.0004 0.9991 0.0003
0.0003 0.0002 0.0003 0.9992 0.0002 0.0004 0.9991 0.0003 0.0002 0.0004 0.9991 0.0003 0.0002 0.0004 0.9991 0.0003
0.9991 0.0004 0.0002 0.0003 0.9992 0.0003 0.0002 0.0003 0.0003 0.9992 0.0004 0.0002 0.9992 0.0003 0.0002 0.0003
0.0003 0.9992 0.0003 0.0002 0.0003 0.9991 0.0004 0.0002 0.0003 0.0002 0.0003 0.9992 0.0003 0.0002 0.0003 0.9992
0.0002 0.0004 0.9991 0.0003 0.0003 0.0002 0.0003 0.9992 0.9991 0.0004 0.0002 0.0003 0.0003 0.9992 0.0004 0.0002
0.9992 0.0003 0.0002 0.0003 0.9991 0.0004 0.0002 0.0003 0.0003 0.9991 0.0004 0.0002 0.0003 0.9991 0.0004 0.0002
0.0003 0.0002 0.0003 0.9992 0.9992 0.0004 0.0002 0.0003 0.0002 0.0004 0.9991 0.0003 0.0002 0.0004 0.9990 0.0003
0.0002 0.0004 0.9991 0.0003 0.0003 0.0002 0.0003 0.9992 0.0003 0.0002 0.0003 0.9991 0.0002 0.0004 0.9991 0.0003
0.9992 0.0003 0.0001 0.0003 0.9991 0.0004 0.0002 0.0003 0.0002 0.0004 0.9990 0.0003 0.0003 0.9992 0.0004 0.0002
0.9992 0.0004 0.0002 0.0003 0.9992 0.0003 0.0002 0.0003 0.0003 0.0003 0.0003 0.9991 0.0002 0.0004 0.9990 0.0003
0.0003 0.0002 0.0003 0.9992 0.0003 0.0002 0.0003 0.9992 0.0002 0.0004 0.9991 0.0003 0.0003 0.0002 0.0003 0.9992
0.0003 0.9992 0.0004 0.0002 0.0002 0.0004 0.9991 0.0003 0.9992 0.0004 0.0002 0.0003 0.9991 0.0004 0.0002 0.0003
0.0003 0.0002 0.0003 0.9991 0.9992 0.0003 0.0002 0.0003 0.0002 0.0004 0.9991 0.0003 0.9992 0.0003 0.0002 0.0003
0.0002 0.0004 0.9991 0.0003 0.0003 0.0003 0.0003 0.9991 0.0002 0.0004 0.9991 0.0003 0.0002 0.0004 0.9991 0.0003
0.0003 0.0002 0.0003 0.9992 0.0002 0.0004 0.9991 0.0003 0.0003 0.9992 0.0003 0.0002 0.0003 0.9992 0.0004 0.0002
0.0003 0.0002 0.0003 0.9992 0.0002 0.0004 0.9990 0.0003 0.0002 0.0004 0.9991 0.0003 0.0003 0.0002 0.0003 0.9992
0.0003 0.9992 0.0004 0.0002 0.9993 0.0003 0.0001 0.0003 0.9992 0.0004 0.0002 0.0003 0.0002 0.0004 0.9990 0.0003
0.0003 0.0002 0.0003 0.9991 0.0002 0.0004 0.9991 0.0003 0.9992 0.0003 0.0002 0.0003 0.0003 0.0002 0.0003 0.9992
0.0003 0.9991 0.0004 0.0002 0.0002 0.0004 0.9991 0.0003 0.9992 0.0003 0.0002 0.0003 0.0002 0.0004 0.9991 0.0003
0.0003 0.9991 0.0004 0.0002 0.0003 0.9992 0.0004 0.0002 0.0003 0.0002 0.0003 0.9991 0.0003 0.0002 0.0003 0.9992
0.0003 0.9992 0.0004 0.0002 0.0003 0.9992 0.0004 0.0002 0.0002 0.0004 0.9991 0.0003 0.0003 0.9992 0.0003 0.0002
0.9991 0.0004 0.0002 0.0003 0.9991 0.0004 0.0002 0.0003 0.9992 0.0003 0.0002 0.0003 0.9992 0.0003 0.0002 0.0003
0.0002 0.0004 0.9990 0.0003 0.9992 0.0003 0.0002 0.0003 0.0003 0.0002 0.0003 0.9992 0.0002 0.0004 0.9990 0.0003
0.0002 0.0004 0.9991 0.0003 0.0003 0.0002 0.0003 0.9992 0.9991 0.0004 0.0002 0.0003 0.0002 0.0004 0.9991 0.0003
0.9992 0.0003 0.0002 0.0003 0.0002 0.0004 0.9991 0.0003 0.9992 0.0003 0.0002 0.0003 0.9992 0.0003 0.0002 0.0003
0.0002 0.0004 0.9990 0.0003 0.0003 0.9991 0.0004 0.0002 0.0003 0.0002 0.0003 0.9992 0.0003 0.9992 0.0003 0.0002
