0.1173 0.1045 0.6508 0.1274 0.1447 0.0772 0.0968 0.6813 0.0568 0.0254 0.2457 0.6722 0.0169 0.0051 0.0073 0.9707
0.8593 0.0058 0.0135 0.1214 0.7580 0.0045 0.0034 0.2341 0.0393 0.0038 0.9406 0.0162 0.0876 0.8833 0.0056 0.0235
0.9949 0.0009 0.0024 0.0019 0.0008 0.9982 0.0006 0.0005 0.9992 0.0003 0.0002 0.0004 0.9953 0.0033 0.0004 0.0011
0.0010 0.0003 0.0004 0.9983 0.0007 0.9984 0.0005 0.0004 0.0004 0.9986 0.0005 0.0005 0.0003 0.0004 0.0003 0.9989
0.0002 0.0003 0.0003 0.9992 0.0002 0.0004 0.9988 0.0006 0.0002 0.9991 0.0004 0.0003 0.0002 0.9991 0.0005 0.0002
0.0002 0.9994 0.0003 0.0001 0.9990 0.0005 0.0002 0.0004 0.9991 0.0004 0.0002 0.0003 0.0003 0.9992 0.0003 0.0002
0.0003 0.9992 0.0003 0.0002 0.0002 0.9994 0.0003 0.0001 0.0002 0.9994 0.0003 0.0001 0.0002 0.9994 0.0003 0.0001
0.0002 0.0004 0.9992 0.0003 0.9992 0.0004 0.0001 0.0003 0.0003 0.0002 0.0003 0.9993 0.0002 0.0004 0.9991 0.0003
0.0002 0.0002 0.0002 0.9993 0.9993 0.0003 0.0002 0.0003 0.0002 0.9993 0.0003 0.0002 0.0003 0.9993 0.0003 0.0002
0.0003 0.0002 0.0002 0.9993 0.0003 0.0002 0.0002 0.9993 0.0002 0.9993 0.0003 0.0002 0.9993 0.0003 0.0001 0.0003
0.9992 0.0003 0.0001 0.0003 0.9993 0.0003 0.0001 0.0003 0.0003 0.9993 0.0003 0.0002 0.9993 0.0003 0.0001 0.0003
0.0002 0.9993 0.0003 0.0001 0.0003 0.9992 0.0003 0.0002 0.0002 0.9993 0.0003 0.0001 0.9993 0.0003 0.0001 0.0002
0.0002 0.9993 0.0003 0.0001 0.0003 0.9992 0.0003 0.0002 0.0002 0.0004 0.9992 0.0003 0.9993 0.0003 0.0001 0.0002
0.0002 0.9993 0.0003 0.0002 0.0003 0.9992 0.0003 0.0002 0.0002 0.9993 0.0003 0.0001 0.0003 0.0002 0.0003 0.9993
0.0003 0.0002 0.0003 0.9992 0.0002 0.0003 0.9992 0.0003 0.0002 0.9993 0.0003 0.0002 0.0002 0.9993 0.0003 0.0002
0.0002 0.0004 0.9992 0.0003 0.0003 0.0002 0.0002 0.9993 0.0002 0.0003 0.9993 0.0003 0.0002 0.0002 0.0002 0.9994
0.0002 0.0003 0.9992 0.0003 0.0002 0.9993 0.0003 0.0002 0.9993 0.0003 0.0002 0.0003 0.0002 0.9993 0.0003 0.0001
0.9993 0.0003 0.0001 0.0002 0.0002 0.0004 0.9992 0.0003 0.9993 0.0003 0.0001 0.0003 0.9992 0.0003 0.0002 0.0003
0.0003 0.0002 0.0003 0.9992 0.0002 0.0004 0.9991 0.0003 0.0002 0.0003 0.9992 0.0003 0.0002 0.9993 0.0003 0.0001
0.0002 0.0003 0.9992 0.0003 0.0003 0.0002 0.0003 0.9993 0.0003 0.9993 0.0003 0.0001 0.0002 0.9993 0.0003 0.0002
0.9993 0.0003 0.0001 0.0003 0.9993 0.0003 0.0001 0.0003 0.0003 0.9992 0.0003 0.0002 0.0003 0.0002 0.0003 0.9992
0.0003 0.0002 0.0003 0.9993 0.0002 0.0003 0.9992 0.0003 0.0002 0.0003 0.9992 0.0003 0.0003 0.0002 0.0002 0.9993
0.0002 0.0003 0.9993 0.0003 0.0002 0.9993 0.0003 0.0002 0.9993 0.0003 0.0002 0.0003 0.0002 0.0004 0.9992 0.0003
0.9993 0.0003 0.0001 0.0002 0.9992 0.0003 0.0002 0.0003 0.9993 0.0003 0.0001 0.0003 0.0003 0.9993 0.0003 0.0002
0.0003 0.0002 0.0003 0.9992 0.0002 0.0004 0.9992 0.0003 0.0003 0.0002 0.0002 0.9993 0.0002 0.0003 0.9992 0.0003
0.0002 0.0003 0.9992 0.0003 0.0003 0.0002 0.0003 0.9992 0.0002 0.0003 0.9992 0.0003 0.0002 0.0003 0.9992 0.0003
0.9993 0.0003 0.0001 0.0003 0.9992 0.0003 0.0002 0.0003 0.0002 0.0004 0.9991 0.0003 0.9993 0.0003 0.0001 0.0002
0.0002 0.0003 0.9992 0.0003 0.0003 0.0002 0.0003 0.9992 0.9993 0.0003 0.0001 0.0002 0.0002 0.9993 0.0003 0.0002
0.0002 0.0004 0.9991 0.0003 0.0003 0.0002 0.0002 0.9993 0.9993 0.0003 0.0002 0.0003 0.0002 0.9993 0.0003 0.0002
0.0003 0.0002 0.0003 0.9992 0.0003 0.0002 0.0002 0.9993 0.9994 0.0003 0.0001 0.0002 0.0002 0.0003 0.9992 0.0003
0.9993 0.0003 0.0001 0.0003 0.0002 0.0002 0.0002 0.9993 0.0002 0.0004 0.9991 0.0003 0.0002 0.0003 0.9992 0.0003
0.9993 0.0003 0.0002 0.0003 0.9992 0.0003 0.0002 0.0003 0.0002 0.0004 0.9991 0.0003 0.0003 0.0002 0.0003 0.9992
0.0003 0.0002 0.0002 0.9993 0.0002 0.9993 0.0003 0.0002 0.0002 0.9993 0.0003 0.0002 0.9993 0.0003 0.0001 0.0003
0.0002 0.0004 0.9992 0.0003 0.0002 0.0004 0.9991 0.0003 0.0002 0.0003 0.9992 0.0003 0.0002 0.0003 0.9992 0.0003
0.0002 0.0003 0.9992 0.0003 0.0003 0.0002 0.0003 0.9993 0.0003 0.9993 0.0003 0.0001 0.0003 0.0002 0.0002 0.9993
0.0002 0.9993 0.0003 0.0001 0.9993 0.0003 0.0001 0.0003 0.9993 0.0003 0.0001 0.0003 0.0003 0.9993 0.0003 0.0002
0.0002 0.0004 0.9991 0.0003 0.0003 0.0002 0.0002 0.9993 0.0003 0.0002 0.0003 0.9993 0.0002 0.0003 0.9992 0.0003
0.9993 0.0003 0.0001 0.0002 0.9992 0.0003 0.0002 0.0003 0.0003 0.9992 0.0003 0.0002 0.0003 0.9993 0.0003 0.0002
0.9993 0.0003 0.0001 0.0003 0.9993 0.0003 0.0001 0.0003 0.0002 0.0004 0.9991 0.0003 0.9993 0.0003 0.0001 0.0003
0.9993 0.0003 0.0002 0.0003 0.0002 0.0004 0.9991 0.0003 0.0002 0.0004 0.9991 0.0003 0.9993 0.0003 0.0002 0.0003
0.0002 0.0003 0.9992 0.0003 0.0003 0.0002 0.0003 0.9992 0.0003 0.9993 0.0003 0.0001 0.0002 0.9993 0.0003 0.0002
0.0003 0.0002 0.0002 0.9993 0.9993 0.0003 0.0001 0.0003 0.9993 0.0003 0.0001 0.0003 0.0002 0.0004 0.9991 0.0003
0.0002 0.0004 0.9991 0.0003 0.9993 0.0003 0.0002 0.0003 0.0002 0.0003 0.9992 0.0003 0.9993 0.0003 0.0001 0.0002
0.0002 0.0003 0.9992 0.0003 0.0003 0.9992 0.0003 0.0002 0.0002 0.0003 0.9992 0.0003 0.9993 0.0003 0.0001 0.0003
0.0003 0.9993 0.0003 0.0001 0.0003 0.9992 0.0003 0.0002 0.0002 0.9993 0.0003 0.0001 0.0002 0.9993 0.0003 0.0001
0.0002 0.0004 0.9992 0.0003 0.0003 0.0002 0.0003 0.9993 0.0003 0.0002 0.0003 0.9993 0.0002 0.0003 0.9992 0.0003
0.0002 0.0003 0.9992 0.0003 0.0002 0.9993 0.0003 0.0002 0.0002 0.0003 0.9993 0.0003 0.0003 0.0002 0.0002 0.9993
0.9993 0.0003 0.0002 0.0003 0.9993 0.0003 0.0001 0.0003 0.0003 0.9993 0.0003 0.0002 0.0003 0.9992 0.0003 0.0002
0.0003 0.0002 0.0002 0.9993 0.0003 0.0002 0.0002 0.9993 0.0002 0.0002 0.0002 0.9993 0.0002 0.9993 0.0003 0.0002
0.0002 0.9993 0.0003 0.0002 0.0002 0.0004 0.9992 0.0003 0.0002 0.0004 0.9992 0.0003 0.0002 0.0003 0.9992 0.0003
0.0002 0.9993 0.0003 0.0002 0.0002 0.0003 0.9992 0.0003 0.0002 0.0004 0.9992 0.0003 0.0003 0.0002 0.0003 0.9993
0.9992 0.0003 0.0002 0.0003 0.0002 0.0003 0.9992 0.0003 0.0003 0.0002 0.0003 0.9992 0.9992 0.0003 0.0002 0.0003
0.0002 0.9993 0.0003 0.0002 0.0002 0.0004 0.9991 0.0003 0.0002 0.0004 0.9992 0.0003 0.9993 0.0003 0.0002 0.0003
0.0002 0.0003 0.9992 0.0003 0.0003 0.0002 0.0003 0.9992 0.9993 0.0003 0.0002 0.0003 0.0002 0.0003 0.9992 0.0003
0.0002 0.0004 0.9991 0.0003 0.0002 0.0003 0.9992 0.0003 0.0002 0.9993 0.0003 0.0001 0.0002 0.0003 0.9992 0.0003
0.0002 0.9993 0.0003 0.0001 0.0002 0.0003 0.9992 0.0003 0.0002 0.0004 0.9992 0.0003 0.0003 0.0002 0.0003 0.9993
0.0002 0.0003 0.9992 0.0003 0.0003 0.0002 0.0002 0.9993 0.0003 0.9993 0.0003 0.0002 0.0002 0.9993 0.0003 0.0002
0.0002 0.0004 0.9992 0.0003 0.0003 0.0002 0.0002 0.9993 0.0003 0.0002 0.0002 0.9993 0.9993 0.0003 0.0001 0.0003
0.0002 0.9993 0.0003 0.0002 0.9993 0.0003 0.0001 0.0003 0.0003 0.0002 0.0002 0.9993 0.0003 0.9992 0.0003 0.0002
0.9993 0.0003 0.0001 0.0003 0.9993 0.0003 0.0001 0.0003 0.0002 0.0004 0.9991 0.0003 0.0003 0.0002 0.0003 0.9992
0.0003 0.0002 0.0002 0.9993 0.0002 0.0003 0.9992 0.0003 0.0002 0.0003 0.9992 0.0003 0.0003 0.0002 0.0002 0.9993
0.0002 0.9993 0.0003 0.0002 0.0002 0.9993 0.0003 0.0002 0.9993 0.0003 0.0001 0.0003 0.0002 0.0004 0.9992 0.0003
0.0002 0.0004 0.9991 0.0003 0.9992 0.0003 0.0002 0.0003 0.9993 0.0003 0.0002 0.0003 0.9993 0.0003 0.0001 0.0002
0.0003 0.0002 0.0003 0.9992 0.0002 0.0004 0.9991 0.0003 0.0002 0.0003 0.9992 0.0003 0.0003 0.0002 0.0002 0.9993
0.0002 0.0003 0.9992 0.0003 0.0003 0.0002 0.0002 0.9993 0.0002 0.0003 0.9992 0.0003 0.0002 0.0002 0.0002 0.9994
0.0002 0.0003 0.9992 0.0003 0.0002 0.9993 0.0003 0.0002 0.0003 0.9993 0.0003 0.0001 0.0002 0.9993 0.0003 0.0001
0.9993 0.0003 0.0001 0.0002 0.0002 0.0004 0.9992 0.0003 0.0003 0.9992 0.0003 0.0002 0.9992 0.0003 0.0002 0.0003
0.0002 0.0004 0.9992 0.0003 0.0003 0.0002 0.0003 0.9992 0.0002 0.0003 0.9992 0.0003 0.0003 0.0002 0.0002 0.9993
0.9993 0.0003 0.0002 0.0003 0.9993 0.0003 0.0001 0.0003 0.9993 0.0003 0.0001 0.0002 0.0002 0.0004 0.9991 0.0003
0.9993 0.0003 0.0001 0.0003 0.0002 0.9993 0.0003 0.0002 0.0002 0.0004 0.9991 0.0003 0.0002 0.0004 0.9992 0.0003
0.0003 0.0002 0.0002 0.9993 0.9993 0.0003 0.0002 0.0003 0.0002 0.9993 0.0003 0.0002 0.9993 0.0003 0.0001 0.0002
0.9993 0.0003 0.0001 0.0003 0.0002 0.0004 0.9991 0.0003 0.0003 0.9993 0.0003 0.0002 0.0002 0.0003 0.9992 0.0003
0.0002 0.9993 0.0003 0.0001 0.9993 0.0003 0.0001 0.0002 0.0002 0.0004 0.9992 0.0003 0.0003 0.0002 0.0003 0.9992
0.0003 0.0002 0.0003 0.9993 0.9994 0.0003 0.0001 0.0002 0.0003 0.0002 0.0002 0.9993 0.9993 0.0003 0.0001 0.0003
0.0002 0.0002 0.0002 0.9994 0.0003 0.0002 0.0003 0.9992 0.9993 0.0003 0.0001 0.0003 0.9993 0.0003 0.0001 0.0002
0.0002 0.0004 0.9991 0.0003 0.0003 0.0002 0.0003 0.9992 0.9993 0.0003 0.0002 0.0003 0.0002 0.9993 0.0003 0.0002
0.0002 0.0004 0.9991 0.0003 0.0003 0.0002 0.0002 0.9993 0.9993 0.0003 0.0002 0.0003 0.9993 0.0003 0.0001 0.0003
0.0003 0.9993 0.0003 0.0002 0.0003 0.9992 0.0003 0.0002 0.0002 0.0003 0.9992 0.0003 0.0002 0.9993 0.0003 0.0001
0.9993 0.0003 0.0002 0.0003 0.9993 0.0003 0.0001 0.0003 0.9993 0.0003 0.0001 0.0002 0.9993 0.0003 0.0001 0.0003
0.9993 0.0003 0.0001 0.0002 0.9993 0.0003 0.0001 0.0002 0.0003 0.0002 0.0003 0.9992 0.9993 0.0003 0.0001 0.0002
0.0003 0.0002 0.0002 0.9993 0.0003 0.0002 0.0003 0.9992 0.0002 0.0003 0.9992 0.0003 0.9994 0.0003 0.0001 0.0002
0.9993 0.0003 0.0002 0.0003 0.9993 0.0003 0.0001 0.0003 0.9993 0.0003 0.0001 0.0002 0.0002 0.0004 0.9991 0.0003
0.0003 0.0002 0.0003 0.9992 0.9993 0.0003 0.0002 0.0003 0.0002 0.0003 0.9992 0.0003 0.0002 0.0004 0.9991 0.0003
0.0003 0.0002 0.0002 0.9993 0.9993 0.0003 0.0001 0.0002 0.0002 0.0003 0.9992 0.0003 0.9993 0.0003 0.0001 0.0002
0.0002 0.0002 0.0002 0.9993 0.0002 0.0004 0.9991 0.0003 0.9993 0.0003 0.0001 0.0002 0.9993 0.0003 0.0002 0.0002
0.0002 0.0004 0.9991 0.0003 0.0003 0.0002 0.0003 0.9992 0.0002 0.0003 0.9992 0.0003 0.0002 0.0003 0.9992 0.0003
0.0002 0.0003 0.9992 0.0003 0.0002 0.0003 0.9992 0.0003 0.0002 0.0003 0.9992 0.0003 0.9993 0.0003 0.0001 0.0002
0.0003 0.9993 0.0003 0.0001 0.0003 0.9993 0.0003 0.0002 0.9993 0.0003 0.0001 0.0002 0.0002 0.0003 0.9992 0.0003
0.0002 0.0004 0.9991 0.0003 0.0002 0.0003 0.9992 0.0003 0.0002 0.0003 0.9992 0.0003 0.0003 0.9993 0.0003 0.0001
0.0003 0.9993 0.0003 0.0001 0.0002 0.9993 0.0003 0.0001 0.0003 0.0002 0.0003 0.9993 0.0002 0.9993 0.0003 0.0001
0.0002 0.0002 0.0002 0.9994 0.0002 0.0004 0.9992 0.0003 0.0002 0.0003 0.9992 0.0003 0.0002 0.9993 0.0003 0.0002
0.0002 0.0003 0.9993 0.0003 0.0002 0.9993 0.0003 0.0001 0.0003 0.0002 0.0002 0.9993 0.9993 0.0003 0.0001 0.0003
0.0002 0.0003 0.9992 0.0003 0.0003 0.0002 0.0003 0.9992 0.9992 0.0003 0.0002 0.0003 0.0002 0.9993 0.0003 0.0002
0.0003 0.9993 0.0003 0.0002 0.0002 0.9993 0.0003 0.0001 0.0002 0.0003 0.9992 0.0003 0.0003 0.0002 0.0003 0.9993
0.0002 0.9993 0.0003 0.0002 0.0002 0.9993 0.0003 0.0002 0.0002 0.0004 0.9992 0.0003 0.0002 0.0004 0.9992 0.0003
0.0002 0.0003 0.9992 0.0003 0.0002 0.9993 0.0003 0.0002 0.0002 0.0003 0.9992 0.0003 0.0003 0.0002 0.0003 0.9993
0.9993 0.0003 0.0002 0.0003 0.9993 0.0003 0.0001 0.0003 0.0002 0.0004 0.9991 0.0003 0.0003 0.9992 0.0003 0.0002
0.0002 0.0003 0.9992 0.0003 0.0003 0.0002 0.0002 0.9993 0.0003 0.0002 0.0003 0.9993 0.0002 0.0003 0.9992 0.0003
0.0002 0.9993 0.0003 0.0002 0.0003 0.0002 0.0002 0.9993 0.0002 0.0004 0.9992 0.0003 0.9993 0.0003 0.0001 0.0002
0.0003 0.0002 0.0002 0.9993 0.0003 0.9993 0.0003 0.0002 0.0002 0.9993 0.0003 0.0002 0.0002 0.9993 0.0003 0.0001
0.0002 0.9993 0.0003 0.0001 0.0002 0.9993 0.0003 0.0001 0.0002 0.0004 0.9992 0.0003 0.9993 0.0003 0.0001 0.0003
0.0003 0.0002 0.0003 0.9993 0.0002 0.0004 0.9991 0.0003 0.0002 0.0003 0.9992 0.0003 0.0003 0.0002 0.0003 0.9993
0.0002 0.9993 0.0003 0.0002 0.0003 0.0002 0.0002 0.9993 0.0002 0.0004 0.9992 0.0003 0.0002 0.0002 0.0002 0.9994
0.0002 0.9993 0.0003 0.0002 0.0002 0.0003 0.9992 0.0003 0.9993 0.0003 0.0001 0.0003 0.9992 0.0003 0.0002 0.0003
0.0003 0.0002 0.0003 0.9992 0.0002 0.0004 0.9991 0.0003 0.9993 0.0003 0.0001 0.0002 0.0003 0.0002 0.0002 0.9993
0.9993 0.0003 0.0001 0.0003 0.9993 0.0003 0.0001 0.0002 0.0002 0.0004 0.9991 0.0003 0.0002 0.0004 0.9991 0.0003
0.0003 0.0002 0.0002 0.9993 0.9993 0.0003 0.0002 0.0003 0.0002 0.0003 0.9992 0.0003 0.0002 0.0004 0.9991 0.0003
0.0002 0.9993 0.0003 0.0002 0.0003 0.9993 0.0003 0.0001 0.0002 0.9993 0.0003 0.0001 0.0002 0.9993 0.0003 0.0001
0.0003 0.0002 0.0003 0.9993 0.0002 0.0004 0.9992 0.0003 0.9993 0.0003 0.0001 0.0003 0.0002 0.0003 0.9992 0.0003
0.9993 0.0003 0.0001 0.0003 0.9993 0.0003 0.0002 0.0003 0.0003 0.0002 0.0003 0.9992 0.0002 0.0004 0.9991 0.0003
0.0003 0.0002 0.0002 0.9993 0.0003 0.0002 0.0002 0.9993 0.0002 0.9993 0.0003 0.0002 0.0002 0.9993 0.0003 0.0002
0.0002 0.9993 0.0003 0.0001 0.0002 0.0004 0.9992 0.0003 0.0002 0.9993 0.0003 0.0001 0.0002 0.0003 0.9992 0.0003
0.0002 0.0004 0.9992 0.0003 0.0003 0.9993 0.0003 0.0002 0.0003 0.0002 0.0003 0.9993 0.0002 0.0004 0.9992 0.0003
0.0002 0.0003 0.9992 0.0003 0.9993 0.0003 0.0002 0.0003 0.9992 0.0003 0.0002 0.0003 0.9993 0.0003 0.0001 0.0002
0.0003 0.0002 0.0003 0.9992 0.0003 0.0002 0.0003 0.9992 0.0002 0.0003 0.9992 0.0003 0.9993 0.0003 0.0001 0.0002
0.0003 0.0002 0.0002 0.9993 0.0003 0.9993 0.0003 0.0002 0.0003 0.0002 0.0002 0.9993 0.9993 0.0003 0.0001 0.0003
0.0002 0.0002 0.0002 0.9994 0.0003 0.0002 0.0003 0.9992 0.0002 0.0002 0.0002 0.9994 0.0002 0.9993 0.0003 0.0002
0.0002 0.0002 0.0002 0.9994 0.0002 0.9993 0.0003 0.0001 0.9993 0.0003 0.0001 0.0003 0.0002 0.9993 0.0003 0.0001
0.9993 0.0003 0.0001 0.0003 0.9993 0.0003 0.0001 0.0003 0.0003 0.0002 0.0003 0.9992 0.9993 0.0003 0.0001 0.0003
0.0002 0.0003 0.9992 0.0003 0.0003 0.0002 0.0003 0.9992 0.9993 0.0003 0.0002 0.0003 0.0002 0.9993 0.0003 0.0002
0.0003 0.0002 0.0003 0.9992 0.0002 0.9993 0.0003 0.0001 0.9993 0.0003 0.0001 0.0002 0.9993 0.0003 0.0001 0.0003
0.0003 0.0002 0.0003 0.9992 0.0002 0.0004 0.9991 0.0003 0.0002 0.9993 0.0003 0.0002 0.0003 0.9993 0.0003 0.0002
0.0002 0.0003 0.9992 0.0003 0.0002 0.0004 0.9992 0.0003 0.0003 0.0002 0.0002 0.9993 0.9993 0.0003 0.0002 0.0003
0.0003 0.0002 0.0002 0.9993 0.0003 0.9992 0.0003 0.0002 0.0002 0.9993 0.0003 0.0002 0.9993 0.0003 0.0001 0.0003
0.0002 0.0004 0.9992 0.0003 0.0003 0.0002 0.0003 0.9992 0.9992 0.0003 0.0002 0.0003 0.0003 0.0002 0.0002 0.9993
0.9993 0.0003 0.0001 0.0002 0.9993 0.0003 0.0001 0.0003 0.0002 0.0004 0.9991 0.0003 0.0003 0.0002 0.0003 0.9993
0.9993 0.0003 0.0002 0.0003 0.9993 0.0003 0.0001 0.0002 0.0002 0.0004 0.9991 0.0003 0.9993 0.0003 0.0001 0.0003
0.0003 0.9993 0.0003 0.0001 0.0003 0.0002 0.0003 0.9992 0.9993 0.0003 0.0001 0.0002 0.0003 0.0002 0.0002 0.9993
0.0003 0.9992 0.0003 0.0002 0.0002 0.9993 0.0003 0.0002 0.9993 0.0003 0.0001 0.0003 0.0003 0.0002 0.0002 0.9993
0.0003 0.9992 0.0003 0.0002 0.0002 0.9993 0.0003 0.0002 0.0003 0.0002 0.0003 0.9993 0.0002 0.0004 0.9992 0.0003
0.9993 0.0003 0.0001 0.0003 0.0002 0.9993 0.0003 0.0002 0.0002 0.0004 0.9991 0.0003 0.0002 0.0004 0.9992 0.0003
0.0002 0.9993 0.0003 0.0002 0.9992 0.0003 0.0002 0.0003 0.9993 0.0003 0.0001 0.0003 0.0003 0.0002 0.0003 0.9992
0.0003 0.0002 0.0003 0.9992 0.0002 0.9993 0.0003 0.0002 0.0002 0.9993 0.0003 0.0002 0.9993 0.0003 0.0001 0.0003
0.9993 0.0003 0.0001 0.0003 0.0003 0.0002 0.0003 0.9992 0.0002 0.0004 0.9991 0.0003 0.0003 0.0002 0.0002 0.9993
0.9993 0.0003 0.0002 0.0003 0.0002 0.9993 0.0003 0.0002 0.0003 0.0002 0.0003 0.9992 0.0003 0.0002 0.0002 0.9993
0.0002 0.0003 0.9992 0.0003 0.9993 0.0003 0.0001 0.0003 0.0003 0.0002 0.0002 0.9993 0.0002 0.0004 0.9991 0.0003
0.0002 0.0003 0.9992 0.0003 0.0002 0.9993 0.0003 0.0002 0.0002 0.9993 0.0003 0.0002 0.9993 0.0003 0.0001 0.0003
0.0002 0.0004 0.9992 0.0003 0.0003 0.0002 0.0003 0.9992 0.0002 0.9993 0.0003 0.0002 0.0003 0.0002 0.0002 0.9993
0.9993 0.0003 0.0001 0.0003 0.9993 0.0003 0.0001 0.0003 0.0003 0.9992 0.0003 0.0002 0.0003 0.9993 0.0003 0.0002
0.0002 0.9993 0.0003 0.0001 0.0002 0.0003 0.9992 0.0003 0.0002 0.9993 0.0003 0.0001 0.0002 0.9993 0.0003 0.0002
0.0003 0.0002 0.0003 0.9992 0.0002 0.0004 0.9992 0.0003 0.0002 0.0002 0.0002 0.9993 0.0002 0.9993 0.0003 0.0002
0.0002 0.0003 0.9992 0.0003 0.0002 0.9993 0.0003 0.0001 0.9992 0.0003 0.0002 0.0003 0.0003 0.0002 0.0003 0.9993
0.0002 0.0004 0.9991 0.0003 0.0002 0.9993 0.0003 0.0002 0.0003 0.0002 0.0002 0.9993 0.0002 0.9993 0.0003 0.0001
0.9993 0.0003 0.0001 0.0002 0.9993 0.0003 0.0001 0.0003 0.0003 0.0002 0.0003 0.9992 0.9993 0.0003 0.0001 0.0003
0.9993 0.0003 0.0001 0.0002 0.9993 0.0003 0.0001 0.0003 0.0003 0.0002 0.0003 0.9992 0.0002 0.0004 0.9991 0.0003
0.0003 0.0002 0.0002 0.9993 0.0002 0.0003 0.9992 0.0003 0.0002 0.9993 0.0003 0.0002 0.0003 0.9993 0.0003 0.0001
0.0003 0.0002 0.0002 0.9993 0.0002 0.9993 0.0003 0.0001 0.9993 0.0003 0.0001 0.0003 0.9993 0.0003 0.0001 0.0003
0.0002 0.0004 0.9991 0.0003 0.0003 0.0002 0.0003 0.9992 0.9993 0.0003 0.0002 0.0003 0.9993 0.0003 0.0001 0.0002
0.0003 0.0002 0.0003 0.9992 0.9993 0.0003 0.0001 0.0003 0.9993 0.0003 0.0001 0.0002 0.9993 0.0003 0.0001 0.0003
0.0002 0.0004 0.9991 0.0003 0.0003 0.0002 0.0003 0.9992 0.0003 0.9993 0.0003 0.0001 0.0002 0.9993 0.0003 0.0002
0.0002 0.0004 0.9992 0.0003 0.0002 0.0003 0.9992 0.0003 0.9993 0.0003 0.0002 0.0003 0.0002 0.0003 0.9992 0.0003
0.0003 0.0002 0.0003 0.9992 0.0003 0.0002 0.0003 0.9993 0.0002 0.0003 0.9992 0.0003 0.0002 0.9993 0.0003 0.0002
0.0003 0.0002 0.0002 0.9993 0.0003 0.0002 0.0002 0.9993 0.0003 0.0002 0.0002 0.9993 0.0002 0.0003 0.9992 0.0003
0.0002 0.9993 0.0003 0.0002 0.0002 0.9993 0.0003 0.0002 0.0002 0.9993 0.0003 0.0001 0.0002 0.9993 0.0003 0.0001
0.0002 0.0004 0.9992 0.0003 0.0002 0.9993 0.0003 0.0001 0.0003 0.0002 0.0002 0.9993 0.0002 0.0004 0.9992 0.0003
0.0002 0.9993 0.0003 0.0002 0.0002 0.9993 0.0003 0.0002 0.0002 0.0004 0.9992 0.0003 0.0002 0.0004 0.9992 0.0003
0.9992 0.0003 0.0002 0.0003 0.0002 0.0003 0.9992 0.0003 0.0003 0.9993 0.0003 0.0002 0.0003 0.9993 0.0003 0.0002
0.0003 0.0002 0.0002 0.9993 0.0002 0.0004 0.9992 0.0003 0.0002 0.9993 0.0003 0.0002 0.0002 0.0003 0.9992 0.0003
0.0002 0.9993 0.0003 0.0001 0.0003 0.0002 0.0003 0.9993 0.9993 0.0003 0.0001 0.0003 0.9993 0.0003 0.0001 0.0002
0.9993 0.0003 0.0001 0.0003 0.0002 0.0004 0.9991 0.0003 0.0002 0.0004 0.9991 0.0003 0.9993 0.0003 0.0002 0.0003
0.0002 0.0003 0.9992 0.0003 0.0003 0.9993 0.0003 0.0002 0.9993 0.0003 0.0001 0.0002 0.9993 0.0003 0.0001 0.0003
0.0003 0.0002 0.0003 0.9992 0.0003 0.9992 0.0003 0.0002 0.0003 0.0002 0.0002 0.9993 0.0002 0.0003 0.9992 0.0003
0.0002 0.0002 0.0002 0.9994 0.0002 0.9993 0.0003 0.0002 0.0002 0.9993 0.0003 0.0002 0.0002 0.9993 0.0003 0.0001
0.0002 0.9993 0.0003 0.0001 0.0002 0.9993 0.0003 0.0001 0.0003 0.0002 0.0002 0.9993 0.0002 0.9993 0.0003 0.0001
0.9993 0.0003 0.0001 0.0003 0.0002 0.0004 0.9992 0.0003 0.9993 0.0003 0.0001 0.0003 0.0002 0.0003 0.9993 0.0003
0.0003 0.0002 0.0003 0.9992 0.0002 0.0003 0.9992 0.0003 0.9993 0.0003 0.0001 0.0002 0.9993 0.0003 0.0002 0.0003
0.9993 0.0003 0.0001 0.0003 0.9993 0.0003 0.0001 0.0002 0.0003 0.0002 0.0003 0.9992 0.0002 0.0004 0.9991 0.0003
0.0002 0.0003 0.9992 0.0003 0.0002 0.0003 0.9992 0.0003 0.0002 0.9993 0.0003 0.0002 0.0002 0.0003 0.9992 0.0003
0.0002 0.9993 0.0003 0.0001 0.0003 0.9993 0.0003 0.0001 0.0002 0.0004 0.9992 0.0003 0.0003 0.0002 0.0002 0.9993
0.9993 0.0003 0.0002 0.0003 0.0002 0.0002 0.0002 0.9994 0.9993 0.0003 0.0001 0.0002 0.9993 0.0003 0.0001 0.0003
0.9993 0.0003 0.0001 0.0002 0.0003 0.0002 0.0003 0.9993 0.0002 0.0004 0.9991 0.0003 0.9993 0.0003 0.0001 0.0002
0.9993 0.0003 0.0002 0.0003 0.0003 0.9993 0.0003 0.0002 0.0003 0.9993 0.0003 0.0002 0.9993 0.0003 0.0001 0.0003
0.9993 0.0003 0.0001 0.0002 0.0002 0.0004 0.9991 0.0003 0.9993 0.0003 0.0001 0.0003 0.0003 0.9993 0.0003 0.0002
0.9993 0.0003 0.0001 0.0002 0.0002 0.0004 0.9992 0.0003 0.0003 0.9992 0.0003 0.0002 0.9993 0.0003 0.0002 0.0003
0.0002 0.0003 0.9992 0.0003 0.0003 0.9993 0.0003 0.0002 0.0002 0.9993 0.0003 0.0002 0.0002 0.9993 0.0003 0.0001
0.0002 0.9993 0.0003 0.0001 0.0002 0.9993 0.0003 0.0001 0.0003 0.0002 0.0003 0.9993 0.0003 0.0002 0.0003 0.9992
0.0002 0.0003 0.9992 0.0003 0.0002 0.0002 0.0002 0.9993 0.0002 0.9993 0.0003 0.0002 0.0002 0.9993 0.0003 0.0002
0.9993 0.0003 0.0001 0.0003 0.9992 0.0003 0.0001 0.0003 0.0003 0.0002 0.0003 0.9992 0.0003 0.0002 0.0003 0.9993
0.0002 0.0003 0.9992 0.0003 0.0002 0.0003 0.9992 0.0003 0.0002 0.0003 0.9993 0.0003 0.0003 0.0002 0.0002 0.9993
0.0003 0.0002 0.0003 0.9993 0.0002 0.0003 0.9992 0.0003 0.0003 0.0002 0.0002 0.9993 0.0002 0.0003 0.9992 0.0003
0.0002 0.9993 0.0003 0.0002 0.0003 0.9993 0.0003 0.0001 0.0003 0.0002 0.0002 0.9993 0.0003 0.0002 0.0002 0.9993
0.9993 0.0003 0.0001 0.0003 0.0002 0.0002 0.0002 0.9994 0.0003 0.9992 0.0003 0.0002 0.9993 0.0003 0.0001 0.0003
0.0002 0.9993 0.0003 0.0001 0.0002 0.0004 0.9991 0.0003 0.0002 0.0004 0.9992 0.0003 0.0002 0.9993 0.0003 0.0002
0.0002 0.0003 0.9992 0.0003 0.9993 0.0003 0.0001 0.0003 0.0003 0.0002 0.0003 0.9992 0.0003 0.0002 0.0003 0.9992
0.0002 0.9993 0.0003 0.0002 0.0002 0.9993 0.0003 0.0002 0.0002 0.9993 0.0003 0.0001 0.0002 0.0004 0.9992 0.0003
0.9993 0.0003 0.0001 0.0003 0.0002 0.0003 0.9992 0.0003 0.0003 0.9992 0.0003 0.0002 0.9993 0.0003 0.0002 0.0003
0.0002 0.9993 0.0003 0.0001 0.0003 0.9993 0.0003 0.0002 0.0002 0.0004 0.9992 0.0003 0.0002 0.9993 0.0003 0.0001
0.9992 0.0003 0.0002 0.0003 0.9993 0.0003 0.0001 0.0003 0.0003 0.9992 0.0003 0.0002 0.0003 0.9992 0.0003 0.0002
0.0003 0.0002 0.0002 0.9993 0.0002 0.9993 0.0003 0.0001 0.0002 0.9993 0.0003 0.0002 0.0002 0.9993 0.0003 0.0001
0.0002 0.9993 0.0003 0.0001 0.0002 0.0004 0.9992 0.0003 0.0002 0.0004 0.9992 0.0003 0.0002 0.0003 0.9992 0.0003
0.0003 0.0002 0.0003 0.9993 0.0002 0.0003 0.9992 0.0003 0.0003 0.0002 0.0002 0.9993 0.0003 0.0002 0.0003 0.9992
0.0002 0.0002 0.0002 0.9994 0.0002 0.9993 0.0003 0.0002 0.0002 0.0002 0.0002 0.9994 0.0002 0.0004 0.9992 0.0003
0.0002 0.9993 0.0003 0.0002 0.0002 0.0003 0.9993 0.0003 0.0002 0.9993 0.0003 0.0001 0.0003 0.9993 0.0003 0.0002
0.0002 0.9993 0.0003 0.0001 0.0002 0.9993 0.0003 0.0001 0.9992 0.0003 0.0001 0.0003 0.0002 0.0004 0.9992 0.0003
0.0003 0.9992 0.0003 0.0002 0.0003 0.0002 0.0003 0.9993 0.0002 0.9993 0.0003 0.0001 0.0002 0.9993 0.0003 0.0002
0.9993 0.0003 0.0001 0.0003 0.0002 0.0004 0.9992 0.0003 0.0002 0.0004 0.9991 0.0003 0.0002 0.9993 0.0003 0.0002
0.0003 0.9993 0.0003 0.0002 0.0002 0.9993 0.0003 0.0001 0.0002 0.9993 0.0003 0.0001 0.0002 0.9993 0.0003 0.0001
0.0002 0.0004 0.9992 0.0003 0.0002 0.9993 0.0003 0.0001 0.0002 0.9993 0.0003 0.0002 0.0002 0.9993 0.0003 0.0001
0.0002 0.9993 0.0003 0.0001 0.0002 0.9993 0.0003 0.0001 0.0002 0.0004 0.9992 0.0003 0.0002 0.0004 0.9992 0.0003
0.0003 0.0002 0.0003 0.9993 0.0002 0.0003 0.9993 0.0003 0.0002 0.0003 0.9992 0.0003 0.0002 0.0003 0.9992 0.0003
0.0002 0.9993 0.0003 0.0002 0.0002 0.0003 0.9992 0.0003 0.0002 0.9993 0.0003 0.0001 0.0003 0.9993 0.0003 0.0001
0.0002 0.0004 0.9992 0.0003 0.0003 0.0002 0.0003 0.9993 0.0002 0.9993 0.0003 0.0002 0.0002 0.0002 0.0002 0.9994
0.0003 0.0002 0.0003 0.9992 0.0002 0.0003 0.9992 0.0003 0.0002 0.0003 0.9992 0.0003 0.9992 0.0003 0.0002 0.0003
0.0002 0.9993 0.0003 0.0002 0.0003 0.9993 0.0003 0.0002 0.0002 0.0004 0.9992 0.0003 0.0003 0.0002 0.0002 0.9993
0.9992 0.0003 0.0002 0.0003 0.0002 0.0002 0.0002 0.9993 0.9993 0.0003 0.0001 0.0002 0.0002 0.0002 0.0002 0.9994
0.9993 0.0003 0.0001 0.0003 0.0002 0.9993 0.0003 0.0002 0.0003 0.9992 0.0003 0.0002 0.0002 0.0004 0.9992 0.0003
0.0002 0.0003 0.9992 0.0003 0.9992 0.0003 0.0002 0.0003 0.9993 0.0003 0.0002 0.0003 0.0003 0.0002 0.0003 0.9992
0.0003 0.0002 0.0003 0.9992 0.0003 0.0002 0.0002 0.9993 0.9993 0.0003 0.0001 0.0002 0.0002 0.0003 0.9992 0.0003
0.9993 0.0003 0.0001 0.0003 0.9992 0.0003 0.0002 0.0003 0.0002 0.0004 0.9991 0.0003 0.0003 0.0002 0.0003 0.9992
0.9993 0.0003 0.0002 0.0003 0.0002 0.9993 0.0003 0.0002 0.0002 0.0004 0.9991 0.0003 0.0003 0.0002 0.0002 0.9993
0.9993 0.0003 0.0002 0.0003 0.9993 0.0003 0.0001 0.0003 0.9993 0.0003 0.0001 0.0002 0.9993 0.0003 0.0001 0.0003
0.0003 0.9992 0.0003 0.0002 0.0003 0.9992 0.0003 0.0002 0.0002 0.9993 0.0003 0.0001 0.9993 0.0003 0.0001 0.0003
0.9993 0.0003 0.0001 0.0003 0.9993 0.0003 0.0001 0.0003 0.0003 0.9992 0.0003 0.0002 0.9993 0.0003 0.0001 0.0002
0.0002 0.9993 0.0003 0.0001 0.9993 0.0003 0.0001 0.0002 0.0003 0.0002 0.0003 0.9992 0.0002 0.0004 0.9991 0.0003
0.0002 0.0003 0.9992 0.0003 0.0002 0.0003 0.9992 0.0003 0.9992 0.0003 0.0002 0.0003 0.0003 0.0002 0.0002 0.9993
0.0003 0.9993 0.0003 0.0002 0.9994 0.0003 0.0001 0.0002 0.0002 0.9993 0.0003 0.0001 0.0003 0.9993 0.0003 0.0002
0.0002 0.0004 0.9992 0.0003 0.9993 0.0003 0.0001 0.0003 0.0002 0.9993 0.0003 0.0002 0.0003 0.0002 0.0003 0.9992
0.0003 0.0002 0.0003 0.9992 0.9993 0.0003 0.0001 0.0002 0.0002 0.0002 0.0002 0.9994 0.0003 0.9992 0.0003 0.0002
0.0002 0.9993 0.0003 0.0002 0.0002 0.9993 0.0003 0.0001 0.0003 0.0002 0.0002 0.9993 0.9993 0.0003 0.0001 0.0003
0.0002 0.0002 0.0002 0.9994 0.0002 0.0004 0.9991 0.0003 0.0002 0.9993 0.0003 0.0002 0.0003 0.9993 0.0003 0.0002
0.0003 0.0002 0.0002 0.9993 0.0002 0.0004 0.9992 0.0003 0.0002 0.9993 0.0003 0.0002 0.0002 0.9993 0.0003 0.0002
0.0002 0.0004 0.9992 0.0003 0.0003 0.0002 0.0003 0.9993 0.0002 0.0003 0.9993 0.0003 0.0002 0.0002 0.0002 0.9994
0.0002 0.0003 0.9992 0.0003 0.0002 0.9993 0.0003 0.0002 0.0003 0.0002 0.0003 0.9993 0.0002 0.0004 0.9992 0.0003
0.0002 0.9993 0.0003 0.0002 0.0002 0.9993 0.0003 0.0002 0.0002 0.9993 0.0003 0.0001 0.0003 0.0002 0.0002 0.9993
0.0002 0.0004 0.9992 0.0003 0.0002 0.9993 0.0003 0.0002 0.0002 0.0003 0.9993 0.0003 0.0003 0.0002 0.0002 0.9993
0.9993 0.0003 0.0002 0.0003 0.9993 0.0003 0.0001 0.0003 0.0003 0.0002 0.0003 0.9992 0.0002 0.0004 0.9991 0.0003
0.0002 0.9993 0.0003 0.0002 0.0002 0.0003 0.9992 0.0003 0.9993 0.0003 0.0001 0.0003 0.9993 0.0003 0.0002 0.0003
0.0003 0.9993 0.0003 0.0002 0.0003 0.9993 0.0003 0.0002 0.9993 0.0003 0.0001 0.0003 0.9993 0.0003 0.0001 0.0003
0.9993 0.0003 0.0001 0.0003 0.9993 0.0003 0.0001 0.0003 0.0002 0.0004 0.9991 0.0003 0.0002 0.0004 0.9991 0.0003
0.0002 0.0003 0.9992 0.0003 0.0003 0.0002 0.0002 0.9993 0.0003 0.9993 0.0003 0.0001 0.0002 0.9993 0.0003 0.0002
0.9993 0.0003 0.0001 0.0002 0.9993 0.0003 0.0001 0.0003 0.0002 0.0004 0.9991 0.0003 0.0003 0.9993 0.0003 0.0002
0.0003 0.9993 0.0003 0.0002 0.0003 0.0002 0.0002 0.9993 0.9993 0.0003 0.0001 0.0002 0.0002 0.0002 0.0002 0.9993
0.0002 0.0004 0.9991 0.0003 0.0002 0.9993 0.0003 0.0002 0.0003 0.0002 0.0003 0.9993 0.0002 0.0004 0.9992 0.0003
0.0003 0.0002 0.0002 0.9993 0.0002 0.0003 0.9992 0.0003 0.0002 0.9993 0.0003 0.0002 0.0002 0.0003 0.9992 0.0003
0.0002 0.0004 0.9992 0.0003 0.0002 0.0003 0.9992 0.0003 0.0002 0.0003 0.9992 0.0003 0.0003 0.0002 0.0003 0.9993
0.0003 0.0002 0.0003 0.9993 0.0002 0.9993 0.0003 0.0002 0.9993 0.0003 0.0001 0.0002 0.0002 0.0004 0.9992 0.0003
0.0003 0.9992 0.0003 0.0002 0.0002 0.0002 0.0002 0.9993 0.0002 0.9993 0.0003 0.0001 0.0002 0.9993 0.0003 0.0002
0.0002 0.9993 0.0003 0.0001 0.0002 0.9993 0.0003 0.0001 0.0003 0.0002 0.0003 0.9992 0.0003 0.0002 0.0002 0.9993
0.0002 0.9993 0.0003 0.0002 0.0002 0.9993 0.0003 0.0002 0.0002 0.9993 0.0003 0.0001 0.0002 0.9993 0.0003 0.0001
0.9993 0.0003 0.0001 0.0003 0.9992 0.0003 0.0001 0.0003 0.0002 0.0004 0.9991 0.0003 0.0003 0.0002 0.0003 0.9992
0.0002 0.0003 0.9993 0.0003 0.0002 0.0003 0.9992 0.0003 0.0003 0.9993 0.0003 0.0001 0.9992 0.0003 0.0002 0.0003
0.0002 0.0004 0.9992 0.0003 0.0003 0.0002 0.0003 0.9992 0.0002 0.0003 0.9992 0.0003 0.0003 0.0002 0.0002 0.9993
0.0003 0.0002 0.0003 0.9993 0.0002 0.0002 0.0002 0.9994 0.9993 0.0003 0.0001 0.0002 0.0002 0.0002 0.0002 0.9994
0.0003 0.0002 0.0003 0.9992 0.0002 0.0003 0.9992 0.0003 0.0002 0.0003 0.9992 0.0003 0.0002 0.0002 0.0002 0.9993
0.0002 0.9993 0.0003 0.0002 0.0002 0.0002 0.0002 0.9994 0.0003 0.0002 0.0002 0.9993 0.9993 0.0003 0.0001 0.0003
0.0002 0.0002 0.0002 0.9994 0.0003 0.9993 0.0003 0.0002 0.0002 0.0002 0.0002 0.9994 0.0002 0.0003 0.9992 0.0003
0.0002 0.0002 0.0002 0.9994 0.9992 0.0003 0.0002 0.0003 0.0002 0.9993 0.0003 0.0002 0.0003 0.9993 0.0003 0.0002
0.9992 0.0003 0.0001 0.0003 0.9993 0.0003 0.0001 0.0003 0.0003 0.9993 0.0003 0.0002 0.0003 0.9992 0.0003 0.0002
0.0002 0.0004 0.9992 0.0003 0.0002 0.0003 0.9992 0.0003 0.0002 0.0003 0.9992 0.0003 0.9993 0.0003 0.0002 0.0003
0.0003 0.0002 0.0003 0.9992 0.0003 0.9992 0.0003 0.0002 0.0003 0.0002 0.0002 0.9993 0.0003 0.0002 0.0002 0.9993
0.0002 0.0003 0.9992 0.0003 0.0002 0.0002 0.0002 0.9993 0.0002 0.0003 0.9993 0.0003 0.0002 0.0002 0.0002 0.9994
0.0003 0.9993 0.0003 0.0002 0.0002 0.9993 0.0003 0.0002 0.0002 0.0004 0.9992 0.0003 0.0003 0.0002 0.0002 0.9993
0.9992 0.0003 0.0002 0.0003 0.9993 0.0003 0.0001 0.0003 0.0003 0.9993 0.0003 0.0002 0.0003 0.9992 0.0003 0.0002
0.0003 0.0002 0.0002 0.9993 0.0002 0.9993 0.0003 0.0001 0.0002 0.9993 0.0003 0.0002 0.0002 0.9993 0.0003 0.0001
0.0003 0.0002 0.0002 0.9993 0.0003 0.0002 0.0003 0.9992 0.0002 0.0003 0.9992 0.0003 0.0002 0.9993 0.0003 0.0002
0.0002 0.0002 0.0002 0.9993 0.9992 0.0003 0.0001 0.0003 0.9993 0.0003 0.0001 0.0002 0.9993 0.0003 0.0001 0.0003
0.9993 0.0003 0.0001 0.0003 0.0003 0.9992 0.0003 0.0002 0.0003 0.0002 0.0003 0.9992 0.0002 0.0004 0.9992 0.0003
0.0003 0.0002 0.0002 0.9993 0.0002 0.0003 0.9992 0.0003 0.0002 0.0002 0.0002 0.9994 0.9993 0.0003 0.0002 0.0003
0.0002 0.0002 0.0002 0.9994 0.0002 0.0004 0.9991 0.0003 0.0002 0.9993 0.0003 0.0002 0.0003 0.9993 0.0003 0.0001
0.9992 0.0003 0.0001 0.0003 0.0002 0.9993 0.0003 0.0001 0.0003 0.0002 0.0003 0.9993 0.0002 0.9993 0.0003 0.0001
0.0002 0.9993 0.0003 0.0002 0.0002 0.0004 0.9992 0.0003 0.0002 0.0004 0.9992 0.0003 0.0003 0.0002 0.0003 0.9993
0.0003 0.0002 0.0002 0.9993 0.9993 0.0003 0.0001 0.0002 0.0002 0.0003 0.9992 0.0003 0.0003 0.0002 0.0003 0.9992
0.0003 0.0002 0.0002 0.9993 0.0002 0.9993 0.0003 0.0002 0.9993 0.0003 0.0001 0.0002 0.9993 0.0003 0.0001 0.0003
0.0002 0.0004 0.9991 0.0003 0.0003 0.0002 0.0003 0.9992 0.0002 0.9993 0.0003 0.0002 0.0002 0.0003 0.9992 0.0003
0.0003 0.0002 0.0002 0.9993 0.0002 0.0003 0.9992 0.0003 0.0002 0.0002 0.0002 0.9994 0.9993 0.0003 0.0002 0.0003
0.0002 0.9993 0.0003 0.0002 0.0003 0.0002 0.0003 0.9992 0.0002 0.0004 0.9992 0.0003 0.0003 0.0002 0.0002 0.9993
0.0002 0.0002 0.0002 0.9993 0.0002 0.9993 0.0003 0.0002 0.9993 0.0003 0.0001 0.0002 0.9993 0.0003 0.0001 0.0003
0.9993 0.0003 0.0001 0.0003 0.9993 0.0003 0.0001 0.0003 0.0002 0.0004 0.9991 0.0003 0.0002 0.0004 0.9991 0.0003
0.9993 0.0003 0.0002 0.0003 0.9993 0.0003 0.0002 0.0003 0.9993 0.0003 0.0001 0.0002 0.0003 0.9993 0.0003 0.0002
0.0002 0.0004 0.9991 0.0003 0.0002 0.0003 0.9992 0.0003 0.0002 0.0003 0.9992 0.0003 0.0002 0.0003 0.9992 0.0003
0.0003 0.0002 0.0002 0.9993 0.0002 0.0003 0.9992 0.0003 0.0002 0.0003 0.9992 0.0003 0.0003 0.0002 0.0003 0.9993
0.9993 0.0003 0.0002 0.0003 0.9994 0.0003 0.0001 0.0002 0.0003 0.9993 0.0003 0.0002 0.0002 0.0004 0.9991 0.0003
0.9993 0.0003 0.0001 0.0003 0.9993 0.0003 0.0002 0.0003 0.0002 0.0004 0.9991 0.0003 0.0003 0.0002 0.0003 0.9992
0.9993 0.0003 0.0002 0.0003 0.9993 0.0003 0.0001 0.0002 0.9993 0.0003 0.0001 0.0002 0.9993 0.0003 0.0001 0.0003
0.0002 0.0004 0.9991 0.0003 0.0002 0.0004 0.9991 0.0003 0.0003 0.9993 0.0003 0.0001 0.0003 0.9993 0.0003 0.0001
0.9993 0.0003 0.0001 0.0002 0.0002 0.9993 0.0003 0.0001 0.0003 0.9992 0.0003 0.0002 0.9993 0.0003 0.0001 0.0003
0.0002 0.9993 0.0003 0.0001 0.0002 0.0004 0.9991 0.0003 0.0002 0.0004 0.9992 0.0003 0.0003 0.0002 0.0003 0.9993
0.0002 0.9993 0.0003 0.0002 0.0002 0.9993 0.0003 0.0002 0.0002 0.9993 0.0003 0.0001 0.0003 0.0002 0.0002 0.9993
0.9993 0.0003 0.0001 0.0003 0.0002 0.0002 0.0002 0.9994 0.0003 0.0002 0.0003 0.9992 0.0002 0.0002 0.0002 0.9994
0.0003 0.0002 0.0002 0.9993 0.9993 0.0003 0.0001 0.0003 0.9993 0.0003 0.0001 0.0003 0.9993 0.0003 0.0001 0.0003
0.9993 0.0003 0.0001 0.0003 0.9993 0.0003 0.0001 0.0003 0.9993 0.0003 0.0001 0.0003 0.9993 0.0003 0.0001 0.0003
0.0002 0.0004 0.9991 0.0003 0.0003 0.9992 0.0003 0.0002 0.9993 0.0003 0.0002 0.0003 0.0002 0.9993 0.0003 0.0001
0.0003 0.9993 0.0003 0.0002 0.0002 0.9993 0.0003 0.0001 0.0003 0.0002 0.0002 0.9993 0.0002 0.0004 0.9992 0.0003
0.0002 0.0003 0.9992 0.0003 0.0003 0.0002 0.0003 0.9993 0.0003 0.0002 0.0002 0.9993 0.0002 0.0003 0.9992 0.0003
0.9994 0.0003 0.0001 0.0002 0.9992 0.0003 0.0002 0.0003 0.9993 0.0003 0.0001 0.0003 0.0002 0.0004 0.9991 0.0003
0.0003 0.9992 0.0003 0.0002 0.0002 0.9993 0.0003 0.0002 0.9993 0.0003 0.0001 0.0003 0.9993 0.0003 0.0001 0.0003
0.0002 0.0004 0.9991 0.0003 0.0003 0.0002 0.0003 0.9992 0.0002 0.0003 0.9992 0.0003 0.0003 0.0002 0.0002 0.9993
0.9993 0.0003 0.0001 0.0002 0.0002 0.0002 0.0002 0.9994 0.9993 0.0003 0.0001 0.0002 0.9993 0.0003 0.0001 0.0003
0.0003 0.0002 0.0003 0.9992 0.0002 0.0004 0.9991 0.0003 0.0003 0.0002 0.0002 0.9993 0.0002 0.9993 0.0003 0.0002
0.0002 0.0003 0.9992 0.0003 0.0002 0.9993 0.0003 0.0001 0.0002 0.9993 0.0003 0.0002 0.0002 0.9993 0.0003 0.0001
0.9993 0.0003 0.0001 0.0003 0.9993 0.0003 0.0001 0.0003 0.9993 0.0003 0.0001 0.0003 0.0003 0.0002 0.0003 0.9992
0.0003 0.0002 0.0003 0.9992 0.0002 0.9993 0.0003 0.0002 0.0002 0.0003 0.9992 0.0003 0.9993 0.0003 0.0001 0.0003
0.0002 0.0003 0.9992 0.0003 0.0003 0.0002 0.0003 0.9992 0.0002 0.0003 0.9992 0.0003 0.0003 0.0002 0.0002 0.9993
0.9993 0.0003 0.0001 0.0003 0.0002 0.9993 0.0003 0.0002 0.0002 0.0004 0.9991 0.0003 0.0002 0.9993 0.0003 0.0001
0.9993 0.0003 0.0002 0.0003 0.0002 0.9993 0.0003 0.0001 0.0003 0.9993 0.0003 0.0002 0.0002 0.9993 0.0003 0.0001
0.9993 0.0003 0.0001 0.0003 0.0003 0.0002 0.0003 0.9992 0.0002 0.0004 0.9991 0.0003 0.0002 0.0002 0.0002 0.9993
0.0002 0.0003 0.9992 0.0003 0.0002 0.0003 0.9992 0.0003 0.0003 0.9993 0.0003 0.0001 0.0002 0.9993 0.0003 0.0002
0.0003 0.0002 0.0003 0.9993 0.0002 0.0004 0.9992 0.0003 0.0002 0.0002 0.0002 0.9993 0.9992 0.0003 0.0002 0.0003
0.0002 0.0003 0.9992 0.0003 0.9993 0.0003 0.0001 0.0002 0.0002 0.0003 0.9993 0.0003 0.0002 0.0004 0.9991 0.0003
0.0003 0.9993 0.0003 0.0002 0.0003 0.0002 0.0002 0.9993 0.0003 0.0002 0.0002 0.9993 0.0003 0.0002 0.0002 0.9993
0.0002 0.0003 0.9992 0.0003 0.0002 0.0002 0.0002 0.9994 0.0002 0.9993 0.0003 0.0002 0.0002 0.0002 0.0002 0.9994
0.0002 0.0004 0.9992 0.0003 0.0002 0.9993 0.0003 0.0002 0.0003 0.0002 0.0002 0.9993 0.0003 0.0002 0.0002 0.9993
0.0002 0.9993 0.0003 0.0002 0.0002 0.9993 0.0003 0.0002 0.0002 0.0004 0.9992 0.0003 0.0003 0.0002 0.0002 0.9993
0.0002 0.9993 0.0003 0.0002 0.0002 0.9993 0.0003 0.0002 0.0002 0.9993 0.0003 0.0001 0.9992 0.0003 0.0001 0.0003
0.0003 0.0002 0.0003 0.9993 0.9993 0.0003 0.0001 0.0003 0.0002 0.0003 0.9992 0.0003 0.0003 0.0002 0.0003 0.9992
0.0002 0.0003 0.9993 0.0003 0.9993 0.0003 0.0001 0.0002 0.0002 0.0003 0.9992 0.0003 0.9993 0.0003 0.0001 0.0003
0.0003 0.0002 0.0003 0.9993 0.0002 0.0004 0.9991 0.0003 0.0002 0.0003 0.9992 0.0003 0.0003 0.0002 0.0002 0.9993
0.9992 0.0003 0.0002 0.0003 0.0002 0.9993 0.0003 0.0002 0.0002 0.0004 0.9991 0.0003 0.0002 0.0004 0.9992 0.0003
0.0002 0.0003 0.9992 0.0003 0.9993 0.0003 0.0002 0.0003 0.0003 0.0002 0.0003 0.9993 0.0003 0.0002 0.0003 0.9992
0.0003 0.0002 0.0002 0.9993 0.0002 0.9993 0.0003 0.0002 0.0002 0.9993 0.0003 0.0002 0.0002 0.9993 0.0003 0.0001
0.9992 0.0003 0.0001 0.0003 0.0002 0.9993 0.0003 0.0001 0.0003 0.0002 0.0003 0.9993 0.9993 0.0003 0.0001 0.0003
0.0002 0.9993 0.0003 0.0002 0.0003 0.0002 0.0003 0.9992 0.0002 0.0004 0.9992 0.0003 0.0003 0.0002 0.0002 0.9993
0.0002 0.9993 0.0003 0.0002 0.9993 0.0003 0.0001 0.0003 0.9993 0.0003 0.0001 0.0003 0.9993 0.0003 0.0001 0.0003
0.9993 0.0003 0.0001 0.0003 0.9993 0.0003 0.0001 0.0003 0.0002 0.0004 0.9991 0.0003 0.0003 0.0002 0.0003 0.9992
0.0002 0.0003 0.9992 0.0003 0.0002 0.9993 0.0003 0.0002 0.0003 0.9993 0.0003 0.0001 0.0002 0.9993 0.0003 0.0001
0.0003 0.0002 0.0002 0.9993 0.9993 0.0003 0.0001 0.0003 0.0002 0.0002 0.0002 0.9993 0.0002 0.0004 0.9991 0.0003
0.0002 0.9993 0.0003 0.0002 0.0003 0.9993 0.0003 0.0002 0.0002 0.9993 0.0003 0.0001 0.0002 0.0004 0.9992 0.0003
0.0002 0.9993 0.0003 0.0001 0.0002 0.0003 0.9992 0.0003 0.0002 0.0004 0.9992 0.0003 0.0003 0.0002 0.0003 0.9993
0.0002 0.9993 0.0003 0.0002 0.0002 0.9993 0.0003 0.0002 0.9993 0.0003 0.0001 0.0003 0.9993 0.0003 0.0001 0.0003
0.9993 0.0003 0.0001 0.0003 0.9993 0.0003 0.0001 0.0003 0.0003 0.9992 0.0003 0.0002 0.0003 0.9992 0.0003 0.0002
0.0003 0.0002 0.0003 0.9993 0.0002 0.9993 0.0003 0.0001 0.0002 0.0002 0.0002 0.9993 0.0002 0.0004 0.9992 0.0003
0.0002 0.0003 0.9992 0.0003 0.0002 0.9993 0.0003 0.0002 0.9992 0.0003 0.0002 0.0003 0.0003 0.0002 0.0003 0.9992
0.0002 0.0004 0.9991 0.0003 0.0002 0.9993 0.0003 0.0002 0.0002 0.9993 0.0003 0.0002 0.0002 0.9993 0.0003 0.0001
0.0003 0.0002 0.0002 0.9993 0.0002 0.0004 0.9992 0.0003 0.0002 0.9993 0.0003 0.0002 0.0002 0.0003 0.9993 0.0003
0.0002 0.9993 0.0003 0.0001 0.0003 0.9993 0.0003 0.0002 0.9993 0.0003 0.0001 0.0003 0.9993 0.0003 0.0001 0.0003
0.9993 0.0003 0.0001 0.0003 0.9993 0.0003 0.0001 0.0003 0.0003 0.0002 0.0003 0.9992 0.0002 0.0004 0.9991 0.0003
0.9993 0.0003 0.0001 0.0002 0.0003 0.0002 0.0002 0.9993 0.0002 0.0004 0.9991 0.0003 0.9994 0.0003 0.0001 0.0002
0.0003 0.9993 0.0003 0.0002 0.9993 0.0003 0.0001 0.0003 0.0003 0.0002 0.0002 0.9993 0.9993 0.0003 0.0001 0.0003
0.0002 0.9993 0.0003 0.0002 0.0003 0.9992 0.0003 0.0002 0.9993 0.0003 0.0001 0.0003 0.9993 0.0003 0.0001 0.0002
0.9993 0.0003 0.0001 0.0003 0.9993 0.0003 0.0001 0.0003 0.0002 0.0004 0.9991 0.0003 0.0003 0.0002 0.0003 0.9992
0.0003 0.0002 0.0002 0.9993 0.0003 0.0002 0.0002 0.9993 0.9994 0.0003 0.0001 0.0002 0.9993 0.0003 0.0001 0.0002
0.0002 0.0004 0.9991 0.0003 0.0002 0.0004 0.9991 0.0003 0.0003 0.0002 0.0002 0.9993 0.0002 0.0003 0.9992 0.0003
0.0003 0.0002 0.0002 0.9993 0.0002 0.0003 0.9992 0.0003 0.0002 0.0003 0.9992 0.0003 0.0002 0.0003 0.9992 0.0003
0.9992 0.0003 0.0002 0.0003 0.9993 0.0003 0.0001 0.0002 0.0003 0.9993 0.0003 0.0002 0.9993 0.0003 0.0001 0.0002
0.0002 0.9993 0.0003 0.0001 0.0003 0.9992 0.0003 0.0002 0.0003 0.0002 0.0003 0.9993 0.0003 0.0002 0.0002 0.9993
0.0002 0.0003 0.9992 0.0003 0.0002 0.0002 0.0002 0.9993 0.9992 0.0003 0.0002 0.0003 0.0002 0.9993 0.0003 0.0002
0.9993 0.0003 0.0001 0.0002 0.9993 0.0003 0.0001 0.0003 0.0003 0.9992 0.0003 0.0002 0.0003 0.9993 0.0003 0.0002
0.0003 0.0002 0.0002 0.9993 0.9993 0.0003 0.0001 0.0003 0.0002 0.0003 0.9992 0.0003 0.0002 0.0004 0.9991 0.0003
0.0002 0.0003 0.9993 0.0003 0.0003 0.0002 0.0003 0.9993 0.0003 0.0002 0.0003 0.9993 0.0002 0.0003 0.9992 0.0003
0.9993 0.0003 0.0001 0.0002 0.9993 0.0003 0.0002 0.0003 0.0002 0.0004 0.9991 0.0003 0.0003 0.9993 0.0003 0.0002
0.9993 0.0003 0.0002 0.0003 0.9993 0.0003 0.0001 0.0003 0.0003 0.0002 0.0003 0.9992 0.0002 0.0004 0.9991 0.0003
0.0003 0.0002 0.0002 0.9993 0.0003 0.0002 0.0003 0.9993 0.0002 0.0003 0.9992 0.0003 0.0003 0.0002 0.0002 0.9993
0.0002 0.9993 0.0003 0.0002 0.0002 0.0003 0.9992 0.0003 0.9993 0.0003 0.0001 0.0003 0.9992 0.0003 0.0002 0.0003
0.0003 0.0002 0.0003 0.9992 0.9993 0.0003 0.0001 0.0002 0.0002 0.0003 0.9992 0.0003 0.9993 0.0003 0.0001 0.0003
0.0002 0.0003 0.9992 0.0003 0.0003 0.0002 0.0003 0.9992 0.0002 0.0003 0.9992 0.0003 0.0002 0.0003 0.9992 0.0003
0.0003 0.0002 0.0003 0.9993 0.0002 0.0003 0.9992 0.0003 0.0002 0.9993 0.0003 0.0002 0.0003 0.9993 0.0003 0.0001
0.0003 0.0002 0.0002 0.9993 0.0002 0.0004 0.9992 0.0003 0.0002 0.0003 0.9992 0.0003 0.0003 0.0002 0.0002 0.9993
0.0002 0.9993 0.0003 0.0002 0.9993 0.0003 0.0001 0.0002 0.9993 0.0003 0.0001 0.0003 0.0002 0.0004 0.9991 0.0003
0.0003 0.0002 0.0003 0.9992 0.0002 0.0003 0.9992 0.0003 0.9993 0.0003 0.0001 0.0002 0.0003 0.0002 0.0002 0.9993
0.0003 0.9992 0.0003 0.0002 0.0002 0.0003 0.9992 0.0003 0.9993 0.0003 0.0001 0.0003 0.0002 0.0003 0.9992 0.0003
0.0003 0.9992 0.0003 0.0002 0.0003 0.9993 0.0003 0.0001 0.0003 0.0002 0.0003 0.9993 0.0003 0.0002 0.0002 0.9993
0.0002 0.9993 0.0003 0.0002 0.0002 0.9993 0.0003 0.0002 0.0002 0.0004 0.9992 0.0003 0.0002 0.9993 0.0003 0.0001
0.9992 0.0003 0.0002 0.0003 0.9993 0.0003 0.0001 0.0003 0.9993 0.0003 0.0001 0.0002 0.9993 0.0003 0.0001 0.0003
0.0002 0.0004 0.9991 0.0003 0.9993 0.0003 0.0001 0.0003 0.0003 0.0002 0.0002 0.9993 0.0002 0.0004 0.9991 0.0003
0.0002 0.0003 0.9992 0.0003 0.0003 0.0002 0.0002 0.9993 0.9993 0.0003 0.0002 0.0003 0.0002 0.0003 0.9992 0.0003
0.9993 0.0003 0.0001 0.0002 0.0002 0.0003 0.9992 0.0003 0.9993 0.0003 0.0001 0.0003 0.9993 0.0003 0.0001 0.0003
0.0002 0.0004 0.9991 0.0003 0.0003 0.9993 0.0003 0.0002 0.0003 0.0002 0.0002 0.9993 0.0002 0.9993 0.0003 0.0001
