0.1211 0.1092 0.6372 0.1325 0.1504 0.0807 0.1014 0.6676 0.0606 0.0278 0.2511 0.6605 0.0195 0.0059 0.0086 0.9660
0.8428 0.0069 0.0154 0.1350 0.7379 0.0052 0.0040 0.2529 0.0463 0.0048 0.9286 0.0203 0.1022 0.8626 0.0069 0.0283
0.9934 0.0011 0.0030 0.0025 0.0010 0.9976 0.0008 0.0006 0.9989 0.0004 0.0002 0.0006 0.9938 0.0043 0.0005 0.0014
0.0015 0.0004 0.0005 0.9976 0.0010 0.9978 0.0007 0.0005 0.0005 0.9981 0.0007 0.0007 0.0004 0.0006 0.0004 0.9985
0.0003 0.0004 0.0004 0.9989 0.0002 0.0006 0.9984 0.0008 0.0003 0.9989 0.0005 0.0004 0.0003 0.9988 0.0007 0.0003
0.0002 0.9992 0.0004 0.0002 0.9987 0.0006 0.0002 0.0005 0.9988 0.0006 0.0002 0.0005 0.0004 0.9990 0.0005 0.0002
0.0003 0.9990 0.0005 0.0002 0.0003 0.9992 0.0004 0.0002 0.0003 0.9991 0.0004 0.0002 0.0003 0.9991 0.0004 0.0002
0.0002 0.0005 0.9989 0.0004 0.9989 0.0005 0.0002 0.0004 0.0003 0.0003 0.0004 0.9990 0.0003 0.0005 0.9988 0.0004
0.0003 0.0002 0.0003 0.9991 0.9990 0.0004 0.0002 0.0004 0.0003 0.9991 0.0004 0.0002 0.0004 0.9990 0.0004 0.0002
0.0003 0.0003 0.0003 0.9991 0.0004 0.0003 0.0003 0.9990 0.0003 0.9991 0.0004 0.0002 0.9991 0.0004 0.0002 0.0004
0.9990 0.0004 0.0002 0.0004 0.9991 0.0004 0.0002 0.0004 0.0003 0.9990 0.0004 0.0002 0.9991 0.0004 0.0002 0.0003
0.0003 0.9991 0.0004 0.0002 0.0004 0.9990 0.0004 0.0002 0.0003 0.9991 0.0004 0.0002 0.9991 0.0004 0.0002 0.0003
0.0003 0.9991 0.0004 0.0002 0.0004 0.9990 0.0004 0.0002 0.0002 0.0005 0.9989 0.0004 0.9991 0.0004 0.0002 0.0003
0.0003 0.9990 0.0005 0.0002 0.0004 0.9990 0.0004 0.0002 0.0003 0.9991 0.0004 0.0002 0.0004 0.0003 0.0003 0.9990
0.0004 0.0003 0.0003 0.9990 0.0002 0.0005 0.9989 0.0004 0.0003 0.9990 0.0004 0.0002 0.0003 0.9990 0.0004 0.0002
0.0002 0.0005 0.9989 0.0004 0.0004 0.0003 0.0003 0.9990 0.0002 0.0004 0.9990 0.0003 0.0003 0.0002 0.0003 0.9991
0.0002 0.0004 0.9990 0.0003 0.0003 0.9991 0.0004 0.0002 0.9990 0.0004 0.0002 0.0004 0.0003 0.9991 0.0004 0.0002
0.9991 0.0004 0.0002 0.0003 0.0002 0.0005 0.9989 0.0004 0.9991 0.0004 0.0002 0.0003 0.9990 0.0004 0.0002 0.0004
0.0004 0.0003 0.0004 0.9989 0.0003 0.0005 0.9988 0.0004 0.0002 0.0005 0.9989 0.0004 0.0003 0.9990 0.0004 0.0002
0.0002 0.0004 0.9990 0.0003 0.0004 0.0003 0.0003 0.9990 0.0003 0.9990 0.0004 0.0002 0.0003 0.9991 0.0004 0.0002
0.9991 0.0004 0.0002 0.0003 0.9990 0.0004 0.0002 0.0004 0.0003 0.9990 0.0004 0.0002 0.0004 0.0003 0.0003 0.9990
0.0004 0.0003 0.0003 0.9990 0.0002 0.0005 0.9989 0.0004 0.0002 0.0005 0.9989 0.0004 0.0003 0.0003 0.0003 0.9991
0.0002 0.0004 0.9990 0.0003 0.0003 0.9991 0.0004 0.0002 0.9990 0.0004 0.0002 0.0003 0.0002 0.0005 0.9989 0.0004
0.9991 0.0004 0.0002 0.0003 0.9990 0.0004 0.0002 0.0004 0.9991 0.0004 0.0002 0.0003 0.0004 0.9990 0.0004 0.0002
0.0004 0.0003 0.0004 0.9989 0.0002 0.0005 0.9989 0.0004 0.0004 0.0002 0.0003 0.9991 0.0002 0.0004 0.9990 0.0003
0.0002 0.0005 0.9990 0.0004 0.0004 0.0003 0.0003 0.9990 0.0002 0.0004 0.9990 0.0003 0.0002 0.0005 0.9989 0.0004
0.9991 0.0004 0.0002 0.0003 0.9990 0.0004 0.0002 0.0004 0.0003 0.0005 0.9988 0.0004 0.9991 0.0004 0.0002 0.0003
0.0002 0.0004 0.9990 0.0003 0.0004 0.0003 0.0004 0.9990 0.9991 0.0004 0.0002 0.0003 0.0003 0.9991 0.0004 0.0002
0.0003 0.0005 0.9988 0.0004 0.0004 0.0003 0.0003 0.9990 0.9991 0.0004 0.0002 0.0003 0.0003 0.9991 0.0004 0.0002
0.0004 0.0003 0.0003 0.9990 0.0004 0.0003 0.0003 0.9991 0.9991 0.0004 0.0002 0.0003 0.0002 0.0005 0.9989 0.0004
0.9991 0.0004 0.0002 0.0004 0.0003 0.0003 0.0003 0.9991 0.0003 0.0005 0.9989 0.0004 0.0002 0.0005 0.9989 0.0004
0.9991 0.0004 0.0002 0.0003 0.9990 0.0004 0.0002 0.0004 0.0003 0.0005 0.9988 0.0004 0.0004 0.0003 0.0003 0.9990
0.0004 0.0003 0.0003 0.9990 0.0003 0.9991 0.0004 0.0002 0.0003 0.9991 0.0004 0.0002 0.9990 0.0004 0.0002 0.0004
0.0002 0.0005 0.9989 0.0004 0.0002 0.0005 0.9989 0.0004 0.0002 0.0004 0.9990 0.0003 0.0002 0.0004 0.9990 0.0003
0.0002 0.0004 0.9990 0.0003 0.0004 0.0003 0.0003 0.9990 0.0003 0.9990 0.0004 0.0002 0.0004 0.0002 0.0003 0.9991
0.0003 0.9991 0.0004 0.0002 0.9991 0.0004 0.0002 0.0004 0.9990 0.0004 0.0002 0.0004 0.0003 0.9990 0.0004 0.0002
0.0003 0.0005 0.9988 0.0004 0.0004 0.0003 0.0003 0.9990 0.0004 0.0003 0.0003 0.9990 0.0002 0.0005 0.9989 0.0004
0.9991 0.0004 0.0002 0.0003 0.9990 0.0004 0.0002 0.0004 0.0003 0.9990 0.0004 0.0002 0.0003 0.9990 0.0004 0.0002
0.9991 0.0004 0.0002 0.0004 0.9991 0.0004 0.0002 0.0004 0.0003 0.0005 0.9989 0.0004 0.9991 0.0004 0.0002 0.0003
0.9990 0.0004 0.0002 0.0004 0.0003 0.0005 0.9989 0.0004 0.0003 0.0005 0.9988 0.0004 0.9991 0.0004 0.0002 0.0003
0.0002 0.0004 0.9990 0.0003 0.0004 0.0003 0.0004 0.9990 0.0003 0.9990 0.0004 0.0002 0.0003 0.9991 0.0004 0.0002
0.0004 0.0003 0.0003 0.9990 0.9990 0.0004 0.0002 0.0004 0.9991 0.0004 0.0002 0.0003 0.0002 0.0005 0.9989 0.0004
0.0003 0.0005 0.9989 0.0004 0.9990 0.0004 0.0002 0.0004 0.0002 0.0004 0.9990 0.0003 0.9991 0.0004 0.0002 0.0003
0.0002 0.0004 0.9990 0.0003 0.0004 0.9990 0.0004 0.0002 0.0002 0.0004 0.9990 0.0003 0.9991 0.0004 0.0002 0.0003
0.0003 0.9990 0.0004 0.0002 0.0004 0.9990 0.0004 0.0002 0.0003 0.9991 0.0004 0.0002 0.0003 0.9991 0.0004 0.0002
0.0002 0.0005 0.9989 0.0004 0.0004 0.0003 0.0003 0.9990 0.0003 0.0003 0.0003 0.9990 0.0002 0.0005 0.9989 0.0004
0.0002 0.0005 0.9989 0.0004 0.0003 0.9990 0.0004 0.0002 0.0002 0.0004 0.9990 0.0003 0.0004 0.0003 0.0003 0.9990
0.9990 0.0004 0.0002 0.0004 0.9991 0.0004 0.0002 0.0004 0.0004 0.9990 0.0004 0.0002 0.0003 0.9990 0.0004 0.0002
0.0004 0.0003 0.0003 0.9990 0.0004 0.0003 0.0003 0.9990 0.0003 0.0002 0.0003 0.9991 0.0003 0.9991 0.0004 0.0002
0.0003 0.9991 0.0004 0.0002 0.0002 0.0005 0.9989 0.0004 0.0002 0.0005 0.9989 0.0004 0.0002 0.0004 0.9990 0.0003
0.0003 0.9991 0.0004 0.0002 0.0002 0.0004 0.9990 0.0003 0.0002 0.0005 0.9989 0.0004 0.0004 0.0003 0.0003 0.9990
0.9990 0.0004 0.0002 0.0004 0.0002 0.0005 0.9989 0.0004 0.0004 0.0003 0.0004 0.9990 0.9990 0.0004 0.0002 0.0004
0.0003 0.9991 0.0004 0.0002 0.0003 0.0005 0.9988 0.0004 0.0002 0.0005 0.9989 0.0004 0.9990 0.0004 0.0002 0.0004
0.0002 0.0004 0.9990 0.0003 0.0004 0.0003 0.0003 0.9990 0.9990 0.0004 0.0002 0.0004 0.0002 0.0005 0.9989 0.0004
0.0003 0.0005 0.9988 0.0004 0.0002 0.0004 0.9990 0.0003 0.0003 0.9990 0.0004 0.0002 0.0002 0.0004 0.9990 0.0003
0.0003 0.9991 0.0004 0.0002 0.0002 0.0004 0.9990 0.0004 0.0002 0.0005 0.9989 0.0004 0.0004 0.0003 0.0003 0.9990
0.0002 0.0004 0.9990 0.0003 0.0003 0.0002 0.0003 0.9991 0.0003 0.9990 0.0004 0.0002 0.0003 0.9991 0.0004 0.0002
0.0002 0.0005 0.9989 0.0004 0.0003 0.0003 0.0003 0.9991 0.0003 0.0003 0.0003 0.9990 0.9991 0.0004 0.0002 0.0004
0.0003 0.9991 0.0004 0.0002 0.9991 0.0004 0.0002 0.0004 0.0004 0.0003 0.0003 0.9991 0.0004 0.9990 0.0004 0.0002
0.9991 0.0004 0.0002 0.0004 0.9991 0.0004 0.0002 0.0004 0.0003 0.0005 0.9989 0.0004 0.0004 0.0003 0.0004 0.9990
0.0004 0.0003 0.0003 0.9990 0.0002 0.0005 0.9989 0.0004 0.0002 0.0005 0.9989 0.0004 0.0003 0.0003 0.0003 0.9990
0.0003 0.9991 0.0004 0.0002 0.0003 0.9991 0.0004 0.0002 0.9991 0.0004 0.0002 0.0003 0.0002 0.0005 0.9989 0.0004
0.0003 0.0005 0.9988 0.0004 0.9990 0.0004 0.0002 0.0004 0.9990 0.0004 0.0002 0.0004 0.9991 0.0004 0.0002 0.0003
0.0004 0.0003 0.0004 0.9990 0.0003 0.0005 0.9988 0.0004 0.0002 0.0005 0.9989 0.0004 0.0004 0.0003 0.0003 0.9990
0.0002 0.0004 0.9990 0.0003 0.0004 0.0002 0.0003 0.9991 0.0002 0.0004 0.9990 0.0003 0.0003 0.0002 0.0003 0.9991
0.0002 0.0004 0.9990 0.0004 0.0003 0.9991 0.0004 0.0002 0.0003 0.9990 0.0004 0.0002 0.0003 0.9991 0.0004 0.0002
0.9991 0.0004 0.0002 0.0003 0.0002 0.0005 0.9989 0.0004 0.0004 0.9990 0.0004 0.0002 0.9990 0.0004 0.0002 0.0004
0.0002 0.0005 0.9989 0.0004 0.0004 0.0003 0.0004 0.9990 0.0002 0.0004 0.9990 0.0003 0.0003 0.0002 0.0003 0.9991
0.9991 0.0004 0.0002 0.0003 0.9991 0.0004 0.0002 0.0004 0.9991 0.0004 0.0002 0.0003 0.0002 0.0005 0.9989 0.0004
0.9991 0.0004 0.0002 0.0003 0.0003 0.9990 0.0004 0.0002 0.0003 0.0005 0.9988 0.0004 0.0002 0.0005 0.9989 0.0004
0.0004 0.0003 0.0003 0.9990 0.9990 0.0004 0.0002 0.0004 0.0003 0.9991 0.0004 0.0002 0.9991 0.0004 0.0002 0.0003
0.9990 0.0004 0.0002 0.0004 0.0003 0.0005 0.9988 0.0004 0.0003 0.9990 0.0004 0.0002 0.0002 0.0004 0.9990 0.0003
0.0003 0.9991 0.0004 0.0002 0.9991 0.0004 0.0002 0.0003 0.0002 0.0005 0.9989 0.0004 0.0004 0.0003 0.0003 0.9990
0.0004 0.0003 0.0003 0.9990 0.9991 0.0004 0.0002 0.0003 0.0003 0.0002 0.0003 0.9991 0.9991 0.0004 0.0002 0.0004
0.0003 0.0002 0.0003 0.9991 0.0004 0.0003 0.0004 0.9990 0.9991 0.0004 0.0002 0.0004 0.9991 0.0004 0.0002 0.0003
0.0002 0.0005 0.9989 0.0004 0.0004 0.0003 0.0004 0.9990 0.9990 0.0004 0.0002 0.0004 0.0003 0.9991 0.0004 0.0002
0.0003 0.0005 0.9988 0.0004 0.0004 0.0003 0.0003 0.9991 0.9991 0.0004 0.0002 0.0003 0.9991 0.0004 0.0002 0.0003
0.0003 0.9990 0.0004 0.0002 0.0003 0.9990 0.0004 0.0002 0.0002 0.0005 0.9989 0.0004 0.0003 0.9991 0.0004 0.0002
0.9990 0.0004 0.0002 0.0004 0.9990 0.0004 0.0002 0.0004 0.9991 0.0004 0.0002 0.0003 0.9991 0.0004 0.0002 0.0003
0.9991 0.0004 0.0002 0.0003 0.9991 0.0004 0.0002 0.0003 0.0004 0.0003 0.0004 0.9989 0.9991 0.0004 0.0002 0.0003
0.0004 0.0003 0.0003 0.9991 0.0004 0.0003 0.0004 0.9989 0.0002 0.0005 0.9990 0.0004 0.9991 0.0004 0.0002 0.0003
0.9990 0.0004 0.0002 0.0004 0.9991 0.0004 0.0002 0.0004 0.9991 0.0004 0.0002 0.0003 0.0003 0.0005 0.9988 0.0004
0.0004 0.0003 0.0004 0.9990 0.9991 0.0004 0.0002 0.0003 0.0002 0.0005 0.9990 0.0004 0.0003 0.0005 0.9988 0.0004
0.0003 0.0003 0.0003 0.9991 0.9991 0.0004 0.0002 0.0003 0.0002 0.0005 0.9989 0.0004 0.9991 0.0004 0.0002 0.0003
0.0003 0.0003 0.0003 0.9991 0.0003 0.0005 0.9988 0.0004 0.9991 0.0004 0.0002 0.0003 0.9991 0.0004 0.0002 0.0003
0.0003 0.0005 0.9988 0.0004 0.0004 0.0003 0.0004 0.9990 0.0002 0.0004 0.9990 0.0003 0.0002 0.0005 0.9989 0.0004
0.0002 0.0004 0.9990 0.0003 0.0002 0.0004 0.9990 0.0003 0.0002 0.0004 0.9990 0.0003 0.9991 0.0004 0.0002 0.0003
0.0003 0.9990 0.0004 0.0002 0.0004 0.9990 0.0004 0.0002 0.9991 0.0004 0.0002 0.0003 0.0002 0.0005 0.9989 0.0004
0.0003 0.0005 0.9988 0.0004 0.0002 0.0004 0.9990 0.0003 0.0002 0.0004 0.9990 0.0003 0.0003 0.9990 0.0004 0.0002
0.0003 0.9990 0.0004 0.0002 0.0003 0.9991 0.0004 0.0002 0.0004 0.0003 0.0003 0.9990 0.0003 0.9991 0.0004 0.0002
0.0003 0.0002 0.0003 0.9991 0.0002 0.0005 0.9989 0.0004 0.0002 0.0005 0.9989 0.0004 0.0003 0.9990 0.0005 0.0002
0.0002 0.0004 0.9990 0.0003 0.0003 0.9991 0.0004 0.0002 0.0004 0.0003 0.0003 0.9990 0.9990 0.0004 0.0002 0.0004
0.0002 0.0005 0.9989 0.0004 0.0004 0.0003 0.0004 0.9990 0.9990 0.0004 0.0002 0.0004 0.0003 0.9990 0.0004 0.0002
0.0003 0.9990 0.0004 0.0002 0.0003 0.9991 0.0004 0.0002 0.0002 0.0005 0.9989 0.0004 0.0004 0.0003 0.0003 0.9990
0.0003 0.9990 0.0004 0.0002 0.0003 0.9990 0.0004 0.0002 0.0002 0.0005 0.9989 0.0004 0.0002 0.0005 0.9989 0.0004
0.0002 0.0004 0.9990 0.0003 0.0003 0.9990 0.0004 0.0002 0.0002 0.0004 0.9990 0.0003 0.0004 0.0003 0.0003 0.9990
0.9990 0.0004 0.0002 0.0003 0.9991 0.0004 0.0002 0.0004 0.0003 0.0005 0.9988 0.0004 0.0003 0.9990 0.0004 0.0002
0.0002 0.0004 0.9990 0.0003 0.0004 0.0003 0.0003 0.9990 0.0004 0.0003 0.0003 0.9990 0.0002 0.0005 0.9989 0.0004
0.0003 0.9991 0.0004 0.0002 0.0003 0.0003 0.0003 0.9990 0.0002 0.0005 0.9989 0.0004 0.9991 0.0004 0.0002 0.0003
0.0003 0.0003 0.0003 0.9991 0.0003 0.9990 0.0004 0.0002 0.0003 0.9991 0.0004 0.0002 0.0003 0.9991 0.0004 0.0002
0.0003 0.9991 0.0004 0.0002 0.0003 0.9991 0.0004 0.0002 0.0002 0.0005 0.9989 0.0004 0.9990 0.0004 0.0002 0.0004
0.0003 0.0003 0.0003 0.9990 0.0003 0.0005 0.9988 0.0004 0.0002 0.0005 0.9989 0.0004 0.0004 0.0003 0.0003 0.9990
0.0003 0.9991 0.0004 0.0002 0.0004 0.0002 0.0003 0.9991 0.0002 0.0005 0.9989 0.0004 0.0003 0.0002 0.0003 0.9991
0.0003 0.9990 0.0004 0.0002 0.0002 0.0005 0.9989 0.0004 0.9991 0.0004 0.0002 0.0003 0.9990 0.0004 0.0002 0.0004
0.0004 0.0003 0.0004 0.9990 0.0003 0.0005 0.9988 0.0004 0.9991 0.0004 0.0002 0.0003 0.0004 0.0003 0.0003 0.9990
0.9991 0.0004 0.0002 0.0004 0.9991 0.0004 0.0002 0.0003 0.0003 0.0005 0.9988 0.0004 0.0003 0.0005 0.9988 0.0004
0.0004 0.0003 0.0003 0.9990 0.9990 0.0004 0.0002 0.0004 0.0002 0.0005 0.9989 0.0004 0.0003 0.0005 0.9988 0.0004
0.0003 0.9991 0.0004 0.0002 0.0003 0.9990 0.0004 0.0002 0.0003 0.9991 0.0004 0.0002 0.0003 0.9991 0.0004 0.0002
0.0004 0.0003 0.0003 0.9990 0.0002 0.0005 0.9989 0.0004 0.9991 0.0004 0.0002 0.0004 0.0002 0.0004 0.9990 0.0003
0.9991 0.0004 0.0002 0.0004 0.9990 0.0004 0.0002 0.0003 0.0004 0.0003 0.0004 0.9990 0.0003 0.0005 0.9988 0.0004
0.0003 0.0002 0.0003 0.9991 0.0004 0.0003 0.0003 0.9990 0.0003 0.9991 0.0004 0.0002 0.0003 0.9991 0.0004 0.0002
0.0003 0.9991 0.0004 0.0002 0.0002 0.0005 0.9989 0.0004 0.0003 0.9991 0.0004 0.0002 0.0002 0.0004 0.9990 0.0003
0.0002 0.0005 0.9989 0.0004 0.0003 0.9990 0.0004 0.0002 0.0004 0.0003 0.0003 0.9990 0.0002 0.0005 0.9989 0.0004
0.0002 0.0005 0.9989 0.0004 0.9990 0.0004 0.0002 0.0004 0.9990 0.0004 0.0002 0.0004 0.9991 0.0004 0.0002 0.0003
0.0004 0.0003 0.0003 0.9990 0.0004 0.0003 0.0004 0.9989 0.0002 0.0005 0.9989 0.0004 0.9991 0.0004 0.0002 0.0003
0.0003 0.0003 0.0003 0.9991 0.0003 0.9990 0.0004 0.0002 0.0003 0.0002 0.0003 0.9991 0.9991 0.0004 0.0002 0.0003
0.0003 0.0002 0.0003 0.9992 0.0004 0.0003 0.0004 0.9990 0.0003 0.0002 0.0003 0.9992 0.0003 0.9990 0.0004 0.0002
0.0003 0.0002 0.0003 0.9992 0.0003 0.9991 0.0004 0.0002 0.9990 0.0004 0.0002 0.0004 0.0003 0.9991 0.0004 0.0002
0.9990 0.0004 0.0002 0.0004 0.9990 0.0004 0.0002 0.0004 0.0004 0.0003 0.0004 0.9990 0.9991 0.0004 0.0002 0.0003
0.0002 0.0005 0.9990 0.0004 0.0004 0.0003 0.0004 0.9989 0.9990 0.0004 0.0002 0.0004 0.0003 0.9991 0.0004 0.0002
0.0004 0.0003 0.0003 0.9990 0.0003 0.9991 0.0004 0.0002 0.9991 0.0004 0.0002 0.0003 0.9990 0.0004 0.0002 0.0004
0.0004 0.0003 0.0003 0.9990 0.0003 0.0005 0.9989 0.0004 0.0003 0.9991 0.0004 0.0002 0.0003 0.9990 0.0004 0.0002
0.0002 0.0005 0.9989 0.0004 0.0002 0.0005 0.9989 0.0004 0.0003 0.0003 0.0003 0.9991 0.9990 0.0004 0.0002 0.0004
0.0003 0.0002 0.0003 0.9991 0.0004 0.9990 0.0004 0.0002 0.0003 0.9991 0.0004 0.0002 0.9991 0.0004 0.0002 0.0003
0.0002 0.0005 0.9989 0.0004 0.0004 0.0003 0.0004 0.9990 0.9990 0.0004 0.0002 0.0004 0.0004 0.0002 0.0003 0.9991
0.9991 0.0004 0.0002 0.0003 0.9991 0.0004 0.0002 0.0003 0.0003 0.0005 0.9988 0.0004 0.0004 0.0003 0.0003 0.9990
0.9990 0.0004 0.0002 0.0003 0.9991 0.0004 0.0002 0.0003 0.0003 0.0005 0.9988 0.0004 0.9991 0.0004 0.0002 0.0004
0.0003 0.9990 0.0004 0.0002 0.0004 0.0003 0.0004 0.9990 0.9991 0.0004 0.0002 0.0003 0.0003 0.0002 0.0003 0.9991
0.0004 0.9990 0.0004 0.0002 0.0003 0.9991 0.0004 0.0002 0.9991 0.0004 0.0002 0.0003 0.0004 0.0003 0.0003 0.9991
0.0004 0.9990 0.0004 0.0002 0.0003 0.9991 0.0004 0.0002 0.0004 0.0003 0.0003 0.9990 0.0002 0.0005 0.9989 0.0004
0.9991 0.0004 0.0002 0.0003 0.0003 0.9991 0.0004 0.0002 0.0003 0.0005 0.9988 0.0004 0.0002 0.0005 0.9989 0.0004
0.0003 0.9990 0.0004 0.0002 0.9990 0.0004 0.0002 0.0004 0.9991 0.0004 0.0002 0.0003 0.0004 0.0003 0.0004 0.9990
0.0004 0.0003 0.0004 0.9990 0.0003 0.9991 0.0004 0.0002 0.0003 0.9990 0.0004 0.0002 0.9990 0.0004 0.0002 0.0004
0.9990 0.0004 0.0002 0.0004 0.0004 0.0003 0.0003 0.9990 0.0002 0.0005 0.9989 0.0004 0.0003 0.0002 0.0003 0.9991
0.9990 0.0004 0.0002 0.0004 0.0003 0.9991 0.0004 0.0002 0.0004 0.0003 0.0004 0.9990 0.0003 0.0003 0.0003 0.9991
0.0002 0.0005 0.9989 0.0004 0.9991 0.0004 0.0002 0.0004 0.0003 0.0003 0.0003 0.9991 0.0003 0.0005 0.9989 0.0004
0.0002 0.0005 0.9989 0.0004 0.0003 0.9990 0.0004 0.0002 0.0003 0.9991 0.0004 0.0002 0.9991 0.0004 0.0002 0.0003
0.0002 0.0005 0.9989 0.0004 0.0004 0.0003 0.0003 0.9990 0.0003 0.9991 0.0004 0.0002 0.0003 0.0002 0.0003 0.9991
0.9991 0.0004 0.0002 0.0003 0.9991 0.0004 0.0002 0.0003 0.0004 0.9990 0.0004 0.0002 0.0003 0.9990 0.0004 0.0002
0.0003 0.9991 0.0004 0.0002 0.0002 0.0005 0.9989 0.0004 0.0003 0.9991 0.0004 0.0002 0.0003 0.9990 0.0004 0.0002
0.0004 0.0003 0.0003 0.9990 0.0002 0.0005 0.9989 0.0004 0.0003 0.0002 0.0003 0.9991 0.0003 0.9990 0.0004 0.0002
0.0002 0.0005 0.9989 0.0004 0.0003 0.9991 0.0004 0.0002 0.9990 0.0004 0.0002 0.0004 0.0004 0.0003 0.0003 0.9990
0.0003 0.0005 0.9988 0.0004 0.0003 0.9990 0.0004 0.0002 0.0004 0.0003 0.0003 0.9990 0.0003 0.9991 0.0004 0.0002
0.9991 0.0004 0.0002 0.0003 0.9990 0.0004 0.0002 0.0004 0.0004 0.0003 0.0003 0.9990 0.9991 0.0004 0.0002 0.0004
0.9991 0.0004 0.0002 0.0003 0.9991 0.0004 0.0002 0.0003 0.0004 0.0003 0.0003 0.9990 0.0003 0.0005 0.9988 0.0004
0.0003 0.0002 0.0003 0.9991 0.0002 0.0004 0.9990 0.0003 0.0003 0.9991 0.0004 0.0002 0.0003 0.9990 0.0004 0.0002
0.0003 0.0003 0.0003 0.9991 0.0003 0.9991 0.0004 0.0002 0.9991 0.0004 0.0002 0.0004 0.9990 0.0004 0.0002 0.0004
0.0003 0.0005 0.9989 0.0004 0.0004 0.0003 0.0004 0.9990 0.9990 0.0004 0.0002 0.0004 0.9991 0.0004 0.0002 0.0003
0.0004 0.0003 0.0003 0.9990 0.9991 0.0004 0.0002 0.0004 0.9991 0.0004 0.0002 0.0003 0.9991 0.0004 0.0002 0.0003
0.0003 0.0005 0.9989 0.0004 0.0004 0.0003 0.0004 0.9989 0.0003 0.9990 0.0004 0.0002 0.0003 0.9991 0.0004 0.0002
0.0002 0.0005 0.9989 0.0004 0.0002 0.0005 0.9989 0.0004 0.9990 0.0004 0.0002 0.0004 0.0002 0.0004 0.9990 0.0003
0.0004 0.0003 0.0004 0.9990 0.0004 0.0003 0.0003 0.9990 0.0002 0.0005 0.9989 0.0004 0.0003 0.9991 0.0004 0.0002
0.0003 0.0003 0.0003 0.9991 0.0004 0.0003 0.0003 0.9991 0.0003 0.0002 0.0003 0.9991 0.0002 0.0005 0.9989 0.0004
0.0003 0.9991 0.0004 0.0002 0.0003 0.9990 0.0004 0.0002 0.0003 0.9991 0.0004 0.0002 0.0003 0.9991 0.0004 0.0002
0.0002 0.0005 0.9989 0.0004 0.0003 0.9991 0.0004 0.0002 0.0003 0.0003 0.0003 0.9990 0.0002 0.0005 0.9989 0.0004
0.0003 0.9991 0.0004 0.0002 0.0003 0.9990 0.0005 0.0002 0.0002 0.0005 0.9989 0.0004 0.0002 0.0005 0.9989 0.0004
0.9990 0.0004 0.0002 0.0004 0.0002 0.0004 0.9990 0.0003 0.0004 0.9990 0.0004 0.0002 0.0003 0.9990 0.0005 0.0002
0.0004 0.0003 0.0003 0.9990 0.0002 0.0005 0.9989 0.0004 0.0003 0.9991 0.0004 0.0002 0.0002 0.0004 0.9990 0.0003
0.0003 0.9991 0.0004 0.0002 0.0004 0.0003 0.0003 0.9990 0.9990 0.0004 0.0002 0.0004 0.9991 0.0004 0.0002 0.0003
0.9991 0.0004 0.0002 0.0004 0.0003 0.0005 0.9988 0.0004 0.0003 0.0005 0.9988 0.0004 0.9990 0.0004 0.0002 0.0004
0.0002 0.0004 0.9990 0.0003 0.0003 0.9990 0.0004 0.0002 0.9991 0.0004 0.0002 0.0003 0.9991 0.0004 0.0002 0.0003
0.0004 0.0003 0.0003 0.9990 0.0003 0.9990 0.0004 0.0002 0.0003 0.0002 0.0003 0.9991 0.0002 0.0005 0.9989 0.0004
0.0003 0.0002 0.0003 0.9991 0.0003 0.9990 0.0004 0.0002 0.0003 0.9991 0.0004 0.0002 0.0003 0.9991 0.0004 0.0002
0.0003 0.9991 0.0004 0.0002 0.0003 0.9991 0.0004 0.0002 0.0004 0.0003 0.0003 0.9990 0.0003 0.9991 0.0004 0.0002
0.9991 0.0004 0.0002 0.0004 0.0002 0.0005 0.9989 0.0004 0.9991 0.0004 0.0002 0.0004 0.0002 0.0004 0.9990 0.0003
0.0004 0.0003 0.0004 0.9990 0.0002 0.0004 0.9990 0.0003 0.9991 0.0004 0.0002 0.0003 0.9990 0.0004 0.0002 0.0004
0.9991 0.0004 0.0002 0.0004 0.9991 0.0004 0.0002 0.0003 0.0004 0.0003 0.0004 0.9990 0.0003 0.0005 0.9988 0.0004
0.0002 0.0005 0.9990 0.0004 0.0002 0.0004 0.9990 0.0003 0.0003 0.9991 0.0004 0.0002 0.0003 0.0004 0.9990 0.0003
0.0003 0.9991 0.0004 0.0002 0.0003 0.9990 0.0004 0.0002 0.0002 0.0005 0.9989 0.0004 0.0004 0.0003 0.0003 0.9990
0.9990 0.0004 0.0002 0.0004 0.0003 0.0002 0.0003 0.9991 0.9991 0.0004 0.0002 0.0003 0.9991 0.0004 0.0002 0.0004
0.9991 0.0004 0.0002 0.0003 0.0004 0.0003 0.0003 0.9990 0.0003 0.0005 0.9988 0.0004 0.9991 0.0004 0.0002 0.0003
0.9991 0.0004 0.0002 0.0003 0.0003 0.9990 0.0004 0.0002 0.0004 0.9990 0.0004 0.0002 0.9991 0.0004 0.0002 0.0004
0.9991 0.0004 0.0002 0.0003 0.0003 0.0005 0.9988 0.0004 0.9991 0.0004 0.0002 0.0003 0.0003 0.9990 0.0004 0.0002
0.9991 0.0004 0.0002 0.0003 0.0002 0.0005 0.9989 0.0004 0.0004 0.9990 0.0004 0.0002 0.9990 0.0004 0.0002 0.0004
0.0002 0.0005 0.9989 0.0004 0.0004 0.9990 0.0004 0.0002 0.0003 0.9990 0.0004 0.0002 0.0003 0.9991 0.0004 0.0002
0.0003 0.9991 0.0004 0.0002 0.0003 0.9991 0.0004 0.0002 0.0004 0.0003 0.0003 0.9990 0.0004 0.0003 0.0003 0.9990
0.0002 0.0005 0.9989 0.0004 0.0003 0.0002 0.0003 0.9991 0.0003 0.9990 0.0004 0.0002 0.0003 0.9991 0.0004 0.0002
0.9991 0.0004 0.0002 0.0003 0.9990 0.0004 0.0002 0.0004 0.0004 0.0003 0.0003 0.9990 0.0004 0.0003 0.0003 0.9990
0.0002 0.0005 0.9989 0.0004 0.0002 0.0005 0.9989 0.0004 0.0002 0.0004 0.9990 0.0003 0.0003 0.0003 0.0003 0.9991
0.0004 0.0003 0.0003 0.9990 0.0002 0.0005 0.9989 0.0004 0.0003 0.0002 0.0003 0.9991 0.0002 0.0004 0.9990 0.0003
0.0003 0.9991 0.0004 0.0002 0.0003 0.9990 0.0004 0.0002 0.0003 0.0003 0.0003 0.9991 0.0004 0.0003 0.0003 0.9990
0.9991 0.0004 0.0002 0.0004 0.0003 0.0002 0.0003 0.9991 0.0003 0.9990 0.0004 0.0002 0.9991 0.0004 0.0002 0.0004
0.0003 0.9991 0.0004 0.0002 0.0003 0.0005 0.9989 0.0004 0.0002 0.0005 0.9989 0.0004 0.0003 0.9990 0.0004 0.0002
0.0002 0.0004 0.9990 0.0003 0.9991 0.0004 0.0002 0.0003 0.0004 0.0003 0.0003 0.9990 0.0004 0.0003 0.0003 0.9990
0.0003 0.9991 0.0004 0.0002 0.0003 0.9990 0.0004 0.0002 0.0003 0.9991 0.0004 0.0002 0.0002 0.0005 0.9989 0.0004
0.9990 0.0004 0.0002 0.0004 0.0002 0.0004 0.9990 0.0003 0.0003 0.9990 0.0004 0.0002 0.9990 0.0004 0.0002 0.0004
0.0003 0.9991 0.0004 0.0002 0.0004 0.9990 0.0004 0.0002 0.0002 0.0005 0.9989 0.0004 0.0003 0.9991 0.0004 0.0002
0.9990 0.0004 0.0002 0.0004 0.9990 0.0004 0.0002 0.0004 0.0004 0.9990 0.0004 0.0002 0.0004 0.9990 0.0004 0.0002
0.0004 0.0003 0.0003 0.9990 0.0003 0.9991 0.0004 0.0002 0.0003 0.9991 0.0004 0.0002 0.0003 0.9991 0.0004 0.0002
0.0003 0.9991 0.0004 0.0002 0.0002 0.0005 0.9989 0.0004 0.0002 0.0005 0.9989 0.0004 0.0002 0.0004 0.9990 0.0003
0.0003 0.0003 0.0003 0.9990 0.0002 0.0004 0.9990 0.0003 0.0003 0.0002 0.0003 0.9991 0.0004 0.0003 0.0003 0.9990
0.0003 0.0002 0.0003 0.9991 0.0003 0.9991 0.0004 0.0002 0.0003 0.0002 0.0003 0.9992 0.0002 0.0005 0.9989 0.0004
0.0003 0.9991 0.0004 0.0002 0.0002 0.0004 0.9990 0.0003 0.0003 0.9991 0.0004 0.0002 0.0003 0.9990 0.0004 0.0002
0.0003 0.9991 0.0004 0.0002 0.0003 0.9991 0.0004 0.0002 0.9990 0.0004 0.0002 0.0004 0.0002 0.0005 0.9989 0.0004
0.0004 0.9990 0.0004 0.0002 0.0003 0.0003 0.0003 0.9990 0.0003 0.9991 0.0004 0.0002 0.0003 0.9991 0.0004 0.0002
0.9990 0.0004 0.0002 0.0004 0.0002 0.0005 0.9989 0.0004 0.0003 0.0005 0.9988 0.0004 0.0003 0.9991 0.0004 0.0002
0.0003 0.9990 0.0004 0.0002 0.0003 0.9991 0.0004 0.0002 0.0003 0.9991 0.0004 0.0002 0.0003 0.9991 0.0004 0.0002
0.0002 0.0005 0.9989 0.0004 0.0003 0.9991 0.0004 0.0002 0.0003 0.9990 0.0004 0.0002 0.0003 0.9991 0.0004 0.0002
0.0003 0.9991 0.0004 0.0002 0.0003 0.9991 0.0004 0.0002 0.0002 0.0005 0.9989 0.0004 0.0002 0.0005 0.9989 0.0004
0.0003 0.0003 0.0003 0.9990 0.0002 0.0004 0.9990 0.0003 0.0002 0.0005 0.9989 0.0004 0.0002 0.0004 0.9990 0.0003
0.0003 0.9991 0.0004 0.0002 0.0002 0.0004 0.9990 0.0003 0.0003 0.9991 0.0004 0.0002 0.0003 0.9990 0.0004 0.0002
0.0002 0.0005 0.9989 0.0004 0.0004 0.0003 0.0003 0.9990 0.0003 0.9990 0.0004 0.0002 0.0003 0.0002 0.0003 0.9991
0.0004 0.0003 0.0003 0.9990 0.0002 0.0005 0.9989 0.0004 0.0002 0.0005 0.9989 0.0004 0.9990 0.0004 0.0002 0.0004
0.0003 0.9990 0.0004 0.0002 0.0003 0.9990 0.0004 0.0002 0.0002 0.0005 0.9989 0.0004 0.0004 0.0003 0.0003 0.9990
0.9990 0.0004 0.0002 0.0004 0.0003 0.0002 0.0003 0.9991 0.9991 0.0004 0.0002 0.0003 0.0003 0.0002 0.0003 0.9991
0.9991 0.0004 0.0002 0.0003 0.0003 0.9991 0.0004 0.0002 0.0004 0.9990 0.0004 0.0002 0.0002 0.0005 0.9989 0.0004
0.0002 0.0005 0.9989 0.0004 0.9990 0.0004 0.0002 0.0004 0.9990 0.0004 0.0002 0.0004 0.0004 0.0003 0.0003 0.9990
0.0004 0.0003 0.0004 0.9990 0.0003 0.0002 0.0003 0.9991 0.9991 0.0004 0.0002 0.0003 0.0002 0.0005 0.9989 0.0004
0.9991 0.0004 0.0002 0.0004 0.9990 0.0004 0.0002 0.0004 0.0003 0.0005 0.9989 0.0004 0.0004 0.0003 0.0003 0.9990
0.9991 0.0004 0.0002 0.0003 0.0003 0.9991 0.0004 0.0002 0.0003 0.0005 0.9988 0.0004 0.0004 0.0003 0.0003 0.9991
0.9991 0.0004 0.0002 0.0003 0.9991 0.0004 0.0002 0.0004 0.9991 0.0004 0.0002 0.0003 0.9991 0.0004 0.0002 0.0004
0.0004 0.9990 0.0004 0.0002 0.0004 0.9990 0.0004 0.0002 0.0003 0.9991 0.0004 0.0002 0.9991 0.0004 0.0002 0.0003
0.9990 0.0004 0.0002 0.0004 0.9991 0.0004 0.0002 0.0003 0.0004 0.9990 0.0004 0.0002 0.9991 0.0004 0.0002 0.0003
0.0003 0.9991 0.0004 0.0002 0.9991 0.0004 0.0002 0.0003 0.0004 0.0003 0.0003 0.9990 0.0003 0.0005 0.9988 0.0004
0.0002 0.0005 0.9989 0.0004 0.0003 0.0004 0.9990 0.0003 0.9990 0.0004 0.0002 0.0004 0.0004 0.0003 0.0003 0.9990
0.0004 0.9990 0.0004 0.0002 0.9992 0.0004 0.0002 0.0003 0.0003 0.9991 0.0004 0.0002 0.0003 0.9990 0.0004 0.0002
0.0002 0.0005 0.9989 0.0004 0.9991 0.0004 0.0002 0.0003 0.0003 0.9990 0.0004 0.0002 0.0004 0.0003 0.0004 0.9990
0.0004 0.0003 0.0003 0.9990 0.9991 0.0004 0.0002 0.0003 0.0003 0.0002 0.0003 0.9991 0.0003 0.9990 0.0004 0.0002
0.0003 0.9991 0.0004 0.0002 0.0003 0.9991 0.0004 0.0002 0.0003 0.0003 0.0003 0.9991 0.9990 0.0004 0.0002 0.0004
0.0003 0.0002 0.0003 0.9991 0.0003 0.0005 0.9988 0.0004 0.0003 0.9991 0.0004 0.0002 0.0003 0.9990 0.0004 0.0002
0.0003 0.0003 0.0003 0.9991 0.0002 0.0005 0.9989 0.0004 0.0003 0.9991 0.0004 0.0002 0.0003 0.9990 0.0004 0.0002
0.0002 0.0005 0.9989 0.0004 0.0004 0.0003 0.0003 0.9990 0.0002 0.0004 0.9990 0.0003 0.0003 0.0002 0.0003 0.9991
0.0002 0.0004 0.9990 0.0003 0.0003 0.9991 0.0004 0.0002 0.0004 0.0003 0.0003 0.9990 0.0002 0.0005 0.9989 0.0004
0.0003 0.9991 0.0004 0.0002 0.0003 0.9991 0.0004 0.0002 0.0003 0.9991 0.0004 0.0002 0.0004 0.0003 0.0003 0.9990
0.0002 0.0005 0.9989 0.0004 0.0003 0.9991 0.0004 0.0002 0.0002 0.0004 0.9990 0.0003 0.0004 0.0003 0.0003 0.9990
0.9990 0.0004 0.0002 0.0004 0.9991 0.0004 0.0002 0.0004 0.0004 0.0003 0.0004 0.9989 0.0003 0.0005 0.9989 0.0004
0.0003 0.9991 0.0004 0.0002 0.0002 0.0004 0.9990 0.0003 0.9990 0.0004 0.0002 0.0004 0.9990 0.0004 0.0002 0.0004
0.0003 0.9990 0.0004 0.0002 0.0004 0.9990 0.0004 0.0002 0.9991 0.0004 0.0002 0.0004 0.9991 0.0004 0.0002 0.0003
0.9991 0.0004 0.0002 0.0003 0.9991 0.0004 0.0002 0.0003 0.0003 0.0005 0.9988 0.0004 0.0003 0.0005 0.9989 0.0004
0.0002 0.0004 0.9990 0.0003 0.0004 0.0003 0.0003 0.9990 0.0003 0.9990 0.0004 0.0002 0.0003 0.9991 0.0004 0.0002
0.9991 0.0004 0.0002 0.0003 0.9990 0.0004 0.0002 0.0004 0.0003 0.0005 0.9988 0.0004 0.0003 0.9990 0.0004 0.0002
0.0003 0.9990 0.0004 0.0002 0.0004 0.0003 0.0003 0.9990 0.9991 0.0004 0.0002 0.0003 0.0003 0.0002 0.0003 0.9991
0.0003 0.0005 0.9988 0.0004 0.0003 0.9991 0.0004 0.0002 0.0004 0.0003 0.0003 0.9990 0.0002 0.0005 0.9989 0.0004
0.0004 0.0002 0.0003 0.9991 0.0002 0.0004 0.9990 0.0003 0.0003 0.9991 0.0004 0.0002 0.0002 0.0004 0.9990 0.0003
0.0002 0.0005 0.9989 0.0004 0.0002 0.0004 0.9990 0.0003 0.0002 0.0004 0.9990 0.0003 0.0004 0.0003 0.0003 0.9990
0.0004 0.0003 0.0003 0.9990 0.0003 0.9991 0.0004 0.0002 0.9991 0.0004 0.0002 0.0003 0.0002 0.0005 0.9989 0.0004
0.0003 0.9990 0.0004 0.0002 0.0003 0.0003 0.0003 0.9991 0.0003 0.9991 0.0004 0.0002 0.0003 0.9991 0.0004 0.0002
0.0003 0.9991 0.0004 0.0002 0.0003 0.9991 0.0004 0.0002 0.0004 0.0003 0.0003 0.9990 0.0004 0.0003 0.0003 0.9990
0.0003 0.9990 0.0004 0.0002 0.0003 0.9990 0.0004 0.0002 0.0003 0.9991 0.0004 0.0002 0.0003 0.9991 0.0004 0.0002
0.9990 0.0004 0.0002 0.0004 0.9990 0.0004 0.0002 0.0004 0.0003 0.0005 0.9988 0.0004 0.0004 0.0003 0.0004 0.9990
0.0002 0.0004 0.9990 0.0003 0.0002 0.0005 0.9989 0.0004 0.0003 0.9990 0.0004 0.0002 0.9990 0.0004 0.0002 0.0004
0.0002 0.0005 0.9989 0.0004 0.0004 0.0003 0.0003 0.9990 0.0002 0.0004 0.9990 0.0003 0.0003 0.0002 0.0003 0.9991
0.0004 0.0003 0.0003 0.9990 0.0003 0.0002 0.0003 0.9991 0.9991 0.0004 0.0002 0.0003 0.0003 0.0002 0.0003 0.9992
0.0004 0.0003 0.0003 0.9990 0.0002 0.0005 0.9989 0.0004 0.0002 0.0005 0.9989 0.0004 0.0003 0.0003 0.0003 0.9991
0.0003 0.9991 0.0004 0.0002 0.0003 0.0002 0.0003 0.9991 0.0004 0.0003 0.0003 0.9990 0.9991 0.0004 0.0002 0.0004
0.0003 0.0002 0.0003 0.9991 0.0003 0.9990 0.0004 0.0002 0.0003 0.0002 0.0003 0.9991 0.0002 0.0005 0.9989 0.0004
0.0003 0.0002 0.0003 0.9992 0.9990 0.0004 0.0002 0.0004 0.0003 0.9991 0.0004 0.0002 0.0004 0.9990 0.0004 0.0002
0.9990 0.0004 0.0002 0.0004 0.9991 0.0004 0.0002 0.0003 0.0003 0.9990 0.0004 0.0002 0.0003 0.9990 0.0004 0.0002
0.0002 0.0005 0.9989 0.0004 0.0002 0.0005 0.9989 0.0004 0.0002 0.0004 0.9990 0.0003 0.9990 0.0004 0.0002 0.0004
0.0004 0.0003 0.0003 0.9990 0.0004 0.9990 0.0004 0.0002 0.0003 0.0002 0.0003 0.9991 0.0004 0.0003 0.0003 0.9990
0.0002 0.0005 0.9989 0.0004 0.0003 0.0002 0.0003 0.9991 0.0002 0.0004 0.9990 0.0003 0.0003 0.0002 0.0003 0.9991
0.0003 0.9990 0.0004 0.0002 0.0003 0.9991 0.0004 0.0002 0.0002 0.0005 0.9989 0.0004 0.0003 0.0003 0.0003 0.9991
0.9990 0.0004 0.0002 0.0004 0.9991 0.0004 0.0002 0.0004 0.0004 0.9990 0.0004 0.0002 0.0003 0.9990 0.0004 0.0002
0.0004 0.0003 0.0003 0.9990 0.0003 0.9991 0.0004 0.0002 0.0003 0.9991 0.0004 0.0002 0.0003 0.9991 0.0004 0.0002
0.0004 0.0003 0.0003 0.9990 0.0004 0.0003 0.0003 0.9990 0.0002 0.0005 0.9989 0.0004 0.0003 0.9990 0.0004 0.0002
0.0003 0.0003 0.0003 0.9991 0.9990 0.0004 0.0002 0.0004 0.9991 0.0004 0.0002 0.0003 0.9991 0.0004 0.0002 0.0004
0.9991 0.0004 0.0002 0.0004 0.0004 0.9990 0.0005 0.0002 0.0004 0.0003 0.0004 0.9990 0.0002 0.0005 0.9989 0.0004
0.0003 0.0002 0.0003 0.9991 0.0002 0.0004 0.9990 0.0003 0.0003 0.0002 0.0003 0.9991 0.9991 0.0004 0.0002 0.0003
0.0003 0.0002 0.0003 0.9991 0.0003 0.0005 0.9988 0.0004 0.0003 0.9991 0.0004 0.0002 0.0003 0.9990 0.0004 0.0002
0.9990 0.0004 0.0002 0.0004 0.0003 0.9991 0.0004 0.0002 0.0004 0.0003 0.0003 0.9990 0.0003 0.9991 0.0004 0.0002
0.0003 0.9990 0.0004 0.0002 0.0002 0.0005 0.9989 0.0004 0.0002 0.0005 0.9989 0.0004 0.0004 0.0003 0.0003 0.9990
0.0003 0.0003 0.0003 0.9991 0.9991 0.0004 0.0002 0.0003 0.0002 0.0005 0.9989 0.0004 0.0004 0.0003 0.0003 0.9990
0.0003 0.0003 0.0003 0.9991 0.0003 0.9991 0.0004 0.0002 0.9991 0.0004 0.0002 0.0003 0.9990 0.0004 0.0002 0.0004
0.0003 0.0005 0.9988 0.0004 0.0004 0.0003 0.0003 0.9990 0.0003 0.9990 0.0004 0.0002 0.0002 0.0005 0.9989 0.0004
0.0004 0.0003 0.0003 0.9990 0.0002 0.0004 0.9990 0.0003 0.0003 0.0002 0.0003 0.9991 0.9991 0.0004 0.0002 0.0003
0.0003 0.9991 0.0004 0.0002 0.0004 0.0003 0.0003 0.9990 0.0002 0.0005 0.9989 0.0004 0.0003 0.0002 0.0003 0.9991
0.0003 0.0003 0.0003 0.9991 0.0003 0.9991 0.0004 0.0002 0.9991 0.0004 0.0002 0.0003 0.9990 0.0004 0.0002 0.0004
0.9991 0.0004 0.0002 0.0004 0.9991 0.0004 0.0002 0.0004 0.0003 0.0005 0.9988 0.0004 0.0003 0.0005 0.9989 0.0004
0.9990 0.0004 0.0002 0.0004 0.9990 0.0004 0.0002 0.0003 0.9991 0.0004 0.0002 0.0003 0.0004 0.9990 0.0004 0.0002
0.0003 0.0005 0.9988 0.0004 0.0002 0.0005 0.9989 0.0004 0.0002 0.0004 0.9990 0.0003 0.0002 0.0004 0.9990 0.0003
0.0004 0.0003 0.0003 0.9990 0.0002 0.0004 0.9990 0.0003 0.0002 0.0005 0.9989 0.0004 0.0004 0.0003 0.0003 0.9990
0.9990 0.0004 0.0002 0.0004 0.9991 0.0004 0.0002 0.0003 0.0003 0.9990 0.0004 0.0002 0.0003 0.0005 0.9988 0.0004
0.9991 0.0004 0.0002 0.0003 0.9990 0.0004 0.0002 0.0004 0.0003 0.0005 0.9989 0.0004 0.0004 0.0003 0.0003 0.9990
0.9990 0.0004 0.0002 0.0003 0.9991 0.0004 0.0002 0.0003 0.9991 0.0004 0.0002 0.0003 0.9991 0.0004 0.0002 0.0004
0.0003 0.0005 0.9988 0.0004 0.0003 0.0005 0.9989 0.0004 0.0003 0.9990 0.0004 0.0002 0.0003 0.9990 0.0004 0.0002
0.9991 0.0004 0.0002 0.0003 0.0003 0.9991 0.0004 0.0002 0.0004 0.9990 0.0004 0.0002 0.9990 0.0004 0.0002 0.0004
0.0003 0.9991 0.0004 0.0002 0.0003 0.0005 0.9988 0.0004 0.0002 0.0005 0.9989 0.0004 0.0004 0.0003 0.0003 0.9990
0.0003 0.9990 0.0004 0.0002 0.0003 0.9991 0.0004 0.0002 0.0003 0.9991 0.0004 0.0002 0.0004 0.0003 0.0003 0.9991
0.9990 0.0004 0.0002 0.0004 0.0003 0.0002 0.0003 0.9991 0.0004 0.0003 0.0004 0.9990 0.0003 0.0002 0.0003 0.9991
0.0003 0.0002 0.0003 0.9991 0.9991 0.0004 0.0002 0.0004 0.9991 0.0004 0.0002 0.0004 0.9990 0.0004 0.0002 0.0004
0.9991 0.0004 0.0002 0.0004 0.9991 0.0004 0.0002 0.0004 0.9991 0.0004 0.0002 0.0004 0.9991 0.0004 0.0002 0.0003
0.0003 0.0005 0.9989 0.0004 0.0004 0.9990 0.0004 0.0002 0.9991 0.0004 0.0002 0.0003 0.0003 0.9991 0.0004 0.0002
0.0004 0.9990 0.0004 0.0002 0.0003 0.9991 0.0004 0.0002 0.0004 0.0003 0.0003 0.9990 0.0002 0.0005 0.9989 0.0004
0.0002 0.0005 0.9989 0.0004 0.0004 0.0003 0.0003 0.9990 0.0004 0.0003 0.0003 0.9990 0.0002 0.0005 0.9989 0.0004
0.9991 0.0004 0.0002 0.0003 0.9990 0.0004 0.0002 0.0004 0.9991 0.0004 0.0002 0.0004 0.0003 0.0005 0.9988 0.0004
0.0004 0.9990 0.0004 0.0002 0.0003 0.9990 0.0004 0.0002 0.9991 0.0004 0.0002 0.0003 0.9991 0.0004 0.0002 0.0003
0.0003 0.0005 0.9989 0.0004 0.0004 0.0003 0.0004 0.9990 0.0002 0.0004 0.9990 0.0003 0.0004 0.0002 0.0003 0.9991
0.9991 0.0004 0.0002 0.0003 0.0003 0.0002 0.0003 0.9991 0.9991 0.0004 0.0002 0.0003 0.9991 0.0004 0.0002 0.0004
0.0004 0.0003 0.0004 0.9989 0.0002 0.0005 0.9989 0.0004 0.0004 0.0002 0.0003 0.9991 0.0003 0.9990 0.0004 0.0002
0.0002 0.0005 0.9990 0.0004 0.0003 0.9991 0.0004 0.0002 0.0003 0.9991 0.0004 0.0002 0.0003 0.9991 0.0004 0.0002
0.9991 0.0004 0.0002 0.0003 0.9990 0.0004 0.0002 0.0004 0.9991 0.0004 0.0002 0.0004 0.0004 0.0003 0.0004 0.9990
0.0004 0.0003 0.0004 0.9989 0.0003 0.9990 0.0004 0.0002 0.0002 0.0005 0.9989 0.0004 0.9990 0.0004 0.0002 0.0004
0.0002 0.0004 0.9990 0.0003 0.0004 0.0003 0.0003 0.9990 0.0002 0.0004 0.9990 0.0004 0.0003 0.0002 0.0003 0.9991
0.9991 0.0004 0.0002 0.0003 0.0003 0.9991 0.0004 0.0002 0.0003 0.0005 0.9988 0.0004 0.0003 0.9991 0.0004 0.0002
0.9991 0.0004 0.0002 0.0003 0.0003 0.9991 0.0004 0.0002 0.0004 0.9990 0.0004 0.0002 0.0003 0.9991 0.0004 0.0002
0.9991 0.0004 0.0002 0.0003 0.0004 0.0003 0.0003 0.9990 0.0003 0.0005 0.9988 0.0004 0.0003 0.0002 0.0003 0.9991
0.0002 0.0004 0.9990 0.0003 0.0002 0.0005 0.9989 0.0004 0.0003 0.9990 0.0004 0.0002 0.0003 0.9991 0.0004 0.0002
0.0004 0.0003 0.0003 0.9990 0.0002 0.0005 0.9989 0.0004 0.0003 0.0002 0.0003 0.9991 0.9990 0.0004 0.0002 0.0004
0.0002 0.0005 0.9989 0.0004 0.9991 0.0004 0.0002 0.0003 0.0002 0.0004 0.9990 0.0003 0.0003 0.0005 0.9988 0.0004
0.0003 0.9990 0.0004 0.0002 0.0004 0.0003 0.0003 0.9990 0.0004 0.0003 0.0003 0.9990 0.0004 0.0002 0.0003 0.9991
0.0002 0.0005 0.9989 0.0004 0.0003 0.0002 0.0003 0.9991 0.0003 0.9990 0.0004 0.0002 0.0003 0.0002 0.0003 0.9992
0.0002 0.0005 0.9989 0.0004 0.0003 0.9991 0.0004 0.0002 0.0003 0.0003 0.0003 0.9991 0.0003 0.0003 0.0003 0.9991
0.0003 0.9991 0.0004 0.0002 0.0003 0.9991 0.0004 0.0002 0.0002 0.0005 0.9989 0.0004 0.0003 0.0003 0.0003 0.9991
0.0003 0.9991 0.0004 0.0002 0.0003 0.9991 0.0004 0.0002 0.0003 0.9991 0.0004 0.0002 0.9990 0.0004 0.0002 0.0004
0.0004 0.0003 0.0003 0.9990 0.9991 0.0004 0.0002 0.0004 0.0002 0.0005 0.9989 0.0004 0.0004 0.0003 0.0004 0.9990
0.0002 0.0004 0.9990 0.0003 0.9991 0.0004 0.0002 0.0003 0.0002 0.0004 0.9990 0.0003 0.9991 0.0004 0.0002 0.0004
0.0004 0.0003 0.0003 0.9990 0.0003 0.0005 0.9988 0.0004 0.0002 0.0005 0.9989 0.0004 0.0004 0.0003 0.0003 0.9990
0.9990 0.0004 0.0002 0.0004 0.0003 0.9991 0.0004 0.0002 0.0003 0.0005 0.9988 0.0004 0.0002 0.0005 0.9989 0.0004
0.0002 0.0004 0.9990 0.0003 0.9990 0.0004 0.0002 0.0004 0.0004 0.0003 0.0003 0.9990 0.0004 0.0003 0.0003 0.9990
0.0003 0.0002 0.0003 0.9991 0.0003 0.9991 0.0004 0.0002 0.0003 0.9991 0.0004 0.0002 0.0003 0.9991 0.0004 0.0002
0.9990 0.0004 0.0002 0.0004 0.0003 0.9991 0.0004 0.0002 0.0004 0.0003 0.0003 0.9990 0.9990 0.0004 0.0002 0.0004
0.0003 0.9990 0.0004 0.0002 0.0004 0.0003 0.0004 0.9990 0.0002 0.0005 0.9989 0.0004 0.0003 0.0002 0.0003 0.9991
0.0003 0.9991 0.0004 0.0002 0.9991 0.0004 0.0002 0.0004 0.9991 0.0004 0.0002 0.0003 0.9991 0.0004 0.0002 0.0004
0.9991 0.0004 0.0002 0.0003 0.9991 0.0004 0.0002 0.0004 0.0003 0.0005 0.9988 0.0004 0.0004 0.0003 0.0004 0.9990
0.0002 0.0004 0.9990 0.0003 0.0003 0.9991 0.0004 0.0002 0.0003 0.9990 0.0004 0.0002 0.0003 0.9991 0.0004 0.0002
0.0004 0.0003 0.0003 0.9990 0.9990 0.0004 0.0002 0.0004 0.0003 0.0002 0.0003 0.9991 0.0003 0.0005 0.9989 0.0004
0.0003 0.9991 0.0004 0.0002 0.0003 0.9990 0.0004 0.0002 0.0003 0.9991 0.0004 0.0002 0.0002 0.0005 0.9989 0.0004
0.0003 0.9991 0.0004 0.0002 0.0002 0.0004 0.9990 0.0003 0.0002 0.0005 0.9989 0.0004 0.0004 0.0003 0.0003 0.9990
0.0003 0.9990 0.0005 0.0002 0.0003 0.9991 0.0004 0.0002 0.9991 0.0004 0.0002 0.0003 0.9990 0.0004 0.0002 0.0004
0.9991 0.0004 0.0002 0.0003 0.9991 0.0004 0.0002 0.0004 0.0004 0.9990 0.0005 0.0002 0.0004 0.9990 0.0005 0.0002
0.0004 0.0003 0.0003 0.9990 0.0003 0.9991 0.0004 0.0002 0.0003 0.0002 0.0003 0.9991 0.0002 0.0005 0.9989 0.0004
0.0002 0.0005 0.9989 0.0004 0.0003 0.9990 0.0004 0.0002 0.9990 0.0004 0.0002 0.0004 0.0004 0.0003 0.0003 0.9990
0.0003 0.0005 0.9988 0.0004 0.0003 0.9991 0.0004 0.0002 0.0003 0.9990 0.0004 0.0002 0.0003 0.9991 0.0004 0.0002
0.0004 0.0003 0.0003 0.9990 0.0002 0.0005 0.9989 0.0004 0.0003 0.9991 0.0004 0.0002 0.0002 0.0004 0.9990 0.0003
0.0003 0.9991 0.0004 0.0002 0.0003 0.9990 0.0005 0.0002 0.9990 0.0004 0.0002 0.0004 0.9991 0.0004 0.0002 0.0003
0.9991 0.0004 0.0002 0.0004 0.9991 0.0004 0.0002 0.0003 0.0004 0.0003 0.0004 0.9989 0.0003 0.0005 0.9988 0.0004
0.9991 0.0004 0.0002 0.0003 0.0004 0.0003 0.0003 0.9990 0.0003 0.0005 0.9988 0.0004 0.9991 0.0004 0.0002 0.0003
0.0003 0.9990 0.0004 0.0002 0.9991 0.0004 0.0002 0.0004 0.0004 0.0003 0.0003 0.9990 0.9991 0.0004 0.0002 0.0003
0.0003 0.9991 0.0004 0.0002 0.0004 0.9990 0.0004 0.0002 0.9990 0.0004 0.0002 0.0004 0.9991 0.0004 0.0002 0.0003
0.9991 0.0004 0.0002 0.0004 0.9991 0.0004 0.0002 0.0003 0.0003 0.0005 0.9989 0.0004 0.0004 0.0003 0.0004 0.9989
0.0004 0.0003 0.0003 0.9990 0.0004 0.0003 0.0003 0.9991 0.9991 0.0004 0.0002 0.0003 0.9991 0.0004 0.0002 0.0003
0.0003 0.0005 0.9988 0.0004 0.0003 0.0005 0.9989 0.0004 0.0004 0.0003 0.0003 0.9990 0.0002 0.0004 0.9990 0.0003
0.0003 0.0002 0.0003 0.9991 0.0002 0.0004 0.9990 0.0004 0.0002 0.0005 0.9989 0.0004 0.0002 0.0004 0.9990 0.0003
0.9990 0.0004 0.0002 0.0004 0.9991 0.0004 0.0002 0.0003 0.0003 0.9990 0.0004 0.0002 0.9991 0.0004 0.0002 0.0003
0.0003 0.9991 0.0004 0.0002 0.0004 0.9990 0.0004 0.0002 0.0004 0.0003 0.0003 0.9990 0.0004 0.0003 0.0003 0.9990
0.0002 0.0005 0.9989 0.0004 0.0003 0.0002 0.0003 0.9991 0.9990 0.0004 0.0002 0.0004 0.0003 0.9991 0.0004 0.0002
0.9991 0.0004 0.0002 0.0003 0.9990 0.0004 0.0002 0.0004 0.0004 0.9990 0.0004 0.0002 0.0003 0.9990 0.0004 0.0002
0.0004 0.0003 0.0003 0.9990 0.9991 0.0004 0.0002 0.0004 0.0002 0.0005 0.9989 0.0004 0.0003 0.0005 0.9988 0.0004
0.0002 0.0004 0.9990 0.0003 0.0004 0.0003 0.0003 0.9990 0.0004 0.0003 0.0003 0.9990 0.0002 0.0005 0.9989 0.0004
0.9991 0.0004 0.0002 0.0003 0.9990 0.0004 0.0002 0.0004 0.0003 0.0005 0.9988 0.0004 0.0003 0.9990 0.0004 0.0002
0.9990 0.0004 0.0002 0.0004 0.9991 0.0004 0.0002 0.0004 0.0004 0.0003 0.0003 0.9990 0.0003 0.0005 0.9989 0.0004
0.0003 0.0002 0.0003 0.9991 0.0004 0.0003 0.0003 0.9990 0.0002 0.0005 0.9990 0.0004 0.0004 0.0002 0.0003 0.9991
0.0003 0.9991 0.0004 0.0002 0.0002 0.0005 0.9989 0.0004 0.9991 0.0004 0.0002 0.0003 0.9990 0.0004 0.0002 0.0004
0.0004 0.0003 0.0003 0.9990 0.9991 0.0004 0.0002 0.0003 0.0002 0.0005 0.9989 0.0004 0.9991 0.0004 0.0002 0.0003
0.0002 0.0004 0.9990 0.0003 0.0004 0.0003 0.0004 0.9989 0.0002 0.0004 0.9990 0.0003 0.0002 0.0005 0.9990 0.0004
0.0004 0.0003 0.0003 0.9990 0.0002 0.0004 0.9990 0.0003 0.0003 0.9991 0.0004 0.0002 0.0003 0.9990 0.0004 0.0002
0.0004 0.0003 0.0003 0.9991 0.0002 0.0005 0.9989 0.0004 0.0002 0.0005 0.9989 0.0004 0.0003 0.0003 0.0003 0.9991
0.0003 0.9990 0.0004 0.0002 0.9991 0.0004 0.0002 0.0003 0.9991 0.0004 0.0002 0.0003 0.0003 0.0005 0.9988 0.0004
0.0004 0.0003 0.0003 0.9990 0.0002 0.0004 0.9990 0.0003 0.9991 0.0004 0.0002 0.0003 0.0004 0.0003 0.0003 0.9990
0.0003 0.9990 0.0004 0.0002 0.0002 0.0005 0.9989 0.0004 0.9991 0.0004 0.0002 0.0003 0.0002 0.0004 0.9990 0.0003
0.0003 0.9990 0.0004 0.0002 0.0003 0.9990 0.0004 0.0002 0.0004 0.0003 0.0003 0.9990 0.0004 0.0003 0.0003 0.9990
0.0003 0.9991 0.0004 0.0002 0.0003 0.9991 0.0004 0.0002 0.0002 0.0005 0.9989 0.0004 0.0003 0.9991 0.0004 0.0002
0.9990 0.0004 0.0002 0.0004 0.9990 0.0004 0.0002 0.0004 0.9991 0.0004 0.0002 0.0003 0.9991 0.0004 0.0002 0.0004
0.0003 0.0005 0.9988 0.0004 0.9991 0.0004 0.0002 0.0003 0.0004 0.0003 0.0003 0.9990 0.0003 0.0005 0.9988 0.0004
0.0002 0.0005 0.9989 0.0004 0.0004 0.0003 0.0003 0.9990 0.9990 0.0004 0.0002 0.0004 0.0002 0.0005 0.9989 0.0004
0.9991 0.0004 0.0002 0.0003 0.0002 0.0004 0.9990 0.0003 0.9991 0.0004 0.0002 0.0003 0.9991 0.0004 0.0002 0.0003
0.0003 0.0005 0.9989 0.0004 0.0004 0.9990 0.0004 0.0002 0.0004 0.0003 0.0003 0.9990 0.0003 0.9991 0.0004 0.0002
