0.1109 0.0966 0.6738 0.1187 0.1354 0.0712 0.0891 0.7042 0.0507 0.0216 0.2354 0.6923 0.0132 0.0039 0.0056 0.9773
0.8860 0.0043 0.0106 0.0991 0.7943 0.0035 0.0026 0.1996 0.0291 0.0025 0.9575 0.0109 0.0653 0.9143 0.0038 0.0165
0.9968 0.0005 0.0016 0.0011 0.0004 0.9989 0.0003 0.0003 0.9995 0.0002 0.0001 0.0003 0.9971 0.0021 0.0002 0.0006
0.0006 0.0002 0.0002 0.9990 0.0004 0.9990 0.0003 0.0002 0.0002 0.9992 0.0003 0.0003 0.0002 0.0003 0.0002 0.9994
0.0001 0.0002 0.0002 0.9995 0.0001 0.0003 0.9993 0.0003 0.0001 0.9995 0.0002 0.0002 0.0001 0.9994 0.0003 0.0001
0.0001 0.9996 0.0002 0.0001 0.9994 0.0003 0.0001 0.0002 0.9994 0.0003 0.0001 0.0002 0.0002 0.9995 0.0002 0.0001
0.0002 0.9995 0.0002 0.0001 0.0001 0.9996 0.0002 0.0001 0.0001 0.9996 0.0002 0.0001 0.0001 0.9996 0.0002 0.0001
0.0001 0.0002 0.9995 0.0002 0.9995 0.0002 0.0001 0.0002 0.0002 0.0001 0.0002 0.9996 0.0001 0.0002 0.9995 0.0002
0.0001 0.0001 0.0001 0.9996 0.9995 0.0002 0.0001 0.0002 0.0001 0.9996 0.0002 0.0001 0.0002 0.9995 0.0002 0.0001
0.0001 0.0001 0.0001 0.9996 0.0002 0.0001 0.0002 0.9996 0.0001 0.9996 0.0002 0.0001 0.9996 0.0002 0.0001 0.0002
0.9995 0.0002 0.0001 0.0002 0.9996 0.0002 0.0001 0.0002 0.0002 0.9995 0.0002 0.0001 0.9996 0.0002 0.0001 0.0001
0.0001 0.9996 0.0002 0.0001 0.0002 0.9995 0.0002 0.0001 0.0001 0.9996 0.0002 0.0001 0.9996 0.0002 0.0001 0.0001
0.0001 0.9996 0.0002 0.0001 0.0002 0.9995 0.0002 0.0001 0.0001 0.0002 0.9995 0.0002 0.9996 0.0002 0.0001 0.0001
0.0002 0.9995 0.0002 0.0001 0.0002 0.9995 0.0002 0.0001 0.0001 0.9996 0.0002 0.0001 0.0002 0.0001 0.0002 0.9995
0.0002 0.0001 0.0002 0.9995 0.0001 0.0002 0.9995 0.0002 0.0001 0.9996 0.0002 0.0001 0.0001 0.9996 0.0002 0.0001
0.0001 0.0002 0.9995 0.0002 0.0002 0.0001 0.0001 0.9996 0.0001 0.0002 0.9995 0.0002 0.0001 0.0001 0.0001 0.9996
0.0001 0.0002 0.9995 0.0002 0.0001 0.9996 0.0002 0.0001 0.9996 0.0002 0.0001 0.0002 0.0001 0.9996 0.0002 0.0001
0.9996 0.0002 0.0001 0.0001 0.0001 0.0002 0.9995 0.0002 0.9996 0.0002 0.0001 0.0001 0.9995 0.0002 0.0001 0.0002
0.0002 0.0001 0.0002 0.9995 0.0001 0.0002 0.9995 0.0002 0.0001 0.0002 0.9995 0.0002 0.0002 0.9996 0.0002 0.0001
0.0001 0.0002 0.9995 0.0002 0.0002 0.0001 0.0002 0.9995 0.0002 0.9996 0.0002 0.0001 0.0001 0.9996 0.0002 0.0001
0.9996 0.0002 0.0001 0.0001 0.9995 0.0002 0.0001 0.0002 0.0002 0.9995 0.0002 0.0001 0.0002 0.0001 0.0002 0.9995
0.0002 0.0001 0.0002 0.9996 0.0001 0.0002 0.9995 0.0002 0.0001 0.0002 0.9995 0.0002 0.0001 0.0001 0.0001 0.9996
0.0001 0.0002 0.9995 0.0002 0.0001 0.9996 0.0002 0.0001 0.9996 0.0002 0.0001 0.0001 0.0001 0.0002 0.9995 0.0002
0.9996 0.0002 0.0001 0.0001 0.9995 0.0002 0.0001 0.0002 0.9996 0.0002 0.0001 0.0001 0.0002 0.9995 0.0002 0.0001
0.0002 0.0001 0.0002 0.9995 0.0001 0.0002 0.9995 0.0002 0.0002 0.0001 0.0001 0.9996 0.0001 0.0002 0.9995 0.0002
0.0001 0.0002 0.9995 0.0002 0.0002 0.0001 0.0002 0.9995 0.0001 0.0002 0.9995 0.0002 0.0001 0.0002 0.9995 0.0002
0.9996 0.0002 0.0001 0.0001 0.9995 0.0002 0.0001 0.0002 0.0001 0.0002 0.9995 0.0002 0.9996 0.0002 0.0001 0.0001
0.0001 0.0002 0.9995 0.0002 0.0002 0.0001 0.0002 0.9995 0.9996 0.0002 0.0001 0.0001 0.0001 0.9996 0.0002 0.0001
0.0001 0.0002 0.9995 0.0002 0.0002 0.0001 0.0001 0.9996 0.9996 0.0002 0.0001 0.0001 0.0001 0.9996 0.0002 0.0001
0.0002 0.0001 0.0002 0.9995 0.0002 0.0001 0.0001 0.9996 0.9996 0.0002 0.0001 0.0001 0.0001 0.0002 0.9995 0.0002
0.9996 0.0002 0.0001 0.0002 0.0001 0.0001 0.0001 0.9996 0.0001 0.0002 0.9995 0.0002 0.0001 0.0002 0.9995 0.0002
0.9996 0.0002 0.0001 0.0001 0.9995 0.0002 0.0001 0.0002 0.0001 0.0002 0.9995 0.0002 0.0002 0.0001 0.0002 0.9995
0.0002 0.0001 0.0001 0.9996 0.0001 0.9996 0.0002 0.0001 0.0001 0.9996 0.0002 0.0001 0.9995 0.0002 0.0001 0.0002
0.0001 0.0002 0.9995 0.0002 0.0001 0.0002 0.9995 0.0002 0.0001 0.0002 0.9995 0.0002 0.0001 0.0002 0.9995 0.0002
0.0001 0.0002 0.9995 0.0002 0.0002 0.0001 0.0002 0.9996 0.0002 0.9996 0.0002 0.0001 0.0002 0.0001 0.0001 0.9996
0.0001 0.9996 0.0002 0.0001 0.9996 0.0002 0.0001 0.0002 0.9996 0.0002 0.0001 0.0002 0.0002 0.9995 0.0002 0.0001
0.0001 0.0002 0.9995 0.0002 0.0002 0.0001 0.0001 0.9996 0.0002 0.0001 0.0002 0.9996 0.0001 0.0002 0.9995 0.0002
0.9996 0.0002 0.0001 0.0001 0.9995 0.0002 0.0001 0.0002 0.0002 0.9995 0.0002 0.0001 0.0002 0.9995 0.0002 0.0001
0.9996 0.0002 0.0001 0.0002 0.9996 0.0002 0.0001 0.0002 0.0001 0.0002 0.9995 0.0002 0.9996 0.0002 0.0001 0.0001
0.9996 0.0002 0.0001 0.0001 0.0001 0.0002 0.9995 0.0002 0.0001 0.0002 0.9995 0.0002 0.9996 0.0002 0.0001 0.0001
0.0001 0.0002 0.9995 0.0002 0.0002 0.0001 0.0002 0.9995 0.0002 0.9996 0.0002 0.0001 0.0001 0.9996 0.0002 0.0001
0.0002 0.0001 0.0002 0.9995 0.9996 0.0002 0.0001 0.0002 0.9996 0.0002 0.0001 0.0001 0.0001 0.0002 0.9995 0.0002
0.0001 0.0002 0.9995 0.0002 0.9996 0.0002 0.0001 0.0002 0.0001 0.0002 0.9995 0.0002 0.9996 0.0002 0.0001 0.0001
0.0001 0.0002 0.9995 0.0002 0.0002 0.9995 0.0002 0.0001 0.0001 0.0002 0.9995 0.0002 0.9996 0.0002 0.0001 0.0001
0.0002 0.9996 0.0002 0.0001 0.0002 0.9995 0.0002 0.0001 0.0001 0.9996 0.0002 0.0001 0.0002 0.9996 0.0002 0.0001
0.0001 0.0002 0.9995 0.0002 0.0002 0.0001 0.0002 0.9995 0.0002 0.0001 0.0002 0.9996 0.0001 0.0002 0.9995 0.0002
0.0001 0.0002 0.9995 0.0002 0.0001 0.9996 0.0002 0.0001 0.0001 0.0002 0.9995 0.0002 0.0002 0.0001 0.0002 0.9995
0.9996 0.0002 0.0001 0.0002 0.9996 0.0002 0.0001 0.0002 0.0002 0.9995 0.0002 0.0001 0.0002 0.9995 0.0002 0.0001
0.0002 0.0001 0.0001 0.9996 0.0002 0.0001 0.0001 0.9996 0.0001 0.0001 0.0001 0.9996 0.0001 0.9996 0.0002 0.0001
0.0001 0.9996 0.0002 0.0001 0.0001 0.0002 0.9995 0.0002 0.0001 0.0002 0.9995 0.0002 0.0001 0.0002 0.9995 0.0002
0.0001 0.9996 0.0002 0.0001 0.0001 0.0002 0.9995 0.0002 0.0001 0.0002 0.9995 0.0002 0.0002 0.0001 0.0002 0.9995
0.9995 0.0002 0.0001 0.0002 0.0001 0.0002 0.9995 0.0002 0.0002 0.0001 0.0002 0.9995 0.9995 0.0002 0.0001 0.0002
0.0001 0.9996 0.0002 0.0001 0.0001 0.0002 0.9995 0.0002 0.0001 0.0002 0.9995 0.0002 0.9996 0.0002 0.0001 0.0002
0.0001 0.0002 0.9995 0.0002 0.0002 0.0001 0.0002 0.9995 0.9996 0.0002 0.0001 0.0002 0.0001 0.0002 0.9995 0.0002
0.0001 0.0002 0.9995 0.0002 0.0001 0.0002 0.9995 0.0002 0.0002 0.9996 0.0002 0.0001 0.0001 0.0002 0.9995 0.0002
0.0001 0.9996 0.0002 0.0001 0.0001 0.0002 0.9995 0.0002 0.0001 0.0002 0.9995 0.0002 0.0002 0.0001 0.0002 0.9996
0.0001 0.0002 0.9995 0.0002 0.0002 0.0001 0.0001 0.9996 0.0002 0.9995 0.0002 0.0001 0.0001 0.9996 0.0002 0.0001
0.0001 0.0002 0.9995 0.0002 0.0002 0.0001 0.0001 0.9996 0.0002 0.0001 0.0001 0.9996 0.9996 0.0002 0.0001 0.0002
0.0001 0.9996 0.0002 0.0001 0.9996 0.0002 0.0001 0.0002 0.0002 0.0001 0.0001 0.9996 0.0002 0.9995 0.0002 0.0001
0.9996 0.0002 0.0001 0.0002 0.9996 0.0002 0.0001 0.0002 0.0001 0.0002 0.9995 0.0002 0.0002 0.0001 0.0002 0.9995
0.0002 0.0001 0.0001 0.9996 0.0001 0.0002 0.9995 0.0002 0.0001 0.0002 0.9995 0.0002 0.0002 0.0001 0.0001 0.9996
0.0001 0.9996 0.0002 0.0001 0.0001 0.9996 0.0002 0.0001 0.9996 0.0002 0.0001 0.0001 0.0001 0.0002 0.9995 0.0002
0.0001 0.0002 0.9995 0.0002 0.9995 0.0002 0.0001 0.0002 0.9996 0.0002 0.0001 0.0002 0.9996 0.0002 0.0001 0.0001
0.0002 0.0001 0.0002 0.9995 0.0001 0.0002 0.9995 0.0002 0.0001 0.0002 0.9995 0.0002 0.0002 0.0001 0.0001 0.9996
0.0001 0.0002 0.9995 0.0002 0.0002 0.0001 0.0001 0.9996 0.0001 0.0002 0.9995 0.0002 0.0001 0.0001 0.0001 0.9996
0.0001 0.0002 0.9995 0.0002 0.0001 0.9996 0.0002 0.0001 0.0002 0.9996 0.0002 0.0001 0.0001 0.9996 0.0002 0.0001
0.9996 0.0002 0.0001 0.0001 0.0001 0.0002 0.9995 0.0002 0.0002 0.9995 0.0002 0.0001 0.9995 0.0002 0.0001 0.0002
0.0001 0.0002 0.9995 0.0002 0.0002 0.0001 0.0002 0.9995 0.0001 0.0002 0.9995 0.0002 0.0002 0.0001 0.0001 0.9996
0.9996 0.0002 0.0001 0.0001 0.9996 0.0002 0.0001 0.0002 0.9996 0.0002 0.0001 0.0001 0.0001 0.0002 0.9995 0.0002
0.9996 0.0002 0.0001 0.0001 0.0002 0.9996 0.0002 0.0001 0.0001 0.0002 0.9995 0.0002 0.0001 0.0002 0.9995 0.0002
0.0002 0.0001 0.0001 0.9996 0.9995 0.0002 0.0001 0.0002 0.0002 0.9996 0.0002 0.0001 0.9996 0.0002 0.0001 0.0001
0.9996 0.0002 0.0001 0.0002 0.0001 0.0002 0.9995 0.0002 0.0002 0.9995 0.0002 0.0001 0.0001 0.0002 0.9995 0.0002
0.0001 0.9996 0.0002 0.0001 0.9996 0.0002 0.0001 0.0001 0.0001 0.0002 0.9995 0.0002 0.0002 0.0001 0.0002 0.9995
0.0002 0.0001 0.0002 0.9996 0.9996 0.0002 0.0001 0.0001 0.0002 0.0001 0.0001 0.9996 0.9996 0.0002 0.0001 0.0002
0.0001 0.0001 0.0001 0.9996 0.0002 0.0001 0.0002 0.9995 0.9996 0.0002 0.0001 0.0002 0.9996 0.0002 0.0001 0.0001
0.0001 0.0002 0.9995 0.0002 0.0002 0.0001 0.0002 0.9995 0.9996 0.0002 0.0001 0.0002 0.0002 0.9996 0.0002 0.0001
0.0001 0.0002 0.9995 0.0002 0.0002 0.0001 0.0001 0.9996 0.9996 0.0002 0.0001 0.0001 0.9996 0.0002 0.0001 0.0001
0.0002 0.9996 0.0002 0.0001 0.0002 0.9995 0.0002 0.0001 0.0001 0.0002 0.9995 0.0002 0.0001 0.9996 0.0002 0.0001
0.9996 0.0002 0.0001 0.0002 0.9996 0.0002 0.0001 0.0002 0.9996 0.0002 0.0001 0.0001 0.9996 0.0002 0.0001 0.0001
0.9996 0.0002 0.0001 0.0001 0.9996 0.0002 0.0001 0.0001 0.0002 0.0001 0.0002 0.9995 0.9996 0.0002 0.0001 0.0001
0.0002 0.0001 0.0001 0.9996 0.0002 0.0001 0.0002 0.9995 0.0001 0.0002 0.9995 0.0002 0.9996 0.0002 0.0001 0.0001
0.9995 0.0002 0.0001 0.0002 0.9996 0.0002 0.0001 0.0002 0.9996 0.0002 0.0001 0.0001 0.0001 0.0002 0.9995 0.0002
0.0002 0.0001 0.0002 0.9995 0.9996 0.0002 0.0001 0.0001 0.0001 0.0002 0.9995 0.0002 0.0001 0.0002 0.9995 0.0002
0.0002 0.0001 0.0001 0.9996 0.9996 0.0002 0.0001 0.0001 0.0001 0.0002 0.9995 0.0002 0.9996 0.0002 0.0001 0.0001
0.0001 0.0001 0.0001 0.9996 0.0001 0.0002 0.9995 0.0002 0.9996 0.0002 0.0001 0.0001 0.9996 0.0002 0.0001 0.0001
0.0001 0.0002 0.9995 0.0002 0.0002 0.0001 0.0002 0.9995 0.0001 0.0002 0.9995 0.0002 0.0001 0.0002 0.9995 0.0002
0.0001 0.0002 0.9995 0.0002 0.0001 0.0002 0.9995 0.0002 0.0001 0.0002 0.9995 0.0002 0.9996 0.0002 0.0001 0.0001
0.0002 0.9996 0.0002 0.0001 0.0002 0.9995 0.0002 0.0001 0.9996 0.0002 0.0001 0.0001 0.0001 0.0002 0.9995 0.0002
0.0001 0.0002 0.9995 0.0002 0.0001 0.0002 0.9995 0.0002 0.0001 0.0002 0.9995 0.0002 0.0002 0.9995 0.0002 0.0001
0.0002 0.9996 0.0002 0.0001 0.0001 0.9996 0.0002 0.0001 0.0002 0.0001 0.0002 0.9995 0.0001 0.9996 0.0002 0.0001
0.0001 0.0001 0.0001 0.9996 0.0001 0.0002 0.9995 0.0002 0.0001 0.0002 0.9995 0.0002 0.0002 0.9996 0.0002 0.0001
0.0001 0.0002 0.9995 0.0002 0.0001 0.9996 0.0002 0.0001 0.0002 0.0001 0.0002 0.9996 0.9995 0.0002 0.0001 0.0002
0.0001 0.0002 0.9995 0.0002 0.0002 0.0001 0.0002 0.9995 0.9995 0.0002 0.0001 0.0002 0.0002 0.9996 0.0002 0.0001
0.0002 0.9996 0.0002 0.0001 0.0001 0.9996 0.0002 0.0001 0.0001 0.0002 0.9995 0.0002 0.0002 0.0001 0.0002 0.9996
0.0001 0.9996 0.0002 0.0001 0.0001 0.9996 0.0002 0.0001 0.0001 0.0002 0.9995 0.0002 0.0001 0.0002 0.9995 0.0002
0.0001 0.0002 0.9995 0.0002 0.0001 0.9996 0.0002 0.0001 0.0001 0.0002 0.9995 0.0002 0.0002 0.0001 0.0002 0.9995
0.9996 0.0002 0.0001 0.0001 0.9996 0.0002 0.0001 0.0002 0.0001 0.0002 0.9995 0.0002 0.0002 0.9995 0.0002 0.0001
0.0001 0.0002 0.9995 0.0002 0.0002 0.0001 0.0001 0.9996 0.0002 0.0001 0.0002 0.9996 0.0001 0.0002 0.9995 0.0002
0.0001 0.9996 0.0002 0.0001 0.0002 0.0001 0.0002 0.9996 0.0001 0.0002 0.9995 0.0002 0.9996 0.0002 0.0001 0.0001
0.0001 0.0001 0.0001 0.9996 0.0002 0.9995 0.0002 0.0001 0.0001 0.9996 0.0002 0.0001 0.0001 0.9996 0.0002 0.0001
0.0001 0.9996 0.0002 0.0001 0.0001 0.9996 0.0002 0.0001 0.0001 0.0002 0.9995 0.0002 0.9995 0.0002 0.0001 0.0002
0.0001 0.0001 0.0002 0.9996 0.0001 0.0002 0.9995 0.0002 0.0001 0.0002 0.9995 0.0002 0.0002 0.0001 0.0002 0.9996
0.0001 0.9996 0.0002 0.0001 0.0002 0.0001 0.0001 0.9996 0.0001 0.0002 0.9995 0.0002 0.0001 0.0001 0.0001 0.9996
0.0001 0.9996 0.0002 0.0001 0.0001 0.0002 0.9995 0.0002 0.9996 0.0002 0.0001 0.0001 0.9995 0.0002 0.0001 0.0002
0.0002 0.0001 0.0002 0.9995 0.0001 0.0002 0.9995 0.0002 0.9996 0.0002 0.0001 0.0001 0.0002 0.0001 0.0001 0.9996
0.9996 0.0002 0.0001 0.0002 0.9996 0.0002 0.0001 0.0001 0.0001 0.0002 0.9995 0.0002 0.0001 0.0002 0.9995 0.0002
0.0002 0.0001 0.0001 0.9996 0.9996 0.0002 0.0001 0.0002 0.0001 0.0002 0.9995 0.0002 0.0001 0.0002 0.9995 0.0002
0.0001 0.9996 0.0002 0.0001 0.0002 0.9996 0.0002 0.0001 0.0001 0.9996 0.0002 0.0001 0.0002 0.9996 0.0002 0.0001
0.0002 0.0001 0.0002 0.9996 0.0001 0.0002 0.9995 0.0002 0.9996 0.0002 0.0001 0.0002 0.0001 0.0002 0.9995 0.0002
0.9996 0.0002 0.0001 0.0002 0.9996 0.0002 0.0001 0.0001 0.0002 0.0001 0.0002 0.9995 0.0001 0.0002 0.9995 0.0002
0.0002 0.0001 0.0001 0.9996 0.0002 0.0001 0.0001 0.9996 0.0001 0.9996 0.0002 0.0001 0.0001 0.9996 0.0002 0.0001
0.0001 0.9996 0.0002 0.0001 0.0001 0.0002 0.9995 0.0002 0.0001 0.9996 0.0002 0.0001 0.0001 0.0002 0.9995 0.0002
0.0001 0.0002 0.9995 0.0002 0.0002 0.9995 0.0002 0.0001 0.0002 0.0001 0.0002 0.9996 0.0001 0.0002 0.9995 0.0002
0.0001 0.0002 0.9995 0.0002 0.9995 0.0002 0.0001 0.0002 0.9995 0.0002 0.0001 0.0002 0.9996 0.0002 0.0001 0.0001
0.0002 0.0001 0.0002 0.9995 0.0002 0.0001 0.0002 0.9995 0.0001 0.0002 0.9995 0.0002 0.9996 0.0002 0.0001 0.0001
0.0001 0.0001 0.0001 0.9996 0.0002 0.9995 0.0002 0.0001 0.0002 0.0001 0.0001 0.9996 0.9996 0.0002 0.0001 0.0001
0.0001 0.0001 0.0001 0.9996 0.0002 0.0001 0.0002 0.9995 0.0001 0.0001 0.0001 0.9996 0.0002 0.9996 0.0002 0.0001
0.0001 0.0001 0.0001 0.9996 0.0001 0.9996 0.0002 0.0001 0.9996 0.0002 0.0001 0.0002 0.0001 0.9996 0.0002 0.0001
0.9996 0.0002 0.0001 0.0002 0.9995 0.0002 0.0001 0.0002 0.0002 0.0001 0.0002 0.9995 0.9996 0.0002 0.0001 0.0001
0.0001 0.0002 0.9995 0.0002 0.0002 0.0001 0.0002 0.9995 0.9995 0.0002 0.0001 0.0002 0.0002 0.9996 0.0002 0.0001
0.0002 0.0001 0.0002 0.9995 0.0001 0.9996 0.0002 0.0001 0.9996 0.0002 0.0001 0.0001 0.9996 0.0002 0.0001 0.0002
0.0002 0.0001 0.0002 0.9995 0.0001 0.0002 0.9995 0.0002 0.0002 0.9996 0.0002 0.0001 0.0002 0.9996 0.0002 0.0001
0.0001 0.0002 0.9995 0.0002 0.0001 0.0002 0.9995 0.0002 0.0002 0.0001 0.0001 0.9996 0.9995 0.0002 0.0001 0.0002
0.0002 0.0001 0.0001 0.9996 0.0002 0.9995 0.0002 0.0001 0.0001 0.9996 0.0002 0.0001 0.9996 0.0002 0.0001 0.0001
0.0001 0.0002 0.9995 0.0002 0.0002 0.0001 0.0002 0.9995 0.9995 0.0002 0.0001 0.0002 0.0002 0.0001 0.0001 0.9996
0.9996 0.0002 0.0001 0.0001 0.9996 0.0002 0.0001 0.0001 0.0001 0.0002 0.9995 0.0002 0.0002 0.0001 0.0002 0.9995
0.9996 0.0002 0.0001 0.0001 0.9996 0.0002 0.0001 0.0001 0.0001 0.0002 0.9995 0.0002 0.9996 0.0002 0.0001 0.0002
0.0002 0.9996 0.0002 0.0001 0.0002 0.0001 0.0002 0.9995 0.9996 0.0002 0.0001 0.0001 0.0002 0.0001 0.0001 0.9996
0.0002 0.9995 0.0002 0.0001 0.0001 0.9996 0.0002 0.0001 0.9996 0.0002 0.0001 0.0001 0.0002 0.0001 0.0001 0.9996
0.0002 0.9995 0.0002 0.0001 0.0001 0.9996 0.0002 0.0001 0.0002 0.0001 0.0002 0.9995 0.0001 0.0002 0.9995 0.0002
0.9996 0.0002 0.0001 0.0001 0.0001 0.9996 0.0002 0.0001 0.0001 0.0002 0.9995 0.0002 0.0001 0.0002 0.9995 0.0002
0.0002 0.9996 0.0002 0.0001 0.9995 0.0002 0.0001 0.0002 0.9996 0.0002 0.0001 0.0001 0.0002 0.0001 0.0002 0.9995
0.0002 0.0001 0.0002 0.9995 0.0001 0.9996 0.0002 0.0001 0.0002 0.9996 0.0002 0.0001 0.9995 0.0002 0.0001 0.0002
0.9995 0.0002 0.0001 0.0002 0.0002 0.0001 0.0002 0.9995 0.0001 0.0002 0.9995 0.0002 0.0002 0.0001 0.0001 0.9996
0.9996 0.0002 0.0001 0.0002 0.0001 0.9996 0.0002 0.0001 0.0002 0.0001 0.0002 0.9995 0.0002 0.0001 0.0001 0.9996
0.0001 0.0002 0.9995 0.0002 0.9996 0.0002 0.0001 0.0002 0.0001 0.0001 0.0001 0.9996 0.0001 0.0002 0.9995 0.0002
0.0001 0.0002 0.9995 0.0002 0.0002 0.9996 0.0002 0.0001 0.0001 0.9996 0.0002 0.0001 0.9996 0.0002 0.0001 0.0001
0.0001 0.0002 0.9995 0.0002 0.0002 0.0001 0.0002 0.9995 0.0001 0.9996 0.0002 0.0001 0.0002 0.0001 0.0001 0.9996
0.9996 0.0002 0.0001 0.0001 0.9996 0.0002 0.0001 0.0001 0.0002 0.9995 0.0002 0.0001 0.0002 0.9995 0.0002 0.0001
0.0001 0.9996 0.0002 0.0001 0.0001 0.0002 0.9995 0.0002 0.0001 0.9996 0.0002 0.0001 0.0001 0.9996 0.0002 0.0001
0.0002 0.0001 0.0002 0.9995 0.0001 0.0002 0.9995 0.0002 0.0001 0.0001 0.0001 0.9996 0.0001 0.9996 0.0002 0.0001
0.0001 0.0002 0.9995 0.0002 0.0001 0.9996 0.0002 0.0001 0.9995 0.0002 0.0001 0.0002 0.0002 0.0001 0.0002 0.9995
0.0001 0.0002 0.9995 0.0002 0.0001 0.9996 0.0002 0.0001 0.0002 0.0001 0.0001 0.9996 0.0001 0.9996 0.0002 0.0001
0.9996 0.0002 0.0001 0.0001 0.9995 0.0002 0.0001 0.0002 0.0002 0.0001 0.0002 0.9995 0.9996 0.0002 0.0001 0.0001
0.9996 0.0002 0.0001 0.0001 0.9996 0.0002 0.0001 0.0001 0.0002 0.0001 0.0002 0.9995 0.0001 0.0002 0.9995 0.0002
0.0002 0.0001 0.0001 0.9996 0.0001 0.0002 0.9995 0.0002 0.0001 0.9996 0.0002 0.0001 0.0002 0.9996 0.0002 0.0001
0.0002 0.0001 0.0001 0.9996 0.0002 0.9996 0.0002 0.0001 0.9996 0.0002 0.0001 0.0002 0.9996 0.0002 0.0001 0.0002
0.0001 0.0002 0.9995 0.0002 0.0002 0.0001 0.0002 0.9995 0.9996 0.0002 0.0001 0.0002 0.9996 0.0002 0.0001 0.0001
0.0002 0.0001 0.0002 0.9995 0.9996 0.0002 0.0001 0.0002 0.9996 0.0002 0.0001 0.0001 0.9996 0.0002 0.0001 0.0001
0.0001 0.0002 0.9995 0.0002 0.0002 0.0001 0.0002 0.9995 0.0002 0.9996 0.0002 0.0001 0.0002 0.9996 0.0002 0.0001
0.0001 0.0002 0.9995 0.0002 0.0001 0.0002 0.9995 0.0002 0.9996 0.0002 0.0001 0.0002 0.0001 0.0002 0.9995 0.0002
0.0002 0.0001 0.0002 0.9995 0.0002 0.0001 0.0002 0.9996 0.0001 0.0002 0.9995 0.0002 0.0001 0.9996 0.0002 0.0001
0.0001 0.0001 0.0001 0.9996 0.0002 0.0001 0.0001 0.9996 0.0002 0.0001 0.0001 0.9996 0.0001 0.0002 0.9995 0.0002
0.0001 0.9996 0.0002 0.0001 0.0001 0.9996 0.0002 0.0001 0.0001 0.9996 0.0002 0.0001 0.0001 0.9996 0.0002 0.0001
0.0001 0.0002 0.9995 0.0002 0.0001 0.9996 0.0002 0.0001 0.0001 0.0001 0.0002 0.9996 0.0001 0.0002 0.9995 0.0002
0.0001 0.9996 0.0002 0.0001 0.0001 0.9996 0.0002 0.0001 0.0001 0.0002 0.9995 0.0002 0.0001 0.0002 0.9995 0.0002
0.9995 0.0002 0.0001 0.0002 0.0001 0.0002 0.9995 0.0002 0.0002 0.9995 0.0002 0.0001 0.0002 0.9995 0.0002 0.0001
0.0002 0.0001 0.0001 0.9996 0.0001 0.0002 0.9995 0.0002 0.0001 0.9996 0.0002 0.0001 0.0001 0.0002 0.9995 0.0002
0.0001 0.9996 0.0002 0.0001 0.0002 0.0001 0.0002 0.9995 0.9995 0.0002 0.0001 0.0002 0.9996 0.0002 0.0001 0.0001
0.9996 0.0002 0.0001 0.0001 0.0001 0.0002 0.9995 0.0002 0.0001 0.0002 0.9995 0.0002 0.9996 0.0002 0.0001 0.0002
0.0001 0.0002 0.9995 0.0002 0.0002 0.9995 0.0002 0.0001 0.9996 0.0002 0.0001 0.0001 0.9996 0.0002 0.0001 0.0001
0.0002 0.0001 0.0002 0.9995 0.0002 0.9995 0.0002 0.0001 0.0002 0.0001 0.0001 0.9996 0.0001 0.0002 0.9995 0.0002
0.0001 0.0001 0.0001 0.9996 0.0002 0.9996 0.0002 0.0001 0.0001 0.9996 0.0002 0.0001 0.0002 0.9996 0.0002 0.0001
0.0001 0.9996 0.0002 0.0001 0.0001 0.9996 0.0002 0.0001 0.0002 0.0001 0.0001 0.9996 0.0001 0.9996 0.0002 0.0001
0.9996 0.0002 0.0001 0.0002 0.0001 0.0002 0.9995 0.0002 0.9996 0.0002 0.0001 0.0002 0.0001 0.0002 0.9995 0.0002
0.0002 0.0001 0.0002 0.9995 0.0001 0.0002 0.9995 0.0002 0.9996 0.0002 0.0001 0.0001 0.9996 0.0002 0.0001 0.0002
0.9996 0.0002 0.0001 0.0002 0.9996 0.0002 0.0001 0.0001 0.0002 0.0001 0.0002 0.9995 0.0001 0.0002 0.9995 0.0002
0.0001 0.0002 0.9995 0.0002 0.0001 0.0002 0.9995 0.0002 0.0001 0.9996 0.0002 0.0001 0.0001 0.0002 0.9995 0.0002
0.0002 0.9996 0.0002 0.0001 0.0002 0.9996 0.0002 0.0001 0.0001 0.0002 0.9995 0.0002 0.0002 0.0001 0.0002 0.9995
0.9995 0.0002 0.0001 0.0002 0.0001 0.0001 0.0001 0.9996 0.9996 0.0002 0.0001 0.0001 0.9996 0.0002 0.0001 0.0002
0.9996 0.0002 0.0001 0.0001 0.0002 0.0001 0.0002 0.9995 0.0001 0.0002 0.9995 0.0002 0.9996 0.0002 0.0001 0.0001
0.9996 0.0002 0.0001 0.0001 0.0002 0.9995 0.0002 0.0001 0.0002 0.9995 0.0002 0.0001 0.9996 0.0002 0.0001 0.0002
0.9996 0.0002 0.0001 0.0001 0.0001 0.0002 0.9995 0.0002 0.9996 0.0002 0.0001 0.0001 0.0002 0.9996 0.0002 0.0001
0.9996 0.0002 0.0001 0.0001 0.0001 0.0002 0.9995 0.0002 0.0002 0.9995 0.0002 0.0001 0.9996 0.0002 0.0001 0.0002
0.0001 0.0002 0.9995 0.0002 0.0002 0.9995 0.0002 0.0001 0.0002 0.9996 0.0002 0.0001 0.0001 0.9996 0.0002 0.0001
0.0002 0.9996 0.0002 0.0001 0.0001 0.9996 0.0002 0.0001 0.0002 0.0001 0.0002 0.9995 0.0002 0.0001 0.0002 0.9995
0.0001 0.0002 0.9995 0.0002 0.0001 0.0001 0.0001 0.9996 0.0001 0.9996 0.0002 0.0001 0.0001 0.9996 0.0002 0.0001
0.9996 0.0002 0.0001 0.0001 0.9995 0.0002 0.0001 0.0002 0.0002 0.0001 0.0002 0.9995 0.0002 0.0001 0.0002 0.9995
0.0001 0.0002 0.9995 0.0002 0.0001 0.0002 0.9995 0.0002 0.0001 0.0002 0.9995 0.0002 0.0001 0.0001 0.0001 0.9996
0.0002 0.0001 0.0002 0.9996 0.0001 0.0002 0.9995 0.0002 0.0001 0.0001 0.0001 0.9996 0.0001 0.0002 0.9995 0.0002
0.0001 0.9996 0.0002 0.0001 0.0002 0.9996 0.0002 0.0001 0.0002 0.0001 0.0001 0.9996 0.0002 0.0001 0.0001 0.9996
0.9996 0.0002 0.0001 0.0002 0.0001 0.0001 0.0001 0.9996 0.0002 0.9995 0.0002 0.0001 0.9996 0.0002 0.0001 0.0002
0.0001 0.9996 0.0002 0.0001 0.0001 0.0002 0.9995 0.0002 0.0001 0.0002 0.9995 0.0002 0.0002 0.9996 0.0002 0.0001
0.0001 0.0002 0.9995 0.0002 0.9996 0.0002 0.0001 0.0001 0.0002 0.0001 0.0002 0.9995 0.0002 0.0001 0.0002 0.9995
0.0001 0.9996 0.0002 0.0001 0.0002 0.9996 0.0002 0.0001 0.0001 0.9996 0.0002 0.0001 0.0001 0.0002 0.9995 0.0002
0.9995 0.0002 0.0001 0.0002 0.0001 0.0002 0.9995 0.0002 0.0002 0.9995 0.0002 0.0001 0.9996 0.0002 0.0001 0.0002
0.0001 0.9996 0.0002 0.0001 0.0002 0.9995 0.0002 0.0001 0.0001 0.0002 0.9995 0.0002 0.0001 0.9996 0.0002 0.0001
0.9995 0.0002 0.0001 0.0002 0.9996 0.0002 0.0001 0.0002 0.0002 0.9995 0.0002 0.0001 0.0002 0.9995 0.0002 0.0001
0.0002 0.0001 0.0002 0.9996 0.0001 0.9996 0.0002 0.0001 0.0001 0.9996 0.0002 0.0001 0.0001 0.9996 0.0002 0.0001
0.0001 0.9996 0.0002 0.0001 0.0001 0.0002 0.9995 0.0002 0.0001 0.0002 0.9995 0.0002 0.0001 0.0002 0.9995 0.0002
0.0002 0.0001 0.0002 0.9996 0.0001 0.0002 0.9995 0.0002 0.0002 0.0001 0.0001 0.9996 0.0002 0.0001 0.0002 0.9995
0.0001 0.0001 0.0001 0.9996 0.0001 0.9996 0.0002 0.0001 0.0001 0.0001 0.0001 0.9996 0.0001 0.0002 0.9995 0.0002
0.0001 0.9996 0.0002 0.0001 0.0001 0.0002 0.9995 0.0002 0.0001 0.9996 0.0002 0.0001 0.0002 0.9995 0.0002 0.0001
0.0001 0.9996 0.0002 0.0001 0.0001 0.9996 0.0002 0.0001 0.9995 0.0002 0.0001 0.0002 0.0001 0.0002 0.9995 0.0002
0.0002 0.9995 0.0002 0.0001 0.0002 0.0001 0.0002 0.9996 0.0001 0.9996 0.0002 0.0001 0.0002 0.9996 0.0002 0.0001
0.9995 0.0002 0.0001 0.0002 0.0001 0.0002 0.9995 0.0002 0.0001 0.0002 0.9995 0.0002 0.0001 0.9996 0.0002 0.0001
0.0002 0.9996 0.0002 0.0001 0.0001 0.9996 0.0002 0.0001 0.0002 0.9996 0.0002 0.0001 0.0001 0.9996 0.0002 0.0001
0.0001 0.0002 0.9995 0.0002 0.0001 0.9996 0.0002 0.0001 0.0002 0.9996 0.0002 0.0001 0.0001 0.9996 0.0002 0.0001
0.0001 0.9996 0.0002 0.0001 0.0001 0.9996 0.0002 0.0001 0.0001 0.0002 0.9995 0.0002 0.0001 0.0002 0.9995 0.0002
0.0002 0.0001 0.0002 0.9996 0.0001 0.0002 0.9995 0.0002 0.0001 0.0002 0.9995 0.0002 0.0001 0.0002 0.9995 0.0002
0.0001 0.9996 0.0002 0.0001 0.0001 0.0002 0.9995 0.0002 0.0001 0.9996 0.0002 0.0001 0.0002 0.9996 0.0002 0.0001
0.0001 0.0002 0.9995 0.0002 0.0002 0.0001 0.0002 0.9995 0.0001 0.9996 0.0002 0.0001 0.0001 0.0001 0.0001 0.9996
0.0002 0.0001 0.0002 0.9995 0.0001 0.0002 0.9995 0.0002 0.0001 0.0002 0.9995 0.0002 0.9995 0.0002 0.0001 0.0002
0.0001 0.9996 0.0002 0.0001 0.0002 0.9996 0.0002 0.0001 0.0001 0.0002 0.9995 0.0002 0.0002 0.0001 0.0001 0.9996
0.9995 0.0002 0.0001 0.0002 0.0001 0.0001 0.0001 0.9996 0.9996 0.0002 0.0001 0.0001 0.0001 0.0001 0.0001 0.9996
0.9996 0.0002 0.0001 0.0001 0.0001 0.9996 0.0002 0.0001 0.0002 0.9995 0.0002 0.0001 0.0001 0.0002 0.9995 0.0002
0.0001 0.0002 0.9995 0.0002 0.9995 0.0002 0.0001 0.0002 0.9996 0.0002 0.0001 0.0002 0.0002 0.0001 0.0002 0.9995
0.0002 0.0001 0.0002 0.9995 0.0002 0.0001 0.0001 0.9996 0.9996 0.0002 0.0001 0.0001 0.0001 0.0002 0.9995 0.0002
0.9996 0.0002 0.0001 0.0002 0.9995 0.0002 0.0001 0.0002 0.0001 0.0002 0.9995 0.0002 0.0002 0.0001 0.0002 0.9995
0.9996 0.0002 0.0001 0.0001 0.0001 0.9996 0.0002 0.0001 0.0001 0.0002 0.9995 0.0002 0.0002 0.0001 0.0001 0.9996
0.9996 0.0002 0.0001 0.0001 0.9996 0.0002 0.0001 0.0002 0.9996 0.0002 0.0001 0.0001 0.9996 0.0002 0.0001 0.0002
0.0002 0.9995 0.0002 0.0001 0.0002 0.9995 0.0002 0.0001 0.0002 0.9996 0.0002 0.0001 0.9996 0.0002 0.0001 0.0001
0.9996 0.0002 0.0001 0.0002 0.9996 0.0002 0.0001 0.0001 0.0002 0.9995 0.0002 0.0001 0.9996 0.0002 0.0001 0.0001
0.0001 0.9996 0.0002 0.0001 0.9996 0.0002 0.0001 0.0001 0.0002 0.0001 0.0002 0.9995 0.0001 0.0002 0.9995 0.0002
0.0001 0.0002 0.9995 0.0002 0.0001 0.0002 0.9995 0.0002 0.9995 0.0002 0.0001 0.0002 0.0002 0.0001 0.0001 0.9996
0.0002 0.9995 0.0002 0.0001 0.9996 0.0002 0.0001 0.0001 0.0001 0.9996 0.0002 0.0001 0.0002 0.9995 0.0002 0.0001
0.0001 0.0002 0.9995 0.0002 0.9996 0.0002 0.0001 0.0001 0.0002 0.9996 0.0002 0.0001 0.0002 0.0001 0.0002 0.9995
0.0002 0.0001 0.0002 0.9995 0.9996 0.0002 0.0001 0.0001 0.0001 0.0001 0.0001 0.9996 0.0002 0.9995 0.0002 0.0001
0.0001 0.9996 0.0002 0.0001 0.0001 0.9996 0.0002 0.0001 0.0002 0.0001 0.0001 0.9996 0.9996 0.0002 0.0001 0.0002
0.0001 0.0001 0.0001 0.9996 0.0001 0.0002 0.9995 0.0002 0.0001 0.9996 0.0002 0.0001 0.0002 0.9996 0.0002 0.0001
0.0002 0.0001 0.0001 0.9996 0.0001 0.0002 0.9995 0.0002 0.0001 0.9996 0.0002 0.0001 0.0002 0.9996 0.0002 0.0001
0.0001 0.0002 0.9995 0.0002 0.0002 0.0001 0.0002 0.9995 0.0001 0.0002 0.9995 0.0002 0.0001 0.0001 0.0001 0.9996
0.0001 0.0002 0.9995 0.0002 0.0001 0.9996 0.0002 0.0001 0.0002 0.0001 0.0002 0.9995 0.0001 0.0002 0.9995 0.0002
0.0001 0.9996 0.0002 0.0001 0.0001 0.9996 0.0002 0.0001 0.0001 0.9996 0.0002 0.0001 0.0002 0.0001 0.0002 0.9996
0.0001 0.0002 0.9995 0.0002 0.0001 0.9996 0.0002 0.0001 0.0001 0.0002 0.9995 0.0002 0.0002 0.0001 0.0001 0.9996
0.9996 0.0002 0.0001 0.0002 0.9996 0.0002 0.0001 0.0002 0.0002 0.0001 0.0002 0.9995 0.0001 0.0002 0.9995 0.0002
0.0001 0.9996 0.0002 0.0001 0.0001 0.0002 0.9995 0.0002 0.9995 0.0002 0.0001 0.0002 0.9996 0.0002 0.0001 0.0002
0.0002 0.9995 0.0002 0.0001 0.0002 0.9995 0.0002 0.0001 0.9996 0.0002 0.0001 0.0002 0.9996 0.0002 0.0001 0.0001
0.9996 0.0002 0.0001 0.0001 0.9996 0.0002 0.0001 0.0001 0.0001 0.0002 0.9995 0.0002 0.0001 0.0002 0.9995 0.0002
0.0001 0.0002 0.9995 0.0002 0.0002 0.0001 0.0001 0.9996 0.0002 0.9996 0.0002 0.0001 0.0001 0.9996 0.0002 0.0001
0.9996 0.0002 0.0001 0.0001 0.9996 0.0002 0.0001 0.0002 0.0001 0.0002 0.9995 0.0002 0.0002 0.9995 0.0002 0.0001
0.0002 0.9996 0.0002 0.0001 0.0002 0.0001 0.0002 0.9996 0.9996 0.0002 0.0001 0.0001 0.0001 0.0001 0.0001 0.9996
0.0001 0.0002 0.9995 0.0002 0.0001 0.9996 0.0002 0.0001 0.0002 0.0001 0.0002 0.9996 0.0001 0.0002 0.9995 0.0002
0.0002 0.0001 0.0001 0.9996 0.0001 0.0002 0.9995 0.0002 0.0001 0.9996 0.0002 0.0001 0.0001 0.0002 0.9995 0.0002
0.0001 0.0002 0.9995 0.0002 0.0001 0.0002 0.9995 0.0002 0.0001 0.0002 0.9995 0.0002 0.0002 0.0001 0.0002 0.9996
0.0002 0.0001 0.0002 0.9996 0.0001 0.9996 0.0002 0.0001 0.9996 0.0002 0.0001 0.0001 0.0001 0.0002 0.9995 0.0002
0.0002 0.9995 0.0002 0.0001 0.0001 0.0001 0.0001 0.9996 0.0001 0.9996 0.0002 0.0001 0.0001 0.9996 0.0002 0.0001
0.0001 0.9996 0.0002 0.0001 0.0001 0.9996 0.0002 0.0001 0.0002 0.0001 0.0002 0.9995 0.0002 0.0001 0.0002 0.9996
0.0001 0.9996 0.0002 0.0001 0.0001 0.9996 0.0002 0.0001 0.0001 0.9996 0.0002 0.0001 0.0001 0.9996 0.0002 0.0001
0.9995 0.0002 0.0001 0.0002 0.9995 0.0002 0.0001 0.0002 0.0001 0.0002 0.9995 0.0002 0.0002 0.0001 0.0002 0.9995
0.0001 0.0002 0.9995 0.0002 0.0001 0.0002 0.9995 0.0002 0.0002 0.9996 0.0002 0.0001 0.9995 0.0002 0.0001 0.0002
0.0001 0.0002 0.9995 0.0002 0.0002 0.0001 0.0002 0.9995 0.0001 0.0002 0.9995 0.0002 0.0001 0.0001 0.0001 0.9996
0.0002 0.0001 0.0002 0.9995 0.0001 0.0001 0.0001 0.9996 0.9996 0.0002 0.0001 0.0001 0.0001 0.0001 0.0001 0.9996
0.0002 0.0001 0.0002 0.9995 0.0001 0.0002 0.9995 0.0002 0.0001 0.0002 0.9995 0.0002 0.0001 0.0001 0.0001 0.9996
0.0001 0.9996 0.0002 0.0001 0.0001 0.0001 0.0001 0.9996 0.0002 0.0001 0.0001 0.9996 0.9996 0.0002 0.0001 0.0002
0.0001 0.0001 0.0001 0.9996 0.0002 0.9995 0.0002 0.0001 0.0001 0.0001 0.0001 0.9996 0.0001 0.0002 0.9995 0.0002
0.0001 0.0001 0.0001 0.9996 0.9995 0.0002 0.0001 0.0002 0.0001 0.9996 0.0002 0.0001 0.0002 0.9995 0.0002 0.0001
0.9995 0.0002 0.0001 0.0002 0.9996 0.0002 0.0001 0.0001 0.0002 0.9995 0.0002 0.0001 0.0002 0.9995 0.0002 0.0001
0.0001 0.0002 0.9995 0.0002 0.0001 0.0002 0.9995 0.0002 0.0001 0.0002 0.9995 0.0002 0.9995 0.0002 0.0001 0.0002
0.0002 0.0001 0.0002 0.9995 0.0002 0.9995 0.0002 0.0001 0.0002 0.0001 0.0001 0.9996 0.0002 0.0001 0.0001 0.9996
0.0001 0.0002 0.9995 0.0002 0.0001 0.0001 0.0001 0.9996 0.0001 0.0002 0.9995 0.0002 0.0001 0.0001 0.0001 0.9996
0.0002 0.9996 0.0002 0.0001 0.0001 0.9996 0.0002 0.0001 0.0001 0.0002 0.9995 0.0002 0.0002 0.0001 0.0001 0.9996
0.9995 0.0002 0.0001 0.0002 0.9996 0.0002 0.0001 0.0002 0.0002 0.9995 0.0002 0.0001 0.0002 0.9995 0.0002 0.0001
0.0002 0.0001 0.0001 0.9996 0.0001 0.9996 0.0002 0.0001 0.0001 0.9996 0.0002 0.0001 0.0001 0.9996 0.0002 0.0001
0.0002 0.0001 0.0001 0.9996 0.0002 0.0001 0.0002 0.9995 0.0001 0.0002 0.9995 0.0002 0.0001 0.9996 0.0002 0.0001
0.0001 0.0001 0.0002 0.9996 0.9995 0.0002 0.0001 0.0002 0.9996 0.0002 0.0001 0.0001 0.9996 0.0002 0.0001 0.0001
0.9996 0.0002 0.0001 0.0002 0.0002 0.9995 0.0002 0.0001 0.0002 0.0001 0.0002 0.9995 0.0001 0.0002 0.9995 0.0002
0.0002 0.0001 0.0001 0.9996 0.0001 0.0002 0.9995 0.0002 0.0001 0.0001 0.0001 0.9996 0.9996 0.0002 0.0001 0.0001
0.0001 0.0001 0.0001 0.9996 0.0001 0.0002 0.9995 0.0002 0.0001 0.9996 0.0002 0.0001 0.0002 0.9996 0.0002 0.0001
0.9995 0.0002 0.0001 0.0002 0.0002 0.9996 0.0002 0.0001 0.0002 0.0001 0.0002 0.9995 0.0001 0.9996 0.0002 0.0001
0.0001 0.9996 0.0002 0.0001 0.0001 0.0002 0.9995 0.0002 0.0001 0.0002 0.9995 0.0002 0.0002 0.0001 0.0002 0.9996
0.0002 0.0001 0.0001 0.9996 0.9996 0.0002 0.0001 0.0001 0.0001 0.0002 0.9995 0.0002 0.0002 0.0001 0.0002 0.9995
0.0001 0.0001 0.0001 0.9996 0.0001 0.9996 0.0002 0.0001 0.9996 0.0002 0.0001 0.0001 0.9995 0.0002 0.0001 0.0002
0.0001 0.0002 0.9995 0.0002 0.0002 0.0001 0.0002 0.9995 0.0002 0.9996 0.0002 0.0001 0.0001 0.0002 0.9995 0.0002
0.0002 0.0001 0.0002 0.9996 0.0001 0.0002 0.9995 0.0002 0.0001 0.0001 0.0001 0.9996 0.9996 0.0002 0.0001 0.0001
0.0001 0.9996 0.0002 0.0001 0.0002 0.0001 0.0002 0.9995 0.0001 0.0002 0.9995 0.0002 0.0002 0.0001 0.0001 0.9996
0.0001 0.0001 0.0001 0.9996 0.0001 0.9996 0.0002 0.0001 0.9996 0.0002 0.0001 0.0001 0.9995 0.0002 0.0001 0.0002
0.9996 0.0002 0.0001 0.0002 0.9996 0.0002 0.0001 0.0002 0.0001 0.0002 0.9995 0.0002 0.0001 0.0002 0.9995 0.0002
0.9996 0.0002 0.0001 0.0002 0.9996 0.0002 0.0001 0.0001 0.9996 0.0002 0.0001 0.0001 0.0002 0.9995 0.0002 0.0001
0.0001 0.0002 0.9995 0.0002 0.0001 0.0002 0.9995 0.0002 0.0001 0.0002 0.9995 0.0002 0.0001 0.0002 0.9995 0.0002
0.0002 0.0001 0.0001 0.9996 0.0001 0.0002 0.9995 0.0002 0.0001 0.0002 0.9995 0.0002 0.0002 0.0001 0.0002 0.9995
0.9995 0.0002 0.0001 0.0002 0.9996 0.0002 0.0001 0.0001 0.0002 0.9996 0.0002 0.0001 0.0001 0.0002 0.9995 0.0002
0.9996 0.0002 0.0001 0.0002 0.9996 0.0002 0.0001 0.0002 0.0001 0.0002 0.9995 0.0002 0.0002 0.0001 0.0002 0.9995
0.9996 0.0002 0.0001 0.0001 0.9996 0.0002 0.0001 0.0001 0.9996 0.0002 0.0001 0.0001 0.9996 0.0002 0.0001 0.0002
0.0001 0.0002 0.9995 0.0002 0.0001 0.0002 0.9995 0.0002 0.0002 0.9996 0.0002 0.0001 0.0002 0.9996 0.0002 0.0001
0.9996 0.0002 0.0001 0.0001 0.0002 0.9996 0.0002 0.0001 0.0002 0.9995 0.0002 0.0001 0.9996 0.0002 0.0001 0.0002
0.0001 0.9996 0.0002 0.0001 0.0001 0.0002 0.9995 0.0002 0.0001 0.0002 0.9995 0.0002 0.0002 0.0001 0.0002 0.9996
0.0002 0.9996 0.0002 0.0001 0.0001 0.9996 0.0002 0.0001 0.0002 0.9996 0.0002 0.0001 0.0002 0.0001 0.0001 0.9996
0.9995 0.0002 0.0001 0.0002 0.0001 0.0001 0.0001 0.9996 0.0002 0.0001 0.0002 0.9995 0.0001 0.0001 0.0001 0.9996
0.0002 0.0001 0.0001 0.9996 0.9996 0.0002 0.0001 0.0002 0.9996 0.0002 0.0001 0.0002 0.9996 0.0002 0.0001 0.0002
0.9996 0.0002 0.0001 0.0002 0.9996 0.0002 0.0001 0.0002 0.9996 0.0002 0.0001 0.0001 0.9996 0.0002 0.0001 0.0001
0.0001 0.0002 0.9995 0.0002 0.0002 0.9995 0.0002 0.0001 0.9996 0.0002 0.0001 0.0001 0.0002 0.9996 0.0002 0.0001
0.0002 0.9995 0.0002 0.0001 0.0001 0.9996 0.0002 0.0001 0.0002 0.0001 0.0001 0.9996 0.0001 0.0002 0.9995 0.0002
0.0001 0.0002 0.9995 0.0002 0.0002 0.0001 0.0002 0.9996 0.0002 0.0001 0.0001 0.9996 0.0001 0.0002 0.9995 0.0002
0.9996 0.0002 0.0001 0.0001 0.9995 0.0002 0.0001 0.0002 0.9996 0.0002 0.0001 0.0002 0.0001 0.0002 0.9995 0.0002
0.0002 0.9995 0.0002 0.0001 0.0002 0.9996 0.0002 0.0001 0.9996 0.0002 0.0001 0.0001 0.9996 0.0002 0.0001 0.0001
0.0001 0.0002 0.9995 0.0002 0.0002 0.0001 0.0002 0.9995 0.0001 0.0002 0.9995 0.0002 0.0002 0.0001 0.0001 0.9996
0.9996 0.0002 0.0001 0.0001 0.0001 0.0001 0.0001 0.9996 0.9996 0.0002 0.0001 0.0001 0.9996 0.0002 0.0001 0.0002
0.0002 0.0001 0.0002 0.9995 0.0001 0.0002 0.9995 0.0002 0.0002 0.0001 0.0001 0.9996 0.0002 0.9996 0.0002 0.0001
0.0001 0.0002 0.9995 0.0002 0.0001 0.9996 0.0002 0.0001 0.0001 0.9996 0.0002 0.0001 0.0001 0.9996 0.0002 0.0001
0.9996 0.0002 0.0001 0.0001 0.9995 0.0002 0.0001 0.0002 0.9996 0.0002 0.0001 0.0001 0.0002 0.0001 0.0002 0.9995
0.0002 0.0001 0.0002 0.9995 0.0002 0.9996 0.0002 0.0001 0.0001 0.0002 0.9995 0.0002 0.9995 0.0002 0.0001 0.0002
0.0001 0.0002 0.9995 0.0002 0.0002 0.0001 0.0002 0.9995 0.0001 0.0002 0.9995 0.0002 0.0002 0.0001 0.0001 0.9996
0.9996 0.0002 0.0001 0.0001 0.0001 0.9996 0.0002 0.0001 0.0001 0.0002 0.9995 0.0002 0.0001 0.9996 0.0002 0.0001
0.9996 0.0002 0.0001 0.0001 0.0001 0.9996 0.0002 0.0001 0.0002 0.9995 0.0002 0.0001 0.0001 0.9996 0.0002 0.0001
0.9996 0.0002 0.0001 0.0001 0.0002 0.0001 0.0002 0.9995 0.0001 0.0002 0.9995 0.0002 0.0001 0.0001 0.0001 0.9996
0.0001 0.0002 0.9995 0.0002 0.0001 0.0002 0.9995 0.0002 0.0002 0.9996 0.0002 0.0001 0.0001 0.9996 0.0002 0.0001
0.0002 0.0001 0.0002 0.9995 0.0001 0.0002 0.9995 0.0002 0.0001 0.0001 0.0001 0.9996 0.9995 0.0002 0.0001 0.0002
0.0001 0.0002 0.9995 0.0002 0.9996 0.0002 0.0001 0.0001 0.0001 0.0002 0.9995 0.0002 0.0001 0.0002 0.9995 0.0002
0.0002 0.9996 0.0002 0.0001 0.0002 0.0001 0.0001 0.9996 0.0002 0.0001 0.0001 0.9996 0.0002 0.0001 0.0001 0.9996
0.0001 0.0002 0.9995 0.0002 0.0001 0.0001 0.0001 0.9996 0.0001 0.9996 0.0002 0.0001 0.0001 0.0001 0.0001 0.9996
0.0001 0.0002 0.9995 0.0002 0.0001 0.9996 0.0002 0.0001 0.0001 0.0001 0.0001 0.9996 0.0001 0.0001 0.0001 0.9996
0.0001 0.9996 0.0002 0.0001 0.0001 0.9996 0.0002 0.0001 0.0001 0.0002 0.9995 0.0002 0.0002 0.0001 0.0001 0.9996
0.0001 0.9996 0.0002 0.0001 0.0001 0.9996 0.0002 0.0001 0.0001 0.9996 0.0002 0.0001 0.9995 0.0002 0.0001 0.0002
0.0002 0.0001 0.0002 0.9995 0.9996 0.0002 0.0001 0.0002 0.0001 0.0002 0.9995 0.0002 0.0002 0.0001 0.0002 0.9995
0.0001 0.0002 0.9995 0.0002 0.9996 0.0002 0.0001 0.0001 0.0001 0.0002 0.9995 0.0002 0.9996 0.0002 0.0001 0.0002
0.0002 0.0001 0.0002 0.9996 0.0001 0.0002 0.9995 0.0002 0.0001 0.0002 0.9995 0.0002 0.0002 0.0001 0.0001 0.9996
0.9995 0.0002 0.0001 0.0002 0.0001 0.9996 0.0002 0.0001 0.0001 0.0002 0.9995 0.0002 0.0001 0.0002 0.9995 0.0002
0.0001 0.0002 0.9995 0.0002 0.9995 0.0002 0.0001 0.0002 0.0002 0.0001 0.0002 0.9996 0.0002 0.0001 0.0002 0.9995
0.0002 0.0001 0.0001 0.9996 0.0001 0.9996 0.0002 0.0001 0.0001 0.9996 0.0002 0.0001 0.0001 0.9996 0.0002 0.0001
0.9995 0.0002 0.0001 0.0002 0.0001 0.9996 0.0002 0.0001 0.0002 0.0001 0.0002 0.9995 0.9995 0.0002 0.0001 0.0002
0.0001 0.9996 0.0002 0.0001 0.0002 0.0001 0.0002 0.9995 0.0001 0.0002 0.9995 0.0002 0.0002 0.0001 0.0001 0.9996
0.0001 0.9996 0.0002 0.0001 0.9996 0.0002 0.0001 0.0002 0.9996 0.0002 0.0001 0.0001 0.9996 0.0002 0.0001 0.0002
0.9996 0.0002 0.0001 0.0001 0.9996 0.0002 0.0001 0.0001 0.0001 0.0002 0.9995 0.0002 0.0002 0.0001 0.0002 0.9995
0.0001 0.0002 0.9995 0.0002 0.0002 0.9996 0.0002 0.0001 0.0002 0.9996 0.0002 0.0001 0.0001 0.9996 0.0002 0.0001
0.0002 0.0001 0.0002 0.9995 0.9996 0.0002 0.0001 0.0002 0.0001 0.0001 0.0001 0.9996 0.0001 0.0002 0.9995 0.0002
0.0001 0.9996 0.0002 0.0001 0.0002 0.9996 0.0002 0.0001 0.0001 0.9996 0.0002 0.0001 0.0001 0.0002 0.9995 0.0002
0.0001 0.9996 0.0002 0.0001 0.0001 0.0002 0.9995 0.0002 0.0001 0.0002 0.9995 0.0002 0.0002 0.0001 0.0002 0.9995
0.0001 0.9996 0.0002 0.0001 0.0001 0.9996 0.0002 0.0001 0.9996 0.0002 0.0001 0.0001 0.9995 0.0002 0.0001 0.0002
0.9996 0.0002 0.0001 0.0001 0.9996 0.0002 0.0001 0.0001 0.0002 0.9995 0.0002 0.0001 0.0002 0.9995 0.0002 0.0001
0.0002 0.0001 0.0002 0.9996 0.0001 0.9996 0.0002 0.0001 0.0001 0.0001 0.0001 0.9996 0.0001 0.0002 0.9995 0.0002
0.0001 0.0002 0.9995 0.0002 0.0002 0.9996 0.0002 0.0001 0.9995 0.0002 0.0001 0.0002 0.0002 0.0001 0.0002 0.9995
0.0001 0.0002 0.9995 0.0002 0.0001 0.9996 0.0002 0.0001 0.0002 0.9996 0.0002 0.0001 0.0001 0.9996 0.0002 0.0001
0.0002 0.0001 0.0002 0.9996 0.0001 0.0002 0.9995 0.0002 0.0001 0.9996 0.0002 0.0001 0.0001 0.0002 0.9995 0.0002
0.0001 0.9996 0.0002 0.0001 0.0002 0.9995 0.0002 0.0001 0.9995 0.0002 0.0001 0.0002 0.9996 0.0002 0.0001 0.0001
0.9996 0.0002 0.0001 0.0001 0.9996 0.0002 0.0001 0.0001 0.0002 0.0001 0.0002 0.9995 0.0001 0.0002 0.9995 0.0002
0.9996 0.0002 0.0001 0.0001 0.0002 0.0001 0.0002 0.9996 0.0001 0.0002 0.9995 0.0002 0.9996 0.0002 0.0001 0.0001
0.0002 0.9996 0.0002 0.0001 0.9996 0.0002 0.0001 0.0002 0.0002 0.0001 0.0002 0.9996 0.9996 0.0002 0.0001 0.0001
0.0001 0.9996 0.0002 0.0001 0.0002 0.9995 0.0002 0.0001 0.9995 0.0002 0.0001 0.0002 0.9996 0.0002 0.0001 0.0001
0.9996 0.0002 0.0001 0.0001 0.9996 0.0002 0.0001 0.0001 0.0001 0.0002 0.9995 0.0002 0.0002 0.0001 0.0002 0.9995
0.0002 0.0001 0.0001 0.9996 0.0002 0.0001 0.0001 0.9996 0.9996 0.0002 0.0001 0.0001 0.9996 0.0002 0.0001 0.0001
0.0001 0.0002 0.9995 0.0002 0.0001 0.0002 0.9995 0.0002 0.0002 0.0001 0.0001 0.9996 0.0001 0.0002 0.9995 0.0002
0.0002 0.0001 0.0001 0.9996 0.0001 0.0002 0.9995 0.0002 0.0001 0.0002 0.9995 0.0002 0.0001 0.0002 0.9995 0.0002
0.9995 0.0002 0.0001 0.0002 0.9996 0.0002 0.0001 0.0001 0.0002 0.9996 0.0002 0.0001 0.9996 0.0002 0.0001 0.0001
0.0001 0.9996 0.0002 0.0001 0.0002 0.9995 0.0002 0.0001 0.0002 0.0001 0.0002 0.9996 0.0002 0.0001 0.0002 0.9996
0.0001 0.0002 0.9995 0.0002 0.0001 0.0001 0.0001 0.9996 0.9995 0.0002 0.0001 0.0002 0.0001 0.9996 0.0002 0.0001
0.9996 0.0002 0.0001 0.0001 0.9995 0.0002 0.0001 0.0002 0.0002 0.9995 0.0002 0.0001 0.0002 0.9995 0.0002 0.0001
0.0002 0.0001 0.0002 0.9996 0.9996 0.0002 0.0001 0.0002 0.0001 0.0002 0.9995 0.0002 0.0001 0.0002 0.9995 0.0002
0.0001 0.0002 0.9995 0.0002 0.0002 0.0001 0.0002 0.9996 0.0002 0.0001 0.0002 0.9996 0.0001 0.0002 0.9995 0.0002
0.9996 0.0002 0.0001 0.0001 0.9995 0.0002 0.0001 0.0002 0.0001 0.0002 0.9995 0.0002 0.0002 0.9996 0.0002 0.0001
0.9996 0.0002 0.0001 0.0002 0.9996 0.0002 0.0001 0.0002 0.0002 0.0001 0.0002 0.9995 0.0001 0.0002 0.9995 0.0002
0.0002 0.0001 0.0001 0.9996 0.0002 0.0001 0.0002 0.9996 0.0001 0.0002 0.9995 0.0002 0.0002 0.0001 0.0001 0.9996
0.0001 0.9996 0.0002 0.0001 0.0001 0.0002 0.9995 0.0002 0.9996 0.0002 0.0001 0.0002 0.9995 0.0002 0.0001 0.0002
0.0002 0.0001 0.0002 0.9995 0.9996 0.0002 0.0001 0.0001 0.0001 0.0002 0.9995 0.0002 0.9996 0.0002 0.0001 0.0001
0.0001 0.0002 0.9995 0.0002 0.0002 0.0001 0.0002 0.9995 0.0001 0.0002 0.9995 0.0002 0.0001 0.0002 0.9995 0.0002
0.0002 0.0001 0.0002 0.9996 0.0001 0.0002 0.9995 0.0002 0.0001 0.9996 0.0002 0.0001 0.0002 0.9996 0.0002 0.0001
0.0002 0.0001 0.0001 0.9996 0.0001 0.0002 0.9995 0.0002 0.0001 0.0002 0.9995 0.0002 0.0002 0.0001 0.0001 0.9996
0.0001 0.9996 0.0002 0.0001 0.9996 0.0002 0.0001 0.0001 0.9996 0.0002 0.0001 0.0002 0.0001 0.0002 0.9995 0.0002
0.0002 0.0001 0.0002 0.9995 0.0001 0.0002 0.9995 0.0002 0.9996 0.0002 0.0001 0.0001 0.0002 0.0001 0.0002 0.9996
0.0002 0.9995 0.0002 0.0001 0.0001 0.0002 0.9995 0.0002 0.9996 0.0002 0.0001 0.0001 0.0001 0.0002 0.9995 0.0002
0.0002 0.9995 0.0002 0.0001 0.0002 0.9996 0.0002 0.0001 0.0002 0.0001 0.0002 0.9996 0.0002 0.0001 0.0001 0.9996
0.0001 0.9996 0.0002 0.0001 0.0001 0.9996 0.0002 0.0001 0.0001 0.0002 0.9995 0.0002 0.0001 0.9996 0.0002 0.0001
0.9995 0.0002 0.0001 0.0002 0.9995 0.0002 0.0001 0.0002 0.9996 0.0002 0.0001 0.0001 0.9996 0.0002 0.0001 0.0001
0.0001 0.0002 0.9995 0.0002 0.9996 0.0002 0.0001 0.0001 0.0002 0.0001 0.0001 0.9996 0.0001 0.0002 0.9995 0.0002
0.0001 0.0002 0.9995 0.0002 0.0002 0.0001 0.0001 0.9996 0.9995 0.0002 0.0001 0.0002 0.0001 0.0002 0.9995 0.0002
0.9996 0.0002 0.0001 0.0001 0.0001 0.0002 0.9995 0.0002 0.9996 0.0002 0.0001 0.0001 0.9996 0.0002 0.0001 0.0001
0.0001 0.0002 0.9995 0.0002 0.0002 0.9995 0.0002 0.0001 0.0002 0.0001 0.0001 0.9996 0.0001 0.9996 0.0002 0.0001
