0.1080 0.0932 0.6839 0.1149 0.1314 0.0687 0.0857 0.7142 0.0481 0.0201 0.2303 0.7015 0.0118 0.0035 0.0049 0.9798
0.8972 0.0038 0.0094 0.0897 0.8110 0.0031 0.0023 0.1836 0.0253 0.0021 0.9636 0.0090 0.0566 0.9262 0.0032 0.0140
0.9974 0.0004 0.0013 0.0009 0.0004 0.9991 0.0003 0.0002 0.9996 0.0001 0.0001 0.0002 0.9976 0.0017 0.0002 0.0005
0.0004 0.0001 0.0002 0.9992 0.0003 0.9992 0.0003 0.0002 0.0002 0.9993 0.0002 0.0003 0.0001 0.0002 0.0001 0.9995
0.0001 0.0002 0.0001 0.9996 0.0001 0.0002 0.9994 0.0003 0.0001 0.9996 0.0002 0.0001 0.0001 0.9996 0.0002 0.0001
0.0001 0.9997 0.0001 0.0001 0.9995 0.0002 0.0001 0.0002 0.9995 0.0002 0.0001 0.0002 0.0001 0.9996 0.0002 0.0001
0.0001 0.9996 0.0002 0.0001 0.0001 0.9997 0.0001 0.0001 0.0001 0.9997 0.0001 0.0001 0.0001 0.9997 0.0001 0.0001
0.0001 0.0002 0.9996 0.0001 0.9996 0.0002 0.0001 0.0001 0.0001 0.0001 0.0001 0.9996 0.0001 0.0002 0.9996 0.0001
0.0001 0.0001 0.0001 0.9997 0.9996 0.0002 0.0001 0.0001 0.0001 0.9997 0.0001 0.0001 0.0001 0.9996 0.0002 0.0001
0.0001 0.0001 0.0001 0.9997 0.0001 0.0001 0.0001 0.9996 0.0001 0.9996 0.0002 0.0001 0.9997 0.0001 0.0001 0.0001
0.9996 0.0002 0.0001 0.0001 0.9997 0.0001 0.0001 0.0001 0.0001 0.9996 0.0002 0.0001 0.9997 0.0001 0.0001 0.0001
0.0001 0.9997 0.0001 0.0001 0.0001 0.9996 0.0002 0.0001 0.0001 0.9997 0.0001 0.0001 0.9997 0.0001 0.0001 0.0001
0.0001 0.9997 0.0001 0.0001 0.0001 0.9996 0.0002 0.0001 0.0001 0.0002 0.9996 0.0001 0.9997 0.0002 0.0001 0.0001
0.0001 0.9996 0.0002 0.0001 0.0001 0.9996 0.0002 0.0001 0.0001 0.9997 0.0001 0.0001 0.0001 0.0001 0.0001 0.9996
0.0001 0.0001 0.0001 0.9996 0.0001 0.0002 0.9996 0.0001 0.0001 0.9996 0.0002 0.0001 0.0001 0.9996 0.0002 0.0001
0.0001 0.0002 0.9996 0.0001 0.0001 0.0001 0.0001 0.9996 0.0001 0.0002 0.9996 0.0001 0.0001 0.0001 0.0001 0.9997
0.0001 0.0002 0.9996 0.0001 0.0001 0.9997 0.0001 0.0001 0.9996 0.0002 0.0001 0.0001 0.0001 0.9997 0.0001 0.0001
0.9997 0.0001 0.0001 0.0001 0.0001 0.0002 0.9996 0.0001 0.9997 0.0001 0.0001 0.0001 0.9996 0.0002 0.0001 0.0001
0.0001 0.0001 0.0001 0.9996 0.0001 0.0002 0.9996 0.0001 0.0001 0.0002 0.9996 0.0001 0.0001 0.9996 0.0002 0.0001
0.0001 0.0002 0.9996 0.0001 0.0001 0.0001 0.0001 0.9996 0.0001 0.9996 0.0002 0.0001 0.0001 0.9996 0.0002 0.0001
0.9997 0.0002 0.0001 0.0001 0.9996 0.0002 0.0001 0.0001 0.0001 0.9996 0.0002 0.0001 0.0001 0.0001 0.0001 0.9996
0.0001 0.0001 0.0001 0.9996 0.0001 0.0002 0.9996 0.0001 0.0001 0.0002 0.9996 0.0001 0.0001 0.0001 0.0001 0.9997
0.0001 0.0002 0.9996 0.0001 0.0001 0.9997 0.0001 0.0001 0.9996 0.0002 0.0001 0.0001 0.0001 0.0002 0.9996 0.0001
0.9997 0.0001 0.0001 0.0001 0.9996 0.0002 0.0001 0.0001 0.9997 0.0001 0.0001 0.0001 0.0001 0.9996 0.0002 0.0001
0.0001 0.0001 0.0001 0.9996 0.0001 0.0002 0.9996 0.0001 0.0001 0.0001 0.0001 0.9997 0.0001 0.0002 0.9996 0.0001
0.0001 0.0002 0.9996 0.0001 0.0001 0.0001 0.0001 0.9996 0.0001 0.0002 0.9996 0.0001 0.0001 0.0002 0.9996 0.0001
0.9997 0.0002 0.0001 0.0001 0.9996 0.0002 0.0001 0.0001 0.0001 0.0002 0.9996 0.0001 0.9997 0.0001 0.0001 0.0001
0.0001 0.0002 0.9996 0.0001 0.0001 0.0001 0.0001 0.9996 0.9997 0.0002 0.0001 0.0001 0.0001 0.9997 0.0001 0.0001
0.0001 0.0002 0.9996 0.0001 0.0001 0.0001 0.0001 0.9997 0.9997 0.0001 0.0001 0.0001 0.0001 0.9996 0.0001 0.0001
0.0001 0.0001 0.0001 0.9996 0.0001 0.0001 0.0001 0.9997 0.9997 0.0001 0.0001 0.0001 0.0001 0.0002 0.9996 0.0001
0.9997 0.0001 0.0001 0.0001 0.0001 0.0001 0.0001 0.9997 0.0001 0.0002 0.9996 0.0001 0.0001 0.0002 0.9996 0.0001
0.9997 0.0001 0.0001 0.0001 0.9996 0.0002 0.0001 0.0001 0.0001 0.0002 0.9996 0.0001 0.0001 0.0001 0.0001 0.9996
0.0001 0.0001 0.0001 0.9997 0.0001 0.9997 0.0001 0.0001 0.0001 0.9997 0.0001 0.0001 0.9996 0.0002 0.0001 0.0001
0.0001 0.0002 0.9996 0.0001 0.0001 0.0002 0.9996 0.0001 0.0001 0.0002 0.9996 0.0001 0.0001 0.0002 0.9996 0.0001
0.0001 0.0002 0.9996 0.0001 0.0001 0.0001 0.0001 0.9996 0.0001 0.9996 0.0002 0.0001 0.0001 0.0001 0.0001 0.9997
0.0001 0.9997 0.0001 0.0001 0.9997 0.0001 0.0001 0.0001 0.9996 0.0002 0.0001 0.0001 0.0001 0.9996 0.0002 0.0001
0.0001 0.0002 0.9996 0.0001 0.0001 0.0001 0.0001 0.9997 0.0001 0.0001 0.0001 0.9996 0.0001 0.0002 0.9996 0.0001
0.9997 0.0001 0.0001 0.0001 0.9996 0.0002 0.0001 0.0001 0.0001 0.9996 0.0002 0.0001 0.0001 0.9996 0.0002 0.0001
0.9997 0.0002 0.0001 0.0001 0.9997 0.0002 0.0001 0.0001 0.0001 0.0002 0.9996 0.0001 0.9997 0.0001 0.0001 0.0001
0.9996 0.0001 0.0001 0.0001 0.0001 0.0002 0.9996 0.0001 0.0001 0.0002 0.9996 0.0001 0.9997 0.0002 0.0001 0.0001
0.0001 0.0002 0.9996 0.0001 0.0001 0.0001 0.0001 0.9996 0.0001 0.9996 0.0002 0.0001 0.0001 0.9997 0.0001 0.0001
0.0001 0.0001 0.0001 0.9996 0.9996 0.0002 0.0001 0.0001 0.9997 0.0001 0.0001 0.0001 0.0001 0.0002 0.9996 0.0001
0.0001 0.0002 0.9996 0.0001 0.9996 0.0002 0.0001 0.0001 0.0001 0.0002 0.9996 0.0001 0.9997 0.0001 0.0001 0.0001
0.0001 0.0002 0.9996 0.0001 0.0001 0.9996 0.0002 0.0001 0.0001 0.0002 0.9996 0.0001 0.9997 0.0002 0.0001 0.0001
0.0001 0.9996 0.0002 0.0001 0.0001 0.9996 0.0002 0.0001 0.0001 0.9997 0.0001 0.0001 0.0001 0.9997 0.0001 0.0001
0.0001 0.0002 0.9996 0.0001 0.0001 0.0001 0.0001 0.9996 0.0001 0.0001 0.0001 0.9996 0.0001 0.0002 0.9996 0.0001
0.0001 0.0002 0.9996 0.0001 0.0001 0.9996 0.0002 0.0001 0.0001 0.0002 0.9996 0.0001 0.0001 0.0001 0.0001 0.9996
0.9996 0.0002 0.0001 0.0001 0.9997 0.0001 0.0001 0.0001 0.0001 0.9996 0.0002 0.0001 0.0001 0.9996 0.0002 0.0001
0.0001 0.0001 0.0001 0.9996 0.0001 0.0001 0.0001 0.9996 0.0001 0.0001 0.0001 0.9997 0.0001 0.9996 0.0002 0.0001
0.0001 0.9997 0.0001 0.0001 0.0001 0.0002 0.9996 0.0001 0.0001 0.0002 0.9996 0.0001 0.0001 0.0002 0.9996 0.0001
0.0001 0.9996 0.0002 0.0001 0.0001 0.0002 0.9996 0.0001 0.0001 0.0002 0.9996 0.0001 0.0001 0.0001 0.0001 0.9996
0.9996 0.0002 0.0001 0.0001 0.0001 0.0002 0.9996 0.0001 0.0001 0.0001 0.0001 0.9996 0.9996 0.0002 0.0001 0.0001
0.0001 0.9996 0.0001 0.0001 0.0001 0.0002 0.9996 0.0001 0.0001 0.0002 0.9996 0.0001 0.9996 0.0002 0.0001 0.0001
0.0001 0.0002 0.9996 0.0001 0.0001 0.0001 0.0001 0.9996 0.9996 0.0002 0.0001 0.0001 0.0001 0.0002 0.9996 0.0001
0.0001 0.0002 0.9996 0.0001 0.0001 0.0002 0.9996 0.0001 0.0001 0.9996 0.0002 0.0001 0.0001 0.0002 0.9996 0.0001
0.0001 0.9997 0.0001 0.0001 0.0001 0.0002 0.9996 0.0001 0.0001 0.0002 0.9996 0.0001 0.0001 0.0001 0.0001 0.9996
0.0001 0.0002 0.9996 0.0001 0.0001 0.0001 0.0001 0.9997 0.0001 0.9996 0.0002 0.0001 0.0001 0.9997 0.0001 0.0001
0.0001 0.0002 0.9996 0.0001 0.0001 0.0001 0.0001 0.9997 0.0001 0.0001 0.0001 0.9997 0.9997 0.0001 0.0001 0.0001
0.0001 0.9996 0.0001 0.0001 0.9997 0.0001 0.0001 0.0001 0.0001 0.0001 0.0001 0.9997 0.0001 0.9996 0.0002 0.0001
0.9997 0.0001 0.0001 0.0001 0.9997 0.0002 0.0001 0.0001 0.0001 0.0002 0.9996 0.0001 0.0001 0.0001 0.0001 0.9996
0.0001 0.0001 0.0001 0.9997 0.0001 0.0002 0.9996 0.0001 0.0001 0.0002 0.9996 0.0001 0.0001 0.0001 0.0001 0.9997
0.0001 0.9997 0.0002 0.0001 0.0001 0.9997 0.0001 0.0001 0.9997 0.0002 0.0001 0.0001 0.0001 0.0002 0.9996 0.0001
0.0001 0.0002 0.9996 0.0001 0.9996 0.0002 0.0001 0.0001 0.9996 0.0002 0.0001 0.0001 0.9997 0.0001 0.0001 0.0001
0.0001 0.0001 0.0001 0.9996 0.0001 0.0002 0.9996 0.0001 0.0001 0.0002 0.9996 0.0001 0.0001 0.0001 0.0001 0.9996
0.0001 0.0002 0.9996 0.0001 0.0001 0.0001 0.0001 0.9997 0.0001 0.0002 0.9996 0.0001 0.0001 0.0001 0.0001 0.9997
0.0001 0.0002 0.9996 0.0001 0.0001 0.9997 0.0001 0.0001 0.0001 0.9996 0.0002 0.0001 0.0001 0.9997 0.0001 0.0001
0.9997 0.0002 0.0001 0.0001 0.0001 0.0002 0.9996 0.0001 0.0001 0.9996 0.0002 0.0001 0.9996 0.0002 0.0001 0.0001
0.0001 0.0002 0.9996 0.0001 0.0001 0.0001 0.0001 0.9996 0.0001 0.0002 0.9996 0.0001 0.0001 0.0001 0.0001 0.9997
0.9997 0.0002 0.0001 0.0001 0.9997 0.0002 0.0001 0.0001 0.9997 0.0001 0.0001 0.0001 0.0001 0.0002 0.9996 0.0001
0.9997 0.0001 0.0001 0.0001 0.0001 0.9996 0.0002 0.0001 0.0001 0.0002 0.9996 0.0001 0.0001 0.0002 0.9996 0.0001
0.0001 0.0001 0.0001 0.9996 0.9996 0.0002 0.0001 0.0001 0.0001 0.9997 0.0001 0.0001 0.9997 0.0001 0.0001 0.0001
0.9996 0.0002 0.0001 0.0001 0.0001 0.0002 0.9996 0.0001 0.0001 0.9996 0.0002 0.0001 0.0001 0.0002 0.9996 0.0001
0.0001 0.9997 0.0001 0.0001 0.9997 0.0001 0.0001 0.0001 0.0001 0.0002 0.9996 0.0001 0.0001 0.0001 0.0001 0.9996
0.0001 0.0001 0.0001 0.9996 0.9997 0.0001 0.0001 0.0001 0.0001 0.0001 0.0001 0.9997 0.9997 0.0001 0.0001 0.0001
0.0001 0.0001 0.0001 0.9997 0.0001 0.0001 0.0001 0.9996 0.9997 0.0002 0.0001 0.0001 0.9997 0.0001 0.0001 0.0001
0.0001 0.0002 0.9996 0.0002 0.0001 0.0001 0.0001 0.9996 0.9996 0.0002 0.0001 0.0001 0.0001 0.9996 0.0001 0.0001
0.0001 0.0002 0.9996 0.0001 0.0001 0.0001 0.0001 0.9997 0.9997 0.0001 0.0001 0.0001 0.9997 0.0001 0.0001 0.0001
0.0001 0.9996 0.0002 0.0001 0.0001 0.9996 0.0002 0.0001 0.0001 0.0002 0.9996 0.0001 0.0001 0.9997 0.0001 0.0001
0.9996 0.0002 0.0001 0.0001 0.9996 0.0002 0.0001 0.0001 0.9997 0.0001 0.0001 0.0001 0.9997 0.0001 0.0001 0.0001
0.9997 0.0001 0.0001 0.0001 0.9997 0.0001 0.0001 0.0001 0.0001 0.0001 0.0001 0.9996 0.9997 0.0001 0.0001 0.0001
0.0001 0.0001 0.0001 0.9997 0.0001 0.0001 0.0001 0.9996 0.0001 0.0002 0.9996 0.0001 0.9997 0.0001 0.0001 0.0001
0.9996 0.0002 0.0001 0.0001 0.9997 0.0001 0.0001 0.0001 0.9997 0.0001 0.0001 0.0001 0.0001 0.0002 0.9996 0.0001
0.0001 0.0001 0.0001 0.9996 0.9997 0.0001 0.0001 0.0001 0.0001 0.0002 0.9996 0.0001 0.0001 0.0002 0.9996 0.0001
0.0001 0.0001 0.0001 0.9997 0.9997 0.0001 0.0001 0.0001 0.0001 0.0002 0.9996 0.0001 0.9997 0.0001 0.0001 0.0001
0.0001 0.0001 0.0001 0.9997 0.0001 0.0002 0.9996 0.0001 0.9997 0.0001 0.0001 0.0001 0.9997 0.0001 0.0001 0.0001
0.0001 0.0002 0.9996 0.0002 0.0001 0.0001 0.0001 0.9996 0.0001 0.0002 0.9996 0.0001 0.0001 0.0002 0.9996 0.0001
0.0001 0.0002 0.9996 0.0001 0.0001 0.0002 0.9996 0.0001 0.0001 0.0002 0.9996 0.0001 0.9997 0.0001 0.0001 0.0001
0.0001 0.9996 0.0002 0.0001 0.0001 0.9996 0.0002 0.0001 0.9997 0.0002 0.0001 0.0001 0.0001 0.0002 0.9996 0.0001
0.0001 0.0002 0.9996 0.0001 0.0001 0.0002 0.9996 0.0001 0.0001 0.0002 0.9996 0.0001 0.0001 0.9996 0.0002 0.0001
0.0001 0.9996 0.0002 0.0001 0.0001 0.9997 0.0001 0.0001 0.0001 0.0001 0.0001 0.9996 0.0001 0.9997 0.0001 0.0001
0.0001 0.0001 0.0001 0.9997 0.0001 0.0002 0.9996 0.0001 0.0001 0.0002 0.9996 0.0001 0.0001 0.9996 0.0002 0.0001
0.0001 0.0002 0.9996 0.0001 0.0001 0.9997 0.0001 0.0001 0.0001 0.0001 0.0001 0.9996 0.9996 0.0002 0.0001 0.0001
0.0001 0.0002 0.9996 0.0001 0.0001 0.0001 0.0001 0.9996 0.9996 0.0002 0.0001 0.0001 0.0001 0.9996 0.0002 0.0001
0.0001 0.9996 0.0001 0.0001 0.0001 0.9997 0.0001 0.0001 0.0001 0.0002 0.9996 0.0001 0.0001 0.0001 0.0001 0.9996
0.0001 0.9996 0.0002 0.0001 0.0001 0.9996 0.0002 0.0001 0.0001 0.0002 0.9996 0.0001 0.0001 0.0002 0.9996 0.0001
0.0001 0.0002 0.9996 0.0001 0.0001 0.9996 0.0002 0.0001 0.0001 0.0002 0.9996 0.0001 0.0001 0.0001 0.0001 0.9996
0.9996 0.0002 0.0001 0.0001 0.9997 0.0001 0.0001 0.0001 0.0001 0.0002 0.9996 0.0001 0.0001 0.9996 0.0002 0.0001
0.0001 0.0002 0.9996 0.0001 0.0001 0.0001 0.0001 0.9996 0.0001 0.0001 0.0001 0.9996 0.0001 0.0002 0.9996 0.0001
0.0001 0.9997 0.0001 0.0001 0.0001 0.0001 0.0001 0.9997 0.0001 0.0002 0.9996 0.0001 0.9997 0.0001 0.0001 0.0001
0.0001 0.0001 0.0001 0.9997 0.0001 0.9996 0.0002 0.0001 0.0001 0.9997 0.0001 0.0001 0.0001 0.9997 0.0001 0.0001
0.0001 0.9997 0.0001 0.0001 0.0001 0.9997 0.0001 0.0001 0.0001 0.0002 0.9996 0.0001 0.9996 0.0002 0.0001 0.0001
0.0001 0.0001 0.0001 0.9997 0.0001 0.0002 0.9996 0.0001 0.0001 0.0002 0.9996 0.0001 0.0001 0.0001 0.0001 0.9996
0.0001 0.9996 0.0002 0.0001 0.0001 0.0001 0.0001 0.9997 0.0001 0.0002 0.9996 0.0001 0.0001 0.0001 0.0001 0.9997
0.0001 0.9996 0.0002 0.0001 0.0001 0.0002 0.9996 0.0001 0.9997 0.0002 0.0001 0.0001 0.9996 0.0002 0.0001 0.0001
0.0001 0.0001 0.0001 0.9996 0.0001 0.0002 0.9996 0.0001 0.9997 0.0001 0.0001 0.0001 0.0001 0.0001 0.0001 0.9997
0.9997 0.0001 0.0001 0.0001 0.9997 0.0001 0.0001 0.0001 0.0001 0.0002 0.9996 0.0001 0.0001 0.0002 0.9996 0.0001
0.0001 0.0001 0.0001 0.9997 0.9996 0.0002 0.0001 0.0001 0.0001 0.0002 0.9996 0.0001 0.0001 0.0002 0.9996 0.0001
0.0001 0.9997 0.0002 0.0001 0.0001 0.9996 0.0002 0.0001 0.0001 0.9997 0.0001 0.0001 0.0001 0.9997 0.0001 0.0001
0.0001 0.0001 0.0001 0.9996 0.0001 0.0002 0.9996 0.0001 0.9997 0.0001 0.0001 0.0001 0.0001 0.0002 0.9996 0.0001
0.9997 0.0001 0.0001 0.0001 0.9996 0.0002 0.0001 0.0001 0.0001 0.0001 0.0001 0.9996 0.0001 0.0002 0.9996 0.0001
0.0001 0.0001 0.0001 0.9997 0.0001 0.0001 0.0001 0.9996 0.0001 0.9997 0.0001 0.0001 0.0001 0.9997 0.0001 0.0001
0.0001 0.9997 0.0001 0.0001 0.0001 0.0002 0.9996 0.0001 0.0001 0.9997 0.0001 0.0001 0.0001 0.0002 0.9996 0.0001
0.0001 0.0002 0.9996 0.0001 0.0001 0.9996 0.0002 0.0001 0.0001 0.0001 0.0001 0.9996 0.0001 0.0002 0.9996 0.0001
0.0001 0.0002 0.9996 0.0001 0.9996 0.0002 0.0001 0.0001 0.9996 0.0002 0.0001 0.0001 0.9997 0.0001 0.0001 0.0001
0.0001 0.0001 0.0001 0.9996 0.0001 0.0001 0.0001 0.9996 0.0001 0.0002 0.9996 0.0001 0.9997 0.0001 0.0001 0.0001
0.0001 0.0001 0.0001 0.9997 0.0001 0.9996 0.0002 0.0001 0.0001 0.0001 0.0001 0.9997 0.9997 0.0002 0.0001 0.0001
0.0001 0.0001 0.0001 0.9997 0.0001 0.0001 0.0001 0.9996 0.0001 0.0001 0.0001 0.9997 0.0001 0.9996 0.0002 0.0001
0.0001 0.0001 0.0001 0.9997 0.0001 0.9997 0.0001 0.0001 0.9996 0.0002 0.0001 0.0001 0.0001 0.9997 0.0001 0.0001
0.9997 0.0001 0.0001 0.0001 0.9996 0.0002 0.0001 0.0001 0.0001 0.0001 0.0001 0.9996 0.9997 0.0001 0.0001 0.0001
0.0001 0.0002 0.9996 0.0001 0.0001 0.0001 0.0001 0.9996 0.9996 0.0002 0.0001 0.0001 0.0001 0.9996 0.0001 0.0001
0.0001 0.0001 0.0001 0.9996 0.0001 0.9997 0.0001 0.0001 0.9997 0.0001 0.0001 0.0001 0.9996 0.0002 0.0001 0.0001
0.0001 0.0001 0.0001 0.9996 0.0001 0.0002 0.9996 0.0001 0.0001 0.9996 0.0001 0.0001 0.0001 0.9996 0.0002 0.0001
0.0001 0.0002 0.9996 0.0001 0.0001 0.0002 0.9996 0.0001 0.0001 0.0001 0.0001 0.9997 0.9996 0.0002 0.0001 0.0001
0.0001 0.0001 0.0001 0.9997 0.0001 0.9996 0.0002 0.0001 0.0001 0.9997 0.0001 0.0001 0.9997 0.0002 0.0001 0.0001
0.0001 0.0002 0.9996 0.0001 0.0001 0.0001 0.0001 0.9996 0.9996 0.0002 0.0001 0.0001 0.0001 0.0001 0.0001 0.9997
0.9997 0.0001 0.0001 0.0001 0.9997 0.0001 0.0001 0.0001 0.0001 0.0002 0.9996 0.0001 0.0001 0.0001 0.0001 0.9996
0.9996 0.0002 0.0001 0.0001 0.9997 0.0001 0.0001 0.0001 0.0001 0.0002 0.9996 0.0001 0.9997 0.0001 0.0001 0.0001
0.0001 0.9996 0.0002 0.0001 0.0001 0.0001 0.0001 0.9996 0.9997 0.0002 0.0001 0.0001 0.0001 0.0001 0.0001 0.9997
0.0001 0.9996 0.0002 0.0001 0.0001 0.9997 0.0001 0.0001 0.9997 0.0002 0.0001 0.0001 0.0001 0.0001 0.0001 0.9997
0.0001 0.9996 0.0002 0.0001 0.0001 0.9996 0.0001 0.0001 0.0001 0.0001 0.0001 0.9996 0.0001 0.0002 0.9996 0.0001
0.9997 0.0001 0.0001 0.0001 0.0001 0.9996 0.0002 0.0001 0.0001 0.0002 0.9996 0.0001 0.0001 0.0002 0.9996 0.0001
0.0001 0.9996 0.0002 0.0001 0.9996 0.0002 0.0001 0.0001 0.9997 0.0002 0.0001 0.0001 0.0001 0.0001 0.0001 0.9996
0.0001 0.0001 0.0001 0.9996 0.0001 0.9996 0.0001 0.0001 0.0001 0.9996 0.0002 0.0001 0.9996 0.0002 0.0001 0.0001
0.9996 0.0002 0.0001 0.0001 0.0001 0.0001 0.0001 0.9996 0.0001 0.0002 0.9996 0.0001 0.0001 0.0001 0.0001 0.9997
0.9996 0.0002 0.0001 0.0001 0.0001 0.9997 0.0001 0.0001 0.0001 0.0001 0.0001 0.9996 0.0001 0.0001 0.0001 0.9997
0.0001 0.0002 0.9996 0.0001 0.9997 0.0001 0.0001 0.0001 0.0001 0.0001 0.0001 0.9997 0.0001 0.0002 0.9996 0.0001
0.0001 0.0002 0.9996 0.0001 0.0001 0.9996 0.0002 0.0001 0.0001 0.9997 0.0002 0.0001 0.9997 0.0002 0.0001 0.0001
0.0001 0.0002 0.9996 0.0001 0.0001 0.0001 0.0001 0.9996 0.0001 0.9996 0.0002 0.0001 0.0001 0.0001 0.0001 0.9997
0.9997 0.0002 0.0001 0.0001 0.9997 0.0001 0.0001 0.0001 0.0001 0.9996 0.0002 0.0001 0.0001 0.9996 0.0002 0.0001
0.0001 0.9997 0.0001 0.0001 0.0001 0.0002 0.9996 0.0001 0.0001 0.9997 0.0001 0.0001 0.0001 0.9996 0.0002 0.0001
0.0001 0.0001 0.0001 0.9996 0.0001 0.0002 0.9996 0.0001 0.0001 0.0001 0.0001 0.9997 0.0001 0.9996 0.0002 0.0001
0.0001 0.0002 0.9996 0.0001 0.0001 0.9997 0.0001 0.0001 0.9996 0.0002 0.0001 0.0001 0.0001 0.0001 0.0001 0.9996
0.0001 0.0002 0.9996 0.0001 0.0001 0.9996 0.0002 0.0001 0.0001 0.0001 0.0001 0.9997 0.0001 0.9997 0.0001 0.0001
0.9997 0.0001 0.0001 0.0001 0.9996 0.0002 0.0001 0.0001 0.0001 0.0001 0.0001 0.9996 0.9997 0.0001 0.0001 0.0001
0.9997 0.0001 0.0001 0.0001 0.9997 0.0001 0.0001 0.0001 0.0001 0.0001 0.0001 0.9996 0.0001 0.0002 0.9996 0.0001
0.0001 0.0001 0.0001 0.9997 0.0001 0.0002 0.9996 0.0001 0.0001 0.9997 0.0001 0.0001 0.0001 0.9996 0.0002 0.0001
0.0001 0.0001 0.0001 0.9997 0.0001 0.9997 0.0001 0.0001 0.9997 0.0001 0.0001 0.0001 0.9996 0.0002 0.0001 0.0001
0.0001 0.0002 0.9996 0.0001 0.0001 0.0001 0.0001 0.9996 0.9996 0.0002 0.0001 0.0001 0.9997 0.0001 0.0001 0.0001
0.0001 0.0001 0.0001 0.9996 0.9997 0.0001 0.0001 0.0001 0.9997 0.0001 0.0001 0.0001 0.9997 0.0001 0.0001 0.0001
0.0001 0.0002 0.9996 0.0001 0.0001 0.0001 0.0001 0.9996 0.0001 0.9996 0.0002 0.0001 0.0001 0.9997 0.0001 0.0001
0.0001 0.0002 0.9996 0.0001 0.0001 0.0002 0.9996 0.0001 0.9996 0.0002 0.0001 0.0001 0.0001 0.0002 0.9996 0.0001
0.0001 0.0001 0.0001 0.9996 0.0001 0.0001 0.0001 0.9996 0.0001 0.0002 0.9996 0.0001 0.0001 0.9997 0.0001 0.0001
0.0001 0.0001 0.0001 0.9997 0.0001 0.0001 0.0001 0.9997 0.0001 0.0001 0.0001 0.9997 0.0001 0.0002 0.9996 0.0001
0.0001 0.9997 0.0001 0.0001 0.0001 0.9996 0.0002 0.0001 0.0001 0.9997 0.0001 0.0001 0.0001 0.9997 0.0001 0.0001
0.0001 0.0002 0.9996 0.0001 0.0001 0.9997 0.0001 0.0001 0.0001 0.0001 0.0001 0.9997 0.0001 0.0002 0.9996 0.0001
0.0001 0.9996 0.0001 0.0001 0.0001 0.9996 0.0002 0.0001 0.0001 0.0002 0.9996 0.0001 0.0001 0.0002 0.9996 0.0001
0.9996 0.0002 0.0001 0.0001 0.0001 0.0002 0.9996 0.0001 0.0001 0.9996 0.0002 0.0001 0.0001 0.9996 0.0002 0.0001
0.0001 0.0001 0.0001 0.9996 0.0001 0.0002 0.9996 0.0001 0.0001 0.9996 0.0002 0.0001 0.0001 0.0002 0.9996 0.0001
0.0001 0.9997 0.0001 0.0001 0.0001 0.0001 0.0001 0.9996 0.9996 0.0002 0.0001 0.0001 0.9997 0.0001 0.0001 0.0001
0.9997 0.0001 0.0001 0.0001 0.0001 0.0002 0.9996 0.0001 0.0001 0.0002 0.9996 0.0001 0.9996 0.0002 0.0001 0.0001
0.0001 0.0002 0.9996 0.0001 0.0001 0.9996 0.0002 0.0001 0.9997 0.0001 0.0001 0.0001 0.9997 0.0002 0.0001 0.0001
0.0001 0.0001 0.0001 0.9996 0.0001 0.9996 0.0002 0.0001 0.0001 0.0001 0.0001 0.9997 0.0001 0.0002 0.9996 0.0001
0.0001 0.0001 0.0001 0.9997 0.0001 0.9996 0.0002 0.0001 0.0001 0.9997 0.0001 0.0001 0.0001 0.9997 0.0001 0.0001
0.0001 0.9997 0.0001 0.0001 0.0001 0.9997 0.0001 0.0001 0.0001 0.0001 0.0001 0.9996 0.0001 0.9997 0.0001 0.0001
0.9997 0.0001 0.0001 0.0001 0.0001 0.0002 0.9996 0.0001 0.9997 0.0001 0.0001 0.0001 0.0001 0.0002 0.9996 0.0001
0.0001 0.0001 0.0001 0.9996 0.0001 0.0002 0.9996 0.0001 0.9997 0.0001 0.0001 0.0001 0.9996 0.0002 0.0001 0.0001
0.9997 0.0001 0.0001 0.0001 0.9997 0.0001 0.0001 0.0001 0.0001 0.0001 0.0001 0.9996 0.0001 0.0002 0.9996 0.0001
0.0001 0.0002 0.9996 0.0001 0.0001 0.0002 0.9996 0.0001 0.0001 0.9997 0.0002 0.0001 0.0001 0.0002 0.9996 0.0001
0.0001 0.9997 0.0001 0.0001 0.0001 0.9996 0.0002 0.0001 0.0001 0.0002 0.9996 0.0001 0.0001 0.0001 0.0001 0.9996
0.9996 0.0002 0.0001 0.0001 0.0001 0.0001 0.0001 0.9997 0.9997 0.0001 0.0001 0.0001 0.9997 0.0002 0.0001 0.0001
0.9997 0.0001 0.0001 0.0001 0.0001 0.0001 0.0001 0.9996 0.0001 0.0002 0.9996 0.0001 0.9997 0.0001 0.0001 0.0001
0.9997 0.0001 0.0001 0.0001 0.0001 0.9996 0.0002 0.0001 0.0001 0.9996 0.0002 0.0001 0.9997 0.0002 0.0001 0.0001
0.9997 0.0001 0.0001 0.0001 0.0001 0.0002 0.9996 0.0001 0.9997 0.0001 0.0001 0.0001 0.0001 0.9996 0.0002 0.0001
0.9997 0.0001 0.0001 0.0001 0.0001 0.0002 0.9996 0.0001 0.0001 0.9996 0.0002 0.0001 0.9996 0.0002 0.0001 0.0001
0.0001 0.0002 0.9996 0.0001 0.0001 0.9996 0.0002 0.0001 0.0001 0.9996 0.0002 0.0001 0.0001 0.9997 0.0001 0.0001
0.0001 0.9997 0.0001 0.0001 0.0001 0.9997 0.0001 0.0001 0.0001 0.0001 0.0001 0.9996 0.0001 0.0001 0.0001 0.9996
0.0001 0.0002 0.9996 0.0001 0.0001 0.0001 0.0001 0.9997 0.0001 0.9996 0.0002 0.0001 0.0001 0.9996 0.0001 0.0001
0.9997 0.0002 0.0001 0.0001 0.9996 0.0002 0.0001 0.0001 0.0001 0.0001 0.0001 0.9996 0.0001 0.0001 0.0001 0.9996
0.0001 0.0002 0.9996 0.0001 0.0001 0.0002 0.9996 0.0001 0.0001 0.0002 0.9996 0.0001 0.0001 0.0001 0.0001 0.9997
0.0001 0.0001 0.0001 0.9996 0.0001 0.0002 0.9996 0.0001 0.0001 0.0001 0.0001 0.9997 0.0001 0.0002 0.9996 0.0001
0.0001 0.9997 0.0001 0.0001 0.0001 0.9996 0.0002 0.0001 0.0001 0.0001 0.0001 0.9997 0.0001 0.0001 0.0001 0.9996
0.9997 0.0001 0.0001 0.0001 0.0001 0.0001 0.0001 0.9997 0.0001 0.9996 0.0002 0.0001 0.9997 0.0002 0.0001 0.0001
0.0001 0.9997 0.0001 0.0001 0.0001 0.0002 0.9996 0.0001 0.0001 0.0002 0.9996 0.0001 0.0001 0.9996 0.0002 0.0001
0.0001 0.0002 0.9996 0.0001 0.9997 0.0002 0.0001 0.0001 0.0001 0.0001 0.0001 0.9996 0.0001 0.0001 0.0001 0.9996
0.0001 0.9997 0.0001 0.0001 0.0001 0.9996 0.0002 0.0001 0.0001 0.9997 0.0001 0.0001 0.0001 0.0002 0.9996 0.0001
0.9996 0.0002 0.0001 0.0001 0.0001 0.0002 0.9996 0.0001 0.0001 0.9996 0.0002 0.0001 0.9996 0.0002 0.0001 0.0001
0.0001 0.9997 0.0001 0.0001 0.0001 0.9996 0.0002 0.0001 0.0001 0.0002 0.9996 0.0001 0.0001 0.9997 0.0001 0.0001
0.9996 0.0002 0.0001 0.0001 0.9996 0.0002 0.0001 0.0001 0.0001 0.9996 0.0002 0.0001 0.0001 0.9996 0.0002 0.0001
0.0001 0.0001 0.0001 0.9996 0.0001 0.9997 0.0001 0.0001 0.0001 0.9996 0.0002 0.0001 0.0001 0.9997 0.0001 0.0001
0.0001 0.9997 0.0001 0.0001 0.0001 0.0002 0.9996 0.0001 0.0001 0.0002 0.9996 0.0001 0.0001 0.0002 0.9996 0.0001
0.0001 0.0001 0.0001 0.9997 0.0001 0.0002 0.9996 0.0001 0.0001 0.0001 0.0001 0.9997 0.0001 0.0001 0.0001 0.9996
0.0001 0.0001 0.0001 0.9997 0.0001 0.9997 0.0001 0.0001 0.0001 0.0001 0.0001 0.9997 0.0001 0.0002 0.9996 0.0001
0.0001 0.9997 0.0001 0.0001 0.0001 0.0002 0.9996 0.0001 0.0001 0.9997 0.0001 0.0001 0.0001 0.9996 0.0002 0.0001
0.0001 0.9997 0.0001 0.0001 0.0001 0.9997 0.0001 0.0001 0.9996 0.0002 0.0001 0.0001 0.0001 0.0002 0.9996 0.0001
0.0001 0.9996 0.0002 0.0001 0.0001 0.0001 0.0001 0.9996 0.0001 0.9997 0.0001 0.0001 0.0001 0.9996 0.0001 0.0001
0.9996 0.0002 0.0001 0.0001 0.0001 0.0002 0.9996 0.0001 0.0001 0.0002 0.9996 0.0001 0.0001 0.9996 0.0002 0.0001
0.0001 0.9996 0.0002 0.0001 0.0001 0.9997 0.0001 0.0001 0.0001 0.9997 0.0001 0.0001 0.0001 0.9997 0.0001 0.0001
0.0001 0.0002 0.9996 0.0001 0.0001 0.9997 0.0001 0.0001 0.0001 0.9996 0.0002 0.0001 0.0001 0.9997 0.0001 0.0001
0.0001 0.9997 0.0001 0.0001 0.0001 0.9997 0.0001 0.0001 0.0001 0.0002 0.9996 0.0001 0.0001 0.0002 0.9996 0.0001
0.0001 0.0001 0.0001 0.9996 0.0001 0.0002 0.9996 0.0001 0.0001 0.0002 0.9996 0.0001 0.0001 0.0002 0.9996 0.0001
0.0001 0.9996 0.0002 0.0001 0.0001 0.0002 0.9996 0.0001 0.0001 0.9997 0.0001 0.0001 0.0001 0.9996 0.0002 0.0001
0.0001 0.0002 0.9996 0.0001 0.0001 0.0001 0.0001 0.9996 0.0001 0.9996 0.0002 0.0001 0.0001 0.0001 0.0001 0.9997
0.0001 0.0001 0.0001 0.9996 0.0001 0.0002 0.9996 0.0001 0.0001 0.0002 0.9996 0.0001 0.9996 0.0002 0.0001 0.0001
0.0001 0.9996 0.0002 0.0001 0.0001 0.9996 0.0001 0.0001 0.0001 0.0002 0.9996 0.0001 0.0001 0.0001 0.0001 0.9997
0.9996 0.0002 0.0001 0.0001 0.0001 0.0001 0.0001 0.9997 0.9997 0.0001 0.0001 0.0001 0.0001 0.0001 0.0001 0.9997
0.9997 0.0001 0.0001 0.0001 0.0001 0.9997 0.0001 0.0001 0.0001 0.9996 0.0002 0.0001 0.0001 0.0002 0.9996 0.0002
0.0001 0.0002 0.9996 0.0001 0.9996 0.0002 0.0001 0.0001 0.9996 0.0002 0.0001 0.0001 0.0001 0.0001 0.0001 0.9996
0.0001 0.0001 0.0001 0.9996 0.0001 0.0001 0.0001 0.9997 0.9997 0.0001 0.0001 0.0001 0.0001 0.0002 0.9996 0.0001
0.9997 0.0001 0.0001 0.0001 0.9996 0.0002 0.0001 0.0001 0.0001 0.0002 0.9996 0.0001 0.0001 0.0001 0.0001 0.9996
0.9997 0.0001 0.0001 0.0001 0.0001 0.9997 0.0001 0.0001 0.0001 0.0002 0.9996 0.0001 0.0001 0.0001 0.0001 0.9997
0.9997 0.0001 0.0001 0.0001 0.9997 0.0001 0.0001 0.0001 0.9997 0.0001 0.0001 0.0001 0.9997 0.0001 0.0001 0.0001
0.0001 0.9996 0.0002 0.0001 0.0001 0.9996 0.0002 0.0001 0.0001 0.9997 0.0001 0.0001 0.9997 0.0002 0.0001 0.0001
0.9996 0.0002 0.0001 0.0001 0.9997 0.0001 0.0001 0.0001 0.0001 0.9996 0.0002 0.0001 0.9997 0.0001 0.0001 0.0001
0.0001 0.9997 0.0001 0.0001 0.9997 0.0001 0.0001 0.0001 0.0001 0.0001 0.0001 0.9996 0.0001 0.0002 0.9996 0.0001
0.0001 0.0002 0.9996 0.0001 0.0001 0.0002 0.9996 0.0001 0.9996 0.0002 0.0001 0.0001 0.0001 0.0001 0.0001 0.9996
0.0001 0.9996 0.0002 0.0001 0.9997 0.0001 0.0001 0.0001 0.0001 0.9997 0.0001 0.0001 0.0001 0.9996 0.0002 0.0001
0.0001 0.0002 0.9996 0.0001 0.9997 0.0002 0.0001 0.0001 0.0001 0.9996 0.0002 0.0001 0.0001 0.0001 0.0001 0.9996
0.0001 0.0001 0.0001 0.9996 0.9997 0.0001 0.0001 0.0001 0.0001 0.0001 0.0001 0.9997 0.0001 0.9996 0.0002 0.0001
0.0001 0.9997 0.0001 0.0001 0.0001 0.9997 0.0001 0.0001 0.0001 0.0001 0.0001 0.9997 0.9996 0.0002 0.0001 0.0001
0.0001 0.0001 0.0001 0.9997 0.0001 0.0002 0.9996 0.0001 0.0001 0.9997 0.0001 0.0001 0.0001 0.9996 0.0002 0.0001
0.0001 0.0001 0.0001 0.9997 0.0001 0.0002 0.9996 0.0001 0.0001 0.9996 0.0001 0.0001 0.0001 0.9996 0.0002 0.0001
0.0001 0.0002 0.9996 0.0001 0.0001 0.0001 0.0001 0.9996 0.0001 0.0002 0.9996 0.0001 0.0001 0.0001 0.0001 0.9997
0.0001 0.0002 0.9996 0.0001 0.0001 0.9997 0.0001 0.0001 0.0001 0.0001 0.0001 0.9996 0.0001 0.0002 0.9996 0.0001
0.0001 0.9997 0.0001 0.0001 0.0001 0.9996 0.0002 0.0001 0.0001 0.9997 0.0001 0.0001 0.0001 0.0001 0.0001 0.9996
0.0001 0.0002 0.9996 0.0001 0.0001 0.9996 0.0002 0.0001 0.0001 0.0002 0.9996 0.0001 0.0001 0.0001 0.0001 0.9996
0.9996 0.0002 0.0001 0.0001 0.9997 0.0001 0.0001 0.0001 0.0001 0.0001 0.0001 0.9996 0.0001 0.0002 0.9996 0.0001
0.0001 0.9996 0.0001 0.0001 0.0001 0.0002 0.9996 0.0001 0.9996 0.0002 0.0001 0.0001 0.9996 0.0002 0.0001 0.0001
0.0001 0.9996 0.0002 0.0001 0.0001 0.9996 0.0002 0.0001 0.9997 0.0002 0.0001 0.0001 0.9997 0.0002 0.0001 0.0001
0.9997 0.0001 0.0001 0.0001 0.9997 0.0001 0.0001 0.0001 0.0001 0.0002 0.9996 0.0001 0.0001 0.0002 0.9996 0.0001
0.0001 0.0002 0.9996 0.0001 0.0001 0.0001 0.0001 0.9996 0.0001 0.9996 0.0002 0.0001 0.0001 0.9997 0.0001 0.0001
0.9997 0.0002 0.0001 0.0001 0.9996 0.0002 0.0001 0.0001 0.0001 0.0002 0.9996 0.0001 0.0001 0.9996 0.0002 0.0001
0.0001 0.9996 0.0002 0.0001 0.0001 0.0001 0.0001 0.9996 0.9997 0.0002 0.0001 0.0001 0.0001 0.0001 0.0001 0.9997
0.0001 0.0002 0.9996 0.0001 0.0001 0.9997 0.0001 0.0001 0.0001 0.0001 0.0001 0.9996 0.0001 0.0002 0.9996 0.0001
0.0001 0.0001 0.0001 0.9997 0.0001 0.0002 0.9996 0.0001 0.0001 0.9997 0.0001 0.0001 0.0001 0.0002 0.9996 0.0001
0.0001 0.0002 0.9996 0.0001 0.0001 0.0002 0.9996 0.0001 0.0001 0.0002 0.9996 0.0001 0.0001 0.0001 0.0001 0.9996
0.0001 0.0001 0.0001 0.9996 0.0001 0.9997 0.0001 0.0001 0.9997 0.0001 0.0001 0.0001 0.0001 0.0002 0.9996 0.0001
0.0001 0.9996 0.0002 0.0001 0.0001 0.0001 0.0001 0.9997 0.0001 0.9997 0.0001 0.0001 0.0001 0.9997 0.0001 0.0001
0.0001 0.9997 0.0001 0.0001 0.0001 0.9997 0.0001 0.0001 0.0001 0.0001 0.0001 0.9996 0.0001 0.0001 0.0001 0.9996
0.0001 0.9996 0.0002 0.0001 0.0001 0.9996 0.0002 0.0001 0.0001 0.9997 0.0001 0.0001 0.0001 0.9997 0.0001 0.0001
0.9996 0.0002 0.0001 0.0001 0.9996 0.0002 0.0001 0.0001 0.0001 0.0002 0.9996 0.0001 0.0001 0.0001 0.0001 0.9996
0.0001 0.0002 0.9996 0.0001 0.0001 0.0002 0.9996 0.0001 0.0001 0.9996 0.0002 0.0001 0.9996 0.0002 0.0001 0.0001
0.0001 0.0002 0.9996 0.0001 0.0001 0.0001 0.0001 0.9996 0.0001 0.0002 0.9996 0.0001 0.0001 0.0001 0.0001 0.9997
0.0001 0.0001 0.0001 0.9996 0.0001 0.0001 0.0001 0.9997 0.9997 0.0001 0.0001 0.0001 0.0001 0.0001 0.0001 0.9997
0.0001 0.0001 0.0001 0.9996 0.0001 0.0002 0.9996 0.0001 0.0001 0.0002 0.9996 0.0001 0.0001 0.0001 0.0001 0.9997
0.0001 0.9997 0.0002 0.0001 0.0001 0.0001 0.0001 0.9997 0.0001 0.0001 0.0001 0.9996 0.9997 0.0002 0.0001 0.0001
0.0001 0.0001 0.0001 0.9997 0.0001 0.9996 0.0002 0.0001 0.0001 0.0001 0.0001 0.9997 0.0001 0.0002 0.9996 0.0001
0.0001 0.0001 0.0001 0.9997 0.9996 0.0002 0.0001 0.0001 0.0001 0.9997 0.0001 0.0001 0.0001 0.9996 0.0002 0.0001
0.9996 0.0002 0.0001 0.0001 0.9997 0.0002 0.0001 0.0001 0.0001 0.9996 0.0002 0.0001 0.0001 0.9996 0.0002 0.0001
0.0001 0.0002 0.9996 0.0001 0.0001 0.0002 0.9996 0.0001 0.0001 0.0002 0.9996 0.0001 0.9996 0.0002 0.0001 0.0001
0.0001 0.0001 0.0001 0.9996 0.0001 0.9996 0.0002 0.0001 0.0001 0.0001 0.0001 0.9997 0.0001 0.0001 0.0001 0.9996
0.0001 0.0002 0.9996 0.0001 0.0001 0.0001 0.0001 0.9997 0.0001 0.0002 0.9996 0.0001 0.0001 0.0001 0.0001 0.9997
0.0001 0.9996 0.0002 0.0001 0.0001 0.9997 0.0001 0.0001 0.0001 0.0002 0.9996 0.0001 0.0001 0.0001 0.0001 0.9997
0.9996 0.0002 0.0001 0.0001 0.9997 0.0001 0.0001 0.0001 0.0001 0.9996 0.0002 0.0001 0.0001 0.9996 0.0002 0.0001
0.0001 0.0001 0.0001 0.9996 0.0001 0.9997 0.0001 0.0001 0.0001 0.9996 0.0002 0.0001 0.0001 0.9997 0.0001 0.0001
0.0001 0.0001 0.0001 0.9996 0.0001 0.0001 0.0001 0.9996 0.0001 0.0002 0.9996 0.0001 0.0001 0.9996 0.0002 0.0001
0.0001 0.0001 0.0001 0.9997 0.9996 0.0002 0.0001 0.0001 0.9997 0.0001 0.0001 0.0001 0.9997 0.0001 0.0001 0.0001
0.9997 0.0001 0.0001 0.0001 0.0001 0.9996 0.0002 0.0001 0.0001 0.0001 0.0001 0.9996 0.0001 0.0002 0.9996 0.0001
0.0001 0.0001 0.0001 0.9997 0.0001 0.0002 0.9996 0.0001 0.0001 0.0001 0.0001 0.9997 0.9997 0.0001 0.0001 0.0001
0.0001 0.0001 0.0001 0.9997 0.0001 0.0002 0.9996 0.0001 0.0001 0.9997 0.0001 0.0001 0.0001 0.9996 0.0002 0.0001
0.9996 0.0002 0.0001 0.0001 0.0001 0.9997 0.0001 0.0001 0.0001 0.0001 0.0001 0.9996 0.0001 0.9997 0.0001 0.0001
0.0001 0.9996 0.0001 0.0001 0.0001 0.0002 0.9996 0.0001 0.0001 0.0002 0.9996 0.0001 0.0001 0.0001 0.0001 0.9996
0.0001 0.0001 0.0001 0.9997 0.9997 0.0001 0.0001 0.0001 0.0001 0.0002 0.9996 0.0001 0.0001 0.0001 0.0001 0.9996
0.0001 0.0001 0.0001 0.9997 0.0001 0.9996 0.0001 0.0001 0.9997 0.0001 0.0001 0.0001 0.9996 0.0002 0.0001 0.0001
0.0001 0.0002 0.9996 0.0002 0.0001 0.0001 0.0001 0.9996 0.0001 0.9996 0.0002 0.0001 0.0001 0.0002 0.9996 0.0001
0.0001 0.0001 0.0001 0.9996 0.0001 0.0002 0.9996 0.0001 0.0001 0.0001 0.0001 0.9997 0.9997 0.0002 0.0001 0.0001
0.0001 0.9997 0.0001 0.0001 0.0001 0.0001 0.0001 0.9996 0.0001 0.0002 0.9996 0.0001 0.0001 0.0001 0.0001 0.9997
0.0001 0.0001 0.0001 0.9997 0.0001 0.9997 0.0001 0.0001 0.9997 0.0001 0.0001 0.0001 0.9996 0.0002 0.0001 0.0001
0.9997 0.0001 0.0001 0.0001 0.9997 0.0001 0.0001 0.0001 0.0001 0.0002 0.9996 0.0001 0.0001 0.0002 0.9996 0.0001
0.9996 0.0002 0.0001 0.0001 0.9997 0.0002 0.0001 0.0001 0.9997 0.0001 0.0001 0.0001 0.0001 0.9996 0.0002 0.0001
0.0001 0.0002 0.9996 0.0001 0.0001 0.0002 0.9996 0.0001 0.0001 0.0002 0.9996 0.0001 0.0001 0.0002 0.9996 0.0001
0.0001 0.0001 0.0001 0.9996 0.0001 0.0002 0.9996 0.0001 0.0001 0.0002 0.9996 0.0001 0.0001 0.0001 0.0001 0.9996
0.9996 0.0002 0.0001 0.0001 0.9997 0.0001 0.0001 0.0001 0.0001 0.9996 0.0001 0.0001 0.0001 0.0002 0.9996 0.0001
0.9997 0.0002 0.0001 0.0001 0.9996 0.0002 0.0001 0.0001 0.0001 0.0002 0.9996 0.0001 0.0001 0.0001 0.0001 0.9996
0.9997 0.0001 0.0001 0.0001 0.9997 0.0001 0.0001 0.0001 0.9997 0.0001 0.0001 0.0001 0.9997 0.0001 0.0001 0.0001
0.0001 0.0002 0.9996 0.0001 0.0001 0.0002 0.9996 0.0001 0.0001 0.9996 0.0002 0.0001 0.0001 0.9996 0.0002 0.0001
0.9997 0.0001 0.0001 0.0001 0.0001 0.9997 0.0001 0.0001 0.0001 0.9996 0.0002 0.0001 0.9996 0.0002 0.0001 0.0001
0.0001 0.9997 0.0001 0.0001 0.0001 0.0002 0.9996 0.0001 0.0001 0.0002 0.9996 0.0001 0.0001 0.0001 0.0001 0.9996
0.0001 0.9996 0.0002 0.0001 0.0001 0.9997 0.0001 0.0001 0.0001 0.9997 0.0001 0.0001 0.0001 0.0001 0.0001 0.9997
0.9996 0.0002 0.0001 0.0001 0.0001 0.0001 0.0001 0.9997 0.0001 0.0001 0.0001 0.9996 0.0001 0.0001 0.0001 0.9997
0.0001 0.0001 0.0001 0.9997 0.9997 0.0002 0.0001 0.0001 0.9997 0.0002 0.0001 0.0001 0.9997 0.0001 0.0001 0.0001
0.9997 0.0001 0.0001 0.0001 0.9997 0.0001 0.0001 0.0001 0.9997 0.0001 0.0001 0.0001 0.9997 0.0001 0.0001 0.0001
0.0001 0.0002 0.9996 0.0001 0.0001 0.9996 0.0002 0.0001 0.9997 0.0001 0.0001 0.0001 0.0001 0.9997 0.0001 0.0001
0.0001 0.9996 0.0002 0.0001 0.0001 0.9997 0.0001 0.0001 0.0001 0.0001 0.0001 0.9996 0.0001 0.0002 0.9996 0.0001
0.0001 0.0002 0.9996 0.0001 0.0001 0.0001 0.0001 0.9996 0.0001 0.0001 0.0001 0.9997 0.0001 0.0002 0.9996 0.0001
0.9997 0.0001 0.0001 0.0001 0.9996 0.0002 0.0001 0.0001 0.9997 0.0001 0.0001 0.0001 0.0001 0.0002 0.9996 0.0001
0.0001 0.9996 0.0002 0.0001 0.0001 0.9996 0.0002 0.0001 0.9997 0.0002 0.0001 0.0001 0.9997 0.0002 0.0001 0.0001
0.0001 0.0002 0.9996 0.0001 0.0001 0.0001 0.0001 0.9996 0.0001 0.0002 0.9996 0.0001 0.0001 0.0001 0.0001 0.9997
0.9997 0.0001 0.0001 0.0001 0.0001 0.0001 0.0001 0.9997 0.9997 0.0001 0.0001 0.0001 0.9997 0.0002 0.0001 0.0001
0.0001 0.0001 0.0001 0.9996 0.0001 0.0002 0.9996 0.0002 0.0001 0.0001 0.0001 0.9997 0.0001 0.9996 0.0002 0.0001
0.0001 0.0002 0.9996 0.0001 0.0001 0.9997 0.0001 0.0001 0.0001 0.9997 0.0002 0.0001 0.0001 0.9997 0.0001 0.0001
0.9997 0.0002 0.0001 0.0001 0.9996 0.0002 0.0001 0.0001 0.9997 0.0001 0.0001 0.0001 0.0001 0.0001 0.0001 0.9996
0.0001 0.0001 0.0001 0.9996 0.0001 0.9996 0.0002 0.0001 0.0001 0.0002 0.9996 0.0001 0.9996 0.0002 0.0001 0.0001
0.0001 0.0002 0.9996 0.0001 0.0001 0.0001 0.0001 0.9996 0.0001 0.0002 0.9996 0.0001 0.0001 0.0001 0.0001 0.9997
0.9997 0.0002 0.0001 0.0001 0.0001 0.9997 0.0001 0.0001 0.0001 0.0002 0.9996 0.0001 0.0001 0.9997 0.0001 0.0001
0.9997 0.0002 0.0001 0.0001 0.0001 0.9997 0.0001 0.0001 0.0001 0.9996 0.0002 0.0001 0.0001 0.9997 0.0001 0.0001
0.9997 0.0002 0.0001 0.0001 0.0001 0.0001 0.0001 0.9996 0.0001 0.0002 0.9996 0.0001 0.0001 0.0001 0.0001 0.9997
0.0001 0.0002 0.9996 0.0001 0.0001 0.0002 0.9996 0.0001 0.0001 0.9996 0.0002 0.0001 0.0001 0.9996 0.0002 0.0001
0.0001 0.0001 0.0001 0.9996 0.0001 0.0002 0.9996 0.0001 0.0001 0.0001 0.0001 0.9997 0.9996 0.0002 0.0001 0.0001
0.0001 0.0002 0.9996 0.0001 0.9997 0.0001 0.0001 0.0001 0.0001 0.0002 0.9996 0.0001 0.0001 0.0002 0.9996 0.0001
0.0001 0.9996 0.0002 0.0001 0.0001 0.0001 0.0001 0.9996 0.0001 0.0001 0.0001 0.9996 0.0001 0.0001 0.0001 0.9997
0.0001 0.0002 0.9996 0.0001 0.0001 0.0001 0.0001 0.9997 0.0001 0.9996 0.0002 0.0001 0.0001 0.0001 0.0001 0.9997
0.0001 0.0002 0.9996 0.0001 0.0001 0.9997 0.0001 0.0001 0.0001 0.0001 0.0001 0.9997 0.0001 0.0001 0.0001 0.9997
0.0001 0.9996 0.0001 0.0001 0.0001 0.9996 0.0001 0.0001 0.0001 0.0002 0.9996 0.0001 0.0001 0.0001 0.0001 0.9997
0.0001 0.9996 0.0002 0.0001 0.0001 0.9996 0.0002 0.0001 0.0001 0.9997 0.0001 0.0001 0.9996 0.0002 0.0001 0.0001
0.0001 0.0001 0.0001 0.9996 0.9997 0.0001 0.0001 0.0001 0.0001 0.0002 0.9996 0.0001 0.0001 0.0001 0.0001 0.9996
0.0001 0.0002 0.9996 0.0001 0.9997 0.0001 0.0001 0.0001 0.0001 0.0002 0.9996 0.0001 0.9997 0.0001 0.0001 0.0001
0.0001 0.0001 0.0001 0.9996 0.0001 0.0002 0.9996 0.0001 0.0001 0.0002 0.9996 0.0001 0.0001 0.0001 0.0001 0.9997
0.9996 0.0002 0.0001 0.0001 0.0001 0.9997 0.0001 0.0001 0.0001 0.0002 0.9996 0.0001 0.0001 0.0002 0.9996 0.0001
0.0001 0.0002 0.9996 0.0001 0.9996 0.0002 0.0001 0.0001 0.0001 0.0001 0.0001 0.9996 0.0001 0.0001 0.0001 0.9996
0.0001 0.0001 0.0001 0.9997 0.0001 0.9997 0.0001 0.0001 0.0001 0.9997 0.0001 0.0001 0.0001 0.9997 0.0001 0.0001
0.9996 0.0002 0.0001 0.0001 0.0001 0.9997 0.0001 0.0001 0.0001 0.0001 0.0001 0.9996 0.9996 0.0002 0.0001 0.0001
0.0001 0.9996 0.0001 0.0001 0.0001 0.0001 0.0001 0.9996 0.0001 0.0002 0.9996 0.0001 0.0001 0.0001 0.0001 0.9997
0.0001 0.9996 0.0002 0.0001 0.9997 0.0002 0.0001 0.0001 0.9997 0.0002 0.0001 0.0001 0.9997 0.0001 0.0001 0.0001
0.9997 0.0001 0.0001 0.0001 0.9997 0.0001 0.0001 0.0001 0.0001 0.0002 0.9996 0.0001 0.0001 0.0001 0.0001 0.9996
0.0001 0.0002 0.9996 0.0001 0.0001 0.9997 0.0001 0.0001 0.0001 0.9996 0.0002 0.0001 0.0001 0.9997 0.0001 0.0001
0.0001 0.0001 0.0001 0.9996 0.9996 0.0002 0.0001 0.0001 0.0001 0.0001 0.0001 0.9997 0.0001 0.0002 0.9996 0.0001
0.0001 0.9997 0.0001 0.0001 0.0001 0.9996 0.0002 0.0001 0.0001 0.9997 0.0001 0.0001 0.0001 0.0002 0.9996 0.0001
0.0001 0.9997 0.0001 0.0001 0.0001 0.0002 0.9996 0.0001 0.0001 0.0002 0.9996 0.0001 0.0001 0.0001 0.0001 0.9996
0.0001 0.9996 0.0002 0.0001 0.0001 0.9997 0.0001 0.0001 0.9997 0.0002 0.0001 0.0001 0.9996 0.0002 0.0001 0.0001
0.9997 0.0001 0.0001 0.0001 0.9997 0.0001 0.0001 0.0001 0.0001 0.9996 0.0002 0.0001 0.0001 0.9996 0.0002 0.0001
0.0001 0.0001 0.0001 0.9996 0.0001 0.9997 0.0001 0.0001 0.0001 0.0001 0.0001 0.9997 0.0001 0.0002 0.9996 0.0001
0.0001 0.0002 0.9996 0.0001 0.0001 0.9996 0.0002 0.0001 0.9996 0.0002 0.0001 0.0001 0.0001 0.0001 0.0001 0.9996
0.0001 0.0002 0.9996 0.0001 0.0001 0.9996 0.0002 0.0001 0.0001 0.9996 0.0002 0.0001 0.0001 0.9997 0.0001 0.0001
0.0001 0.0001 0.0001 0.9996 0.0001 0.0002 0.9996 0.0001 0.0001 0.9996 0.0001 0.0001 0.0001 0.0002 0.9996 0.0001
0.0001 0.9997 0.0001 0.0001 0.0001 0.9996 0.0002 0.0001 0.9996 0.0002 0.0001 0.0001 0.9997 0.0002 0.0001 0.0001
0.9997 0.0001 0.0001 0.0001 0.9997 0.0001 0.0001 0.0001 0.0001 0.0001 0.0001 0.9996 0.0001 0.0002 0.9996 0.0001
0.9997 0.0001 0.0001 0.0001 0.0001 0.0001 0.0001 0.9996 0.0001 0.0002 0.9996 0.0001 0.9997 0.0001 0.0001 0.0001
0.0001 0.9996 0.0002 0.0001 0.9997 0.0001 0.0001 0.0001 0.0001 0.0001 0.0001 0.9996 0.9997 0.0001 0.0001 0.0001
0.0001 0.9996 0.0001 0.0001 0.0001 0.9996 0.0002 0.0001 0.9996 0.0002 0.0001 0.0001 0.9997 0.0001 0.0001 0.0001
0.9997 0.0001 0.0001 0.0001 0.9997 0.0001 0.0001 0.0001 0.0001 0.0002 0.9996 0.0001 0.0001 0.0001 0.0001 0.9996
0.0001 0.0001 0.0001 0.9996 0.0001 0.0001 0.0001 0.9997 0.9997 0.0001 0.0001 0.0001 0.9997 0.0001 0.0001 0.0001
0.0001 0.0002 0.9996 0.0001 0.0001 0.0002 0.9996 0.0001 0.0001 0.0001 0.0001 0.9997 0.0001 0.0002 0.9996 0.0001
0.0001 0.0001 0.0001 0.9997 0.0001 0.0002 0.9996 0.0001 0.0001 0.0002 0.9996 0.0001 0.0001 0.0002 0.9996 0.0001
0.9996 0.0002 0.0001 0.0001 0.9997 0.0002 0.0001 0.0001 0.0001 0.9996 0.0001 0.0001 0.9997 0.0001 0.0001 0.0001
0.0001 0.9997 0.0001 0.0001 0.0001 0.9996 0.0002 0.0001 0.0001 0.0001 0.0001 0.9996 0.0001 0.0001 0.0001 0.9996
0.0001 0.0002 0.9996 0.0001 0.0001 0.0001 0.0001 0.9997 0.9996 0.0002 0.0001 0.0001 0.0001 0.9997 0.0001 0.0001
0.9997 0.0001 0.0001 0.0001 0.9996 0.0002 0.0001 0.0001 0.0001 0.9996 0.0002 0.0001 0.0001 0.9996 0.0002 0.0001
0.0001 0.0001 0.0001 0.9996 0.9996 0.0002 0.0001 0.0001 0.0001 0.0002 0.9996 0.0001 0.0001 0.0002 0.9996 0.0001
0.0001 0.0002 0.9996 0.0001 0.0001 0.0001 0.0001 0.9996 0.0001 0.0001 0.0001 0.9996 0.0001 0.0002 0.9996 0.0001
0.9997 0.0001 0.0001 0.0001 0.9996 0.0002 0.0001 0.0001 0.0001 0.0002 0.9996 0.0001 0.0001 0.9996 0.0001 0.0001
0.9996 0.0002 0.0001 0.0001 0.9997 0.0002 0.0001 0.0001 0.0001 0.0001 0.0001 0.9996 0.0001 0.0002 0.9996 0.0001
0.0001 0.0001 0.0001 0.9997 0.0001 0.0001 0.0001 0.9996 0.0001 0.0002 0.9996 0.0001 0.0001 0.0001 0.0001 0.9997
0.0001 0.9997 0.0002 0.0001 0.0001 0.0002 0.9996 0.0001 0.9997 0.0002 0.0001 0.0001 0.9996 0.0002 0.0001 0.0001
0.0001 0.0001 0.0001 0.9996 0.9997 0.0001 0.0001 0.0001 0.0001 0.0002 0.9996 0.0001 0.9997 0.0001 0.0001 0.0001
0.0001 0.0002 0.9996 0.0001 0.0001 0.0001 0.0001 0.9996 0.0001 0.0002 0.9996 0.0001 0.0001 0.0002 0.9996 0.0001
0.0001 0.0001 0.0001 0.9996 0.0001 0.0002 0.9996 0.0001 0.0001 0.9997 0.0001 0.0001 0.0001 0.9996 0.0002 0.0001
0.0001 0.0001 0.0001 0.9997 0.0001 0.0002 0.9996 0.0001 0.0001 0.0002 0.9996 0.0001 0.0001 0.0001 0.0001 0.9997
0.0001 0.9996 0.0002 0.0001 0.9997 0.0001 0.0001 0.0001 0.9997 0.0002 0.0001 0.0001 0.0001 0.0002 0.9996 0.0001
0.0001 0.0001 0.0001 0.9996 0.0001 0.0002 0.9996 0.0001 0.9997 0.0001 0.0001 0.0001 0.0001 0.0001 0.0001 0.9996
0.0001 0.9996 0.0002 0.0001 0.0001 0.0002 0.9996 0.0001 0.9997 0.0002 0.0001 0.0001 0.0001 0.0002 0.9996 0.0001
0.0001 0.9996 0.0002 0.0001 0.0001 0.9996 0.0002 0.0001 0.0001 0.0001 0.0001 0.9996 0.0001 0.0001 0.0001 0.9996
0.0001 0.9996 0.0002 0.0001 0.0001 0.9996 0.0002 0.0001 0.0001 0.0002 0.9996 0.0001 0.0001 0.9997 0.0001 0.0001
0.9996 0.0002 0.0001 0.0001 0.9996 0.0002 0.0001 0.0001 0.9997 0.0001 0.0001 0.0001 0.9997 0.0001 0.0001 0.0001
0.0001 0.0002 0.9996 0.0001 0.9997 0.0001 0.0001 0.0001 0.0001 0.0001 0.0001 0.9996 0.0001 0.0002 0.9996 0.0001
0.0001 0.0002 0.9996 0.0001 0.0001 0.0001 0.0001 0.9996 0.9996 0.0002 0.0001 0.0001 0.0001 0.0002 0.9996 0.0001
0.9997 0.0001 0.0001 0.0001 0.0001 0.0002 0.9996 0.0001 0.9997 0.0001 0.0001 0.0001 0.9997 0.0002 0.0001 0.0001
0.0001 0.0002 0.9996 0.0001 0.0001 0.9996 0.0002 0.0001 0.0001 0.0001 0.0001 0.9996 0.0001 0.9997 0.0001 0.0001
