0.1254 0.1148 0.6215 0.1384 0.1569 0.0847 0.1067 0.6516 0.0653 0.0308 0.2568 0.6471 0.0230 0.0070 0.0102 0.9598
0.8233 0.0082 0.0177 0.1508 0.7162 0.0060 0.0047 0.2731 0.0552 0.0063 0.9126 0.0259 0.1201 0.8367 0.0087 0.0346
0.9912 0.0015 0.0038 0.0034 0.0014 0.9967 0.0011 0.0008 0.9985 0.0005 0.0003 0.0008 0.9916 0.0058 0.0006 0.0019
0.0022 0.0005 0.0007 0.9966 0.0015 0.9968 0.0010 0.0007 0.0007 0.9973 0.0010 0.0010 0.0006 0.0008 0.0006 0.9979
0.0005 0.0006 0.0005 0.9984 0.0003 0.0008 0.9977 0.0011 0.0004 0.9984 0.0007 0.0005 0.0004 0.9983 0.0010 0.0004
0.0003 0.9989 0.0005 0.0003 0.9982 0.0009 0.0003 0.0007 0.9982 0.0008 0.0003 0.0007 0.0005 0.9985 0.0006 0.0003
0.0005 0.9986 0.0006 0.0003 0.0004 0.9988 0.0006 0.0003 0.0004 0.9988 0.0006 0.0003 0.0004 0.9988 0.0006 0.0003
0.0003 0.0007 0.9985 0.0005 0.9985 0.0007 0.0003 0.0006 0.0005 0.0004 0.0005 0.9986 0.0003 0.0007 0.9984 0.0006
0.0005 0.0003 0.0004 0.9988 0.9986 0.0006 0.0003 0.0005 0.0004 0.9987 0.0006 0.0003 0.0005 0.9986 0.0006 0.0003
0.0005 0.0004 0.0004 0.9987 0.0005 0.0004 0.0005 0.9986 0.0004 0.9987 0.0006 0.0003 0.9987 0.0005 0.0002 0.0005
0.9986 0.0006 0.0003 0.0006 0.9987 0.0005 0.0002 0.0005 0.0005 0.9986 0.0006 0.0003 0.9987 0.0005 0.0003 0.0005
0.0004 0.9987 0.0006 0.0003 0.0005 0.9986 0.0006 0.0003 0.0004 0.9988 0.0006 0.0003 0.9987 0.0005 0.0002 0.0005
0.0004 0.9988 0.0006 0.0003 0.0005 0.9986 0.0006 0.0003 0.0003 0.0007 0.9985 0.0005 0.9987 0.0005 0.0002 0.0005
0.0004 0.9986 0.0006 0.0003 0.0005 0.9986 0.0006 0.0003 0.0004 0.9987 0.0006 0.0003 0.0006 0.0004 0.0005 0.9986
0.0005 0.0004 0.0005 0.9986 0.0003 0.0007 0.9985 0.0005 0.0004 0.9987 0.0006 0.0003 0.0004 0.9987 0.0006 0.0003
0.0003 0.0007 0.9985 0.0005 0.0006 0.0004 0.0005 0.9986 0.0003 0.0006 0.9986 0.0005 0.0005 0.0003 0.0004 0.9988
0.0003 0.0006 0.9986 0.0005 0.0004 0.9987 0.0006 0.0003 0.9987 0.0006 0.0003 0.0005 0.0004 0.9988 0.0006 0.0003
0.9988 0.0005 0.0002 0.0005 0.0003 0.0007 0.9985 0.0005 0.9987 0.0005 0.0002 0.0005 0.9986 0.0006 0.0003 0.0005
0.0006 0.0004 0.0005 0.9985 0.0003 0.0007 0.9984 0.0005 0.0003 0.0006 0.9986 0.0005 0.0005 0.9987 0.0006 0.0003
0.0003 0.0006 0.9986 0.0005 0.0006 0.0004 0.0005 0.9986 0.0005 0.9987 0.0006 0.0003 0.0004 0.9987 0.0006 0.0003
0.9987 0.0006 0.0002 0.0005 0.9986 0.0006 0.0002 0.0005 0.0005 0.9986 0.0006 0.0003 0.0005 0.0004 0.0005 0.9986
0.0005 0.0004 0.0005 0.9986 0.0003 0.0006 0.9986 0.0005 0.0003 0.0007 0.9985 0.0005 0.0005 0.0004 0.0005 0.9987
0.0003 0.0006 0.9986 0.0005 0.0004 0.9987 0.0006 0.0003 0.9987 0.0006 0.0003 0.0005 0.0003 0.0007 0.9985 0.0005
0.9988 0.0005 0.0002 0.0005 0.9986 0.0006 0.0003 0.0005 0.9987 0.0005 0.0002 0.0005 0.0005 0.9986 0.0006 0.0003
0.0006 0.0004 0.0005 0.9985 0.0003 0.0007 0.9985 0.0005 0.0005 0.0003 0.0004 0.9987 0.0003 0.0006 0.9986 0.0005
0.0003 0.0006 0.9986 0.0005 0.0005 0.0004 0.0005 0.9986 0.0003 0.0006 0.9986 0.0005 0.0003 0.0007 0.9985 0.0005
0.9987 0.0006 0.0003 0.0005 0.9986 0.0006 0.0003 0.0005 0.0004 0.0007 0.9984 0.0005 0.9988 0.0005 0.0002 0.0005
0.0003 0.0006 0.9986 0.0005 0.0006 0.0004 0.0005 0.9985 0.9987 0.0006 0.0003 0.0005 0.0004 0.9987 0.0006 0.0003
0.0004 0.0007 0.9984 0.0005 0.0005 0.0004 0.0005 0.9987 0.9987 0.0006 0.0003 0.0005 0.0004 0.9987 0.0006 0.0003
0.0006 0.0004 0.0005 0.9985 0.0005 0.0004 0.0005 0.9987 0.9988 0.0005 0.0002 0.0005 0.0003 0.0007 0.9985 0.0005
0.9987 0.0005 0.0002 0.0005 0.0005 0.0004 0.0005 0.9987 0.0003 0.0007 0.9984 0.0005 0.0003 0.0007 0.9985 0.0005
0.9987 0.0006 0.0003 0.0005 0.9986 0.0006 0.0003 0.0005 0.0003 0.0007 0.9984 0.0005 0.0006 0.0004 0.0005 0.9986
0.0005 0.0004 0.0005 0.9986 0.0004 0.9987 0.0006 0.0003 0.0004 0.9987 0.0006 0.0003 0.9986 0.0006 0.0002 0.0005
0.0003 0.0007 0.9985 0.0005 0.0003 0.0007 0.9984 0.0005 0.0003 0.0006 0.9986 0.0005 0.0003 0.0006 0.9986 0.0005
0.0003 0.0006 0.9986 0.0005 0.0005 0.0004 0.0005 0.9986 0.0005 0.9987 0.0006 0.0003 0.0005 0.0003 0.0004 0.9987
0.0004 0.9988 0.0006 0.0002 0.9987 0.0005 0.0002 0.0005 0.9986 0.0006 0.0002 0.0005 0.0005 0.9986 0.0006 0.0003
0.0003 0.0007 0.9984 0.0005 0.0005 0.0004 0.0005 0.9987 0.0005 0.0004 0.0005 0.9986 0.0003 0.0006 0.9985 0.0005
0.9988 0.0005 0.0002 0.0005 0.9986 0.0006 0.0003 0.0005 0.0005 0.9986 0.0006 0.0003 0.0005 0.9986 0.0006 0.0003
0.9987 0.0006 0.0002 0.0005 0.9987 0.0006 0.0002 0.0005 0.0003 0.0007 0.9984 0.0005 0.9987 0.0005 0.0002 0.0005
0.9987 0.0006 0.0003 0.0005 0.0003 0.0007 0.9984 0.0005 0.0004 0.0007 0.9984 0.0005 0.9987 0.0006 0.0003 0.0005
0.0003 0.0006 0.9986 0.0005 0.0006 0.0004 0.0005 0.9985 0.0005 0.9987 0.0006 0.0003 0.0004 0.9987 0.0006 0.0003
0.0006 0.0004 0.0005 0.9986 0.9986 0.0006 0.0002 0.0005 0.9987 0.0005 0.0002 0.0005 0.0003 0.0007 0.9984 0.0005
0.0003 0.0007 0.9984 0.0005 0.9987 0.0006 0.0003 0.0005 0.0003 0.0006 0.9986 0.0005 0.9988 0.0005 0.0002 0.0005
0.0003 0.0006 0.9986 0.0005 0.0005 0.9986 0.0006 0.0003 0.0003 0.0006 0.9986 0.0005 0.9987 0.0005 0.0002 0.0005
0.0005 0.9987 0.0006 0.0003 0.0005 0.9986 0.0006 0.0003 0.0004 0.9988 0.0006 0.0003 0.0004 0.9987 0.0006 0.0003
0.0003 0.0007 0.9985 0.0005 0.0005 0.0004 0.0005 0.9986 0.0005 0.0004 0.0005 0.9987 0.0003 0.0006 0.9985 0.0005
0.0003 0.0007 0.9985 0.0005 0.0004 0.9987 0.0006 0.0003 0.0003 0.0006 0.9986 0.0005 0.0006 0.0004 0.0005 0.9986
0.9987 0.0006 0.0003 0.0005 0.9987 0.0005 0.0002 0.0005 0.0005 0.9986 0.0006 0.0003 0.0005 0.9986 0.0006 0.0003
0.0005 0.0004 0.0005 0.9986 0.0005 0.0004 0.0005 0.9986 0.0005 0.0003 0.0004 0.9988 0.0004 0.9987 0.0006 0.0003
0.0004 0.9987 0.0006 0.0003 0.0003 0.0007 0.9985 0.0005 0.0003 0.0007 0.9985 0.0005 0.0003 0.0006 0.9986 0.0005
0.0004 0.9987 0.0006 0.0003 0.0003 0.0006 0.9986 0.0005 0.0003 0.0007 0.9985 0.0005 0.0005 0.0004 0.0005 0.9986
0.9986 0.0006 0.0003 0.0005 0.0003 0.0007 0.9985 0.0005 0.0006 0.0004 0.0005 0.9985 0.9986 0.0006 0.0003 0.0005
0.0004 0.9987 0.0006 0.0003 0.0003 0.0007 0.9984 0.0005 0.0003 0.0007 0.9985 0.0005 0.9987 0.0006 0.0003 0.0005
0.0003 0.0006 0.9986 0.0005 0.0006 0.0004 0.0005 0.9986 0.9987 0.0006 0.0003 0.0005 0.0003 0.0006 0.9985 0.0005
0.0004 0.0007 0.9984 0.0005 0.0003 0.0006 0.9986 0.0005 0.0005 0.9987 0.0006 0.0003 0.0003 0.0006 0.9986 0.0005
0.0004 0.9987 0.0006 0.0003 0.0003 0.0006 0.9986 0.0005 0.0003 0.0007 0.9985 0.0005 0.0005 0.0004 0.0005 0.9986
0.0003 0.0006 0.9986 0.0005 0.0005 0.0003 0.0004 0.9987 0.0005 0.9986 0.0006 0.0003 0.0004 0.9987 0.0006 0.0003
0.0003 0.0007 0.9985 0.0005 0.0005 0.0004 0.0004 0.9987 0.0005 0.0004 0.0005 0.9987 0.9987 0.0006 0.0002 0.0005
0.0004 0.9987 0.0006 0.0003 0.9987 0.0005 0.0002 0.0005 0.0005 0.0004 0.0005 0.9987 0.0005 0.9986 0.0006 0.0003
0.9987 0.0006 0.0002 0.0005 0.9987 0.0006 0.0002 0.0005 0.0003 0.0007 0.9984 0.0006 0.0006 0.0004 0.0005 0.9986
0.0005 0.0004 0.0005 0.9987 0.0003 0.0006 0.9986 0.0005 0.0003 0.0007 0.9985 0.0005 0.0005 0.0004 0.0005 0.9987
0.0004 0.9987 0.0006 0.0003 0.0004 0.9987 0.0006 0.0003 0.9987 0.0006 0.0002 0.0005 0.0003 0.0007 0.9985 0.0005
0.0003 0.0007 0.9984 0.0005 0.9986 0.0006 0.0003 0.0005 0.9987 0.0006 0.0003 0.0005 0.9988 0.0005 0.0002 0.0005
0.0006 0.0004 0.0005 0.9985 0.0003 0.0007 0.9984 0.0005 0.0003 0.0006 0.9985 0.0005 0.0005 0.0004 0.0005 0.9986
0.0003 0.0006 0.9986 0.0005 0.0005 0.0003 0.0004 0.9987 0.0003 0.0006 0.9986 0.0005 0.0005 0.0003 0.0004 0.9988
0.0003 0.0006 0.9986 0.0005 0.0004 0.9987 0.0006 0.0003 0.0005 0.9987 0.0006 0.0003 0.0004 0.9988 0.0006 0.0003
0.9987 0.0006 0.0002 0.0005 0.0003 0.0007 0.9985 0.0005 0.0005 0.9986 0.0006 0.0003 0.9986 0.0006 0.0003 0.0005
0.0003 0.0007 0.9985 0.0005 0.0006 0.0004 0.0005 0.9985 0.0003 0.0006 0.9986 0.0005 0.0005 0.0003 0.0004 0.9987
0.9987 0.0006 0.0003 0.0005 0.9987 0.0006 0.0002 0.0005 0.9988 0.0005 0.0002 0.0005 0.0003 0.0007 0.9984 0.0006
0.9987 0.0005 0.0002 0.0005 0.0005 0.9987 0.0006 0.0003 0.0003 0.0007 0.9984 0.0005 0.0003 0.0007 0.9985 0.0005
0.0005 0.0004 0.0005 0.9986 0.9986 0.0006 0.0003 0.0005 0.0004 0.9987 0.0006 0.0003 0.9988 0.0005 0.0002 0.0005
0.9986 0.0006 0.0002 0.0005 0.0004 0.0007 0.9984 0.0005 0.0005 0.9986 0.0006 0.0003 0.0003 0.0006 0.9986 0.0005
0.0004 0.9987 0.0006 0.0003 0.9987 0.0006 0.0003 0.0005 0.0003 0.0007 0.9985 0.0005 0.0006 0.0004 0.0005 0.9985
0.0005 0.0004 0.0005 0.9986 0.9988 0.0005 0.0002 0.0005 0.0005 0.0003 0.0004 0.9987 0.9987 0.0005 0.0002 0.0005
0.0005 0.0003 0.0004 0.9988 0.0006 0.0004 0.0005 0.9985 0.9987 0.0006 0.0002 0.0005 0.9988 0.0005 0.0002 0.0005
0.0003 0.0007 0.9984 0.0006 0.0005 0.0004 0.0005 0.9986 0.9986 0.0006 0.0003 0.0005 0.0004 0.9987 0.0006 0.0003
0.0003 0.0007 0.9984 0.0005 0.0005 0.0004 0.0005 0.9987 0.9987 0.0006 0.0003 0.0005 0.9987 0.0005 0.0002 0.0005
0.0005 0.9986 0.0006 0.0003 0.0005 0.9986 0.0006 0.0003 0.0003 0.0007 0.9985 0.0005 0.0004 0.9987 0.0006 0.0003
0.9986 0.0006 0.0003 0.0005 0.9986 0.0006 0.0002 0.0005 0.9988 0.0005 0.0002 0.0005 0.9987 0.0005 0.0002 0.0005
0.9987 0.0005 0.0002 0.0005 0.9987 0.0005 0.0003 0.0005 0.0006 0.0004 0.0005 0.9985 0.9987 0.0005 0.0003 0.0005
0.0005 0.0003 0.0004 0.9987 0.0006 0.0004 0.0005 0.9985 0.0003 0.0006 0.9986 0.0005 0.9988 0.0005 0.0002 0.0005
0.9986 0.0006 0.0003 0.0005 0.9987 0.0005 0.0002 0.0005 0.9987 0.0005 0.0002 0.0005 0.0003 0.0007 0.9984 0.0005
0.0006 0.0004 0.0005 0.9985 0.9987 0.0006 0.0003 0.0005 0.0003 0.0006 0.9986 0.0005 0.0003 0.0007 0.9984 0.0005
0.0005 0.0004 0.0005 0.9987 0.9987 0.0005 0.0003 0.0005 0.0003 0.0007 0.9985 0.0005 0.9988 0.0005 0.0002 0.0005
0.0005 0.0004 0.0005 0.9987 0.0004 0.0007 0.9984 0.0005 0.9988 0.0005 0.0002 0.0005 0.9987 0.0006 0.0003 0.0005
0.0003 0.0007 0.9984 0.0006 0.0006 0.0004 0.0005 0.9985 0.0003 0.0006 0.9986 0.0005 0.0003 0.0006 0.9986 0.0005
0.0003 0.0006 0.9986 0.0005 0.0003 0.0006 0.9986 0.0005 0.0003 0.0006 0.9986 0.0005 0.9987 0.0006 0.0003 0.0005
0.0005 0.9987 0.0006 0.0003 0.0005 0.9986 0.0006 0.0003 0.9987 0.0006 0.0002 0.0005 0.0003 0.0007 0.9985 0.0005
0.0003 0.0007 0.9984 0.0005 0.0003 0.0006 0.9986 0.0005 0.0003 0.0006 0.9986 0.0005 0.0005 0.9986 0.0006 0.0003
0.0005 0.9986 0.0006 0.0003 0.0004 0.9987 0.0006 0.0003 0.0006 0.0004 0.0005 0.9986 0.0004 0.9988 0.0006 0.0003
0.0005 0.0003 0.0004 0.9988 0.0003 0.0007 0.9985 0.0005 0.0003 0.0006 0.9985 0.0005 0.0004 0.9986 0.0006 0.0003
0.0003 0.0006 0.9986 0.0005 0.0004 0.9987 0.0006 0.0003 0.0005 0.0004 0.0005 0.9986 0.9986 0.0006 0.0002 0.0005
0.0003 0.0007 0.9985 0.0005 0.0006 0.0004 0.0005 0.9985 0.9986 0.0006 0.0003 0.0005 0.0004 0.9987 0.0006 0.0003
0.0005 0.9986 0.0006 0.0003 0.0004 0.9988 0.0006 0.0003 0.0003 0.0007 0.9985 0.0005 0.0005 0.0004 0.0005 0.9986
0.0004 0.9987 0.0006 0.0003 0.0004 0.9987 0.0006 0.0003 0.0003 0.0007 0.9985 0.0005 0.0003 0.0007 0.9985 0.0005
0.0003 0.0006 0.9986 0.0005 0.0004 0.9987 0.0006 0.0003 0.0003 0.0006 0.9986 0.0005 0.0005 0.0004 0.0005 0.9986
0.9987 0.0006 0.0003 0.0005 0.9987 0.0006 0.0002 0.0005 0.0004 0.0007 0.9984 0.0005 0.0005 0.9986 0.0006 0.0003
0.0003 0.0006 0.9986 0.0005 0.0005 0.0004 0.0005 0.9986 0.0005 0.0004 0.0005 0.9986 0.0003 0.0007 0.9985 0.0005
0.0004 0.9987 0.0006 0.0003 0.0005 0.0004 0.0005 0.9987 0.0003 0.0007 0.9985 0.0005 0.9988 0.0005 0.0002 0.0005
0.0005 0.0004 0.0005 0.9987 0.0005 0.9986 0.0006 0.0003 0.0004 0.9987 0.0006 0.0003 0.0004 0.9987 0.0006 0.0003
0.0004 0.9988 0.0006 0.0003 0.0004 0.9988 0.0006 0.0003 0.0003 0.0007 0.9985 0.0005 0.9986 0.0006 0.0002 0.0005
0.0005 0.0004 0.0005 0.9987 0.0003 0.0007 0.9984 0.0005 0.0003 0.0007 0.9985 0.0005 0.0005 0.0004 0.0005 0.9986
0.0004 0.9987 0.0006 0.0003 0.0005 0.0003 0.0004 0.9987 0.0003 0.0007 0.9985 0.0005 0.0005 0.0003 0.0004 0.9988
0.0004 0.9987 0.0006 0.0003 0.0003 0.0006 0.9985 0.0005 0.9987 0.0006 0.0002 0.0005 0.9986 0.0006 0.0003 0.0006
0.0006 0.0004 0.0005 0.9986 0.0003 0.0007 0.9984 0.0005 0.9988 0.0005 0.0002 0.0005 0.0005 0.0004 0.0005 0.9987
0.9987 0.0005 0.0002 0.0005 0.9988 0.0005 0.0002 0.0005 0.0003 0.0007 0.9984 0.0005 0.0003 0.0007 0.9984 0.0006
0.0005 0.0004 0.0005 0.9986 0.9987 0.0006 0.0003 0.0005 0.0003 0.0007 0.9985 0.0005 0.0003 0.0007 0.9984 0.0005
0.0004 0.9987 0.0006 0.0003 0.0005 0.9987 0.0006 0.0003 0.0004 0.9987 0.0006 0.0003 0.0004 0.9987 0.0006 0.0003
0.0005 0.0004 0.0005 0.9986 0.0003 0.0007 0.9985 0.0005 0.9987 0.0005 0.0002 0.0005 0.0003 0.0006 0.9986 0.0005
0.9987 0.0005 0.0002 0.0005 0.9987 0.0006 0.0003 0.0005 0.0006 0.0004 0.0005 0.9985 0.0004 0.0007 0.9984 0.0005
0.0005 0.0003 0.0004 0.9987 0.0005 0.0004 0.0005 0.9986 0.0004 0.9987 0.0006 0.0003 0.0004 0.9987 0.0006 0.0003
0.0004 0.9988 0.0006 0.0003 0.0003 0.0007 0.9985 0.0005 0.0004 0.9988 0.0006 0.0003 0.0003 0.0006 0.9986 0.0005
0.0003 0.0007 0.9985 0.0005 0.0005 0.9986 0.0006 0.0003 0.0005 0.0004 0.0005 0.9986 0.0003 0.0007 0.9985 0.0005
0.0003 0.0007 0.9985 0.0005 0.9986 0.0006 0.0003 0.0005 0.9986 0.0006 0.0003 0.0005 0.9988 0.0005 0.0002 0.0005
0.0006 0.0004 0.0005 0.9986 0.0006 0.0004 0.0005 0.9985 0.0003 0.0006 0.9985 0.0005 0.9988 0.0005 0.0002 0.0005
0.0005 0.0004 0.0005 0.9987 0.0005 0.9986 0.0006 0.0003 0.0005 0.0003 0.0004 0.9988 0.9987 0.0005 0.0002 0.0005
0.0004 0.0003 0.0004 0.9988 0.0006 0.0004 0.0005 0.9986 0.0004 0.0003 0.0004 0.9988 0.0004 0.9987 0.0006 0.0003
0.0004 0.0003 0.0004 0.9988 0.0004 0.9988 0.0006 0.0003 0.9987 0.0006 0.0002 0.0005 0.0004 0.9988 0.0006 0.0003
0.9987 0.0005 0.0002 0.0005 0.9986 0.0006 0.0002 0.0005 0.0005 0.0004 0.0005 0.9986 0.9987 0.0005 0.0002 0.0005
0.0003 0.0006 0.9986 0.0005 0.0006 0.0004 0.0005 0.9985 0.9986 0.0006 0.0003 0.0005 0.0004 0.9987 0.0006 0.0003
0.0006 0.0004 0.0005 0.9986 0.0004 0.9988 0.0006 0.0003 0.9988 0.0005 0.0002 0.0005 0.9986 0.0006 0.0002 0.0005
0.0005 0.0004 0.0005 0.9986 0.0003 0.0007 0.9984 0.0005 0.0004 0.9987 0.0006 0.0003 0.0005 0.9986 0.0006 0.0003
0.0003 0.0007 0.9985 0.0005 0.0003 0.0007 0.9985 0.0005 0.0005 0.0004 0.0005 0.9987 0.9986 0.0006 0.0003 0.0005
0.0005 0.0003 0.0004 0.9988 0.0005 0.9986 0.0006 0.0003 0.0004 0.9987 0.0006 0.0003 0.9987 0.0006 0.0002 0.0005
0.0003 0.0007 0.9985 0.0005 0.0006 0.0004 0.0005 0.9986 0.9986 0.0006 0.0003 0.0005 0.0005 0.0003 0.0004 0.9987
0.9987 0.0005 0.0002 0.0005 0.9987 0.0005 0.0002 0.0005 0.0003 0.0007 0.9984 0.0005 0.0005 0.0004 0.0005 0.9986
0.9987 0.0006 0.0003 0.0005 0.9988 0.0005 0.0002 0.0005 0.0003 0.0007 0.9984 0.0005 0.9987 0.0005 0.0002 0.0005
0.0005 0.9987 0.0006 0.0003 0.0006 0.0004 0.0005 0.9985 0.9987 0.0005 0.0002 0.0005 0.0005 0.0003 0.0004 0.9987
0.0005 0.9986 0.0006 0.0003 0.0004 0.9987 0.0006 0.0003 0.9987 0.0006 0.0002 0.0005 0.0005 0.0004 0.0004 0.9987
0.0005 0.9986 0.0006 0.0003 0.0004 0.9987 0.0006 0.0003 0.0006 0.0004 0.0005 0.9986 0.0003 0.0007 0.9985 0.0005
0.9987 0.0005 0.0002 0.0005 0.0004 0.9987 0.0006 0.0003 0.0003 0.0007 0.9984 0.0005 0.0003 0.0007 0.9985 0.0005
0.0005 0.9987 0.0006 0.0003 0.9986 0.0006 0.0003 0.0005 0.9987 0.0006 0.0002 0.0005 0.0006 0.0004 0.0005 0.9985
0.0006 0.0004 0.0005 0.9986 0.0004 0.9987 0.0006 0.0003 0.0004 0.9987 0.0006 0.0003 0.9986 0.0006 0.0002 0.0005
0.9986 0.0006 0.0002 0.0005 0.0005 0.0004 0.0005 0.9986 0.0003 0.0007 0.9984 0.0005 0.0005 0.0003 0.0004 0.9987
0.9987 0.0006 0.0003 0.0005 0.0004 0.9987 0.0006 0.0003 0.0006 0.0004 0.0005 0.9985 0.0005 0.0004 0.0004 0.9987
0.0003 0.0006 0.9985 0.0005 0.9987 0.0006 0.0002 0.0005 0.0005 0.0004 0.0005 0.9987 0.0003 0.0007 0.9984 0.0006
0.0003 0.0007 0.9985 0.0005 0.0005 0.9987 0.0006 0.0003 0.0004 0.9987 0.0006 0.0003 0.9987 0.0006 0.0002 0.0005
0.0003 0.0007 0.9985 0.0005 0.0006 0.0004 0.0005 0.9986 0.0004 0.9987 0.0006 0.0003 0.0005 0.0003 0.0004 0.9987
0.9987 0.0006 0.0002 0.0005 0.9987 0.0006 0.0002 0.0005 0.0005 0.9986 0.0006 0.0003 0.0005 0.9986 0.0006 0.0003
0.0004 0.9987 0.0006 0.0003 0.0003 0.0007 0.9985 0.0005 0.0004 0.9988 0.0006 0.0003 0.0004 0.9987 0.0006 0.0003
0.0005 0.0004 0.0005 0.9986 0.0003 0.0007 0.9985 0.0005 0.0005 0.0003 0.0004 0.9988 0.0004 0.9987 0.0006 0.0003
0.0003 0.0006 0.9985 0.0005 0.0004 0.9987 0.0006 0.0003 0.9986 0.0006 0.0003 0.0006 0.0005 0.0004 0.0005 0.9986
0.0003 0.0007 0.9984 0.0005 0.0004 0.9987 0.0006 0.0003 0.0005 0.0004 0.0005 0.9987 0.0004 0.9988 0.0006 0.0003
0.9988 0.0005 0.0002 0.0005 0.9986 0.0006 0.0002 0.0005 0.0005 0.0004 0.0005 0.9986 0.9987 0.0005 0.0002 0.0005
0.9988 0.0005 0.0002 0.0005 0.9987 0.0005 0.0003 0.0005 0.0005 0.0004 0.0005 0.9986 0.0004 0.0007 0.9984 0.0005
0.0005 0.0003 0.0004 0.9987 0.0003 0.0006 0.9986 0.0005 0.0004 0.9987 0.0006 0.0003 0.0005 0.9987 0.0006 0.0003
0.0005 0.0004 0.0004 0.9987 0.0005 0.9987 0.0006 0.0003 0.9987 0.0006 0.0002 0.0005 0.9987 0.0006 0.0002 0.0005
0.0003 0.0007 0.9984 0.0006 0.0006 0.0004 0.0005 0.9986 0.9986 0.0006 0.0003 0.0005 0.9988 0.0005 0.0002 0.0005
0.0006 0.0004 0.0005 0.9986 0.9987 0.0005 0.0002 0.0005 0.9988 0.0005 0.0002 0.0005 0.9987 0.0005 0.0003 0.0005
0.0003 0.0007 0.9984 0.0005 0.0006 0.0004 0.0005 0.9985 0.0005 0.9987 0.0006 0.0003 0.0004 0.9987 0.0006 0.0003
0.0003 0.0007 0.9985 0.0005 0.0003 0.0007 0.9985 0.0005 0.9986 0.0006 0.0003 0.0005 0.0003 0.0006 0.9986 0.0005
0.0006 0.0004 0.0005 0.9985 0.0005 0.0004 0.0005 0.9986 0.0003 0.0006 0.9985 0.0005 0.0004 0.9987 0.0006 0.0003
0.0005 0.0004 0.0005 0.9987 0.0005 0.0004 0.0005 0.9987 0.0005 0.0003 0.0004 0.9988 0.0003 0.0007 0.9985 0.0005
0.0004 0.9987 0.0006 0.0003 0.0004 0.9987 0.0006 0.0003 0.0004 0.9988 0.0006 0.0003 0.0004 0.9988 0.0006 0.0003
0.0003 0.0007 0.9985 0.0005 0.0004 0.9988 0.0006 0.0003 0.0005 0.0004 0.0005 0.9987 0.0003 0.0007 0.9985 0.0005
0.0004 0.9987 0.0006 0.0003 0.0004 0.9986 0.0006 0.0003 0.0003 0.0007 0.9985 0.0005 0.0003 0.0007 0.9985 0.0005
0.9986 0.0006 0.0003 0.0005 0.0003 0.0006 0.9986 0.0005 0.0005 0.9986 0.0006 0.0003 0.0005 0.9986 0.0006 0.0003
0.0005 0.0004 0.0005 0.9986 0.0003 0.0007 0.9985 0.0005 0.0004 0.9987 0.0006 0.0003 0.0003 0.0006 0.9986 0.0005
0.0004 0.9988 0.0006 0.0003 0.0005 0.0004 0.0005 0.9986 0.9986 0.0006 0.0002 0.0005 0.9988 0.0005 0.0002 0.0005
0.9987 0.0005 0.0002 0.0005 0.0003 0.0007 0.9984 0.0006 0.0003 0.0007 0.9984 0.0005 0.9986 0.0006 0.0003 0.0005
0.0003 0.0006 0.9986 0.0005 0.0005 0.9986 0.0006 0.0003 0.9987 0.0006 0.0003 0.0005 0.9987 0.0006 0.0002 0.0005
0.0006 0.0004 0.0005 0.9985 0.0005 0.9986 0.0006 0.0003 0.0005 0.0003 0.0004 0.9987 0.0003 0.0007 0.9985 0.0005
0.0005 0.0003 0.0004 0.9988 0.0004 0.9987 0.0006 0.0003 0.0004 0.9987 0.0006 0.0003 0.0005 0.9987 0.0006 0.0003
0.0004 0.9988 0.0006 0.0003 0.0004 0.9988 0.0006 0.0003 0.0005 0.0004 0.0005 0.9987 0.0004 0.9988 0.0006 0.0003
0.9987 0.0006 0.0002 0.0005 0.0003 0.0007 0.9985 0.0005 0.9987 0.0005 0.0002 0.0005 0.0003 0.0006 0.9986 0.0005
0.0006 0.0004 0.0005 0.9985 0.0003 0.0006 0.9986 0.0005 0.9988 0.0005 0.0002 0.0005 0.9987 0.0006 0.0003 0.0005
0.9987 0.0005 0.0002 0.0005 0.9988 0.0005 0.0002 0.0005 0.0006 0.0004 0.0005 0.9985 0.0004 0.0007 0.9984 0.0005
0.0003 0.0006 0.9986 0.0005 0.0003 0.0006 0.9986 0.0005 0.0004 0.9987 0.0006 0.0003 0.0003 0.0006 0.9986 0.0005
0.0005 0.9987 0.0006 0.0003 0.0005 0.9987 0.0006 0.0003 0.0003 0.0007 0.9985 0.0005 0.0006 0.0004 0.0005 0.9986
0.9986 0.0006 0.0003 0.0005 0.0005 0.0003 0.0004 0.9988 0.9988 0.0005 0.0002 0.0005 0.9987 0.0005 0.0002 0.0005
0.9987 0.0005 0.0002 0.0005 0.0005 0.0004 0.0005 0.9986 0.0003 0.0007 0.9984 0.0005 0.9988 0.0005 0.0002 0.0005
0.9987 0.0006 0.0003 0.0005 0.0005 0.9986 0.0006 0.0003 0.0005 0.9986 0.0006 0.0003 0.9987 0.0006 0.0002 0.0005
0.9987 0.0005 0.0002 0.0005 0.0003 0.0007 0.9984 0.0005 0.9987 0.0005 0.0002 0.0005 0.0005 0.9986 0.0006 0.0003
0.9987 0.0005 0.0003 0.0005 0.0003 0.0007 0.9985 0.0005 0.0005 0.9986 0.0006 0.0003 0.9986 0.0006 0.0003 0.0005
0.0003 0.0006 0.9985 0.0005 0.0005 0.9986 0.0006 0.0003 0.0005 0.9987 0.0006 0.0003 0.0004 0.9987 0.0006 0.0003
0.0005 0.9987 0.0006 0.0003 0.0004 0.9988 0.0006 0.0003 0.0005 0.0004 0.0005 0.9986 0.0005 0.0004 0.0005 0.9986
0.0003 0.0006 0.9985 0.0005 0.0005 0.0003 0.0004 0.9988 0.0004 0.9987 0.0006 0.0003 0.0004 0.9987 0.0006 0.0003
0.9987 0.0006 0.0002 0.0005 0.9986 0.0006 0.0002 0.0005 0.0006 0.0004 0.0005 0.9986 0.0005 0.0004 0.0005 0.9986
0.0003 0.0006 0.9985 0.0005 0.0003 0.0006 0.9985 0.0005 0.0003 0.0006 0.9986 0.0005 0.0005 0.0004 0.0005 0.9987
0.0005 0.0004 0.0005 0.9986 0.0003 0.0007 0.9985 0.0005 0.0005 0.0003 0.0004 0.9988 0.0003 0.0006 0.9986 0.0005
0.0004 0.9987 0.0006 0.0003 0.0005 0.9987 0.0006 0.0003 0.0005 0.0004 0.0004 0.9987 0.0005 0.0004 0.0005 0.9986
0.9987 0.0006 0.0002 0.0005 0.0005 0.0003 0.0004 0.9988 0.0005 0.9986 0.0006 0.0003 0.9987 0.0006 0.0002 0.0005
0.0004 0.9988 0.0006 0.0003 0.0003 0.0007 0.9984 0.0006 0.0003 0.0007 0.9985 0.0005 0.0004 0.9987 0.0006 0.0003
0.0003 0.0006 0.9986 0.0005 0.9987 0.0006 0.0002 0.0005 0.0005 0.0004 0.0005 0.9986 0.0006 0.0004 0.0005 0.9986
0.0004 0.9987 0.0006 0.0003 0.0004 0.9987 0.0006 0.0003 0.0004 0.9988 0.0006 0.0003 0.0003 0.0007 0.9985 0.0005
0.9986 0.0006 0.0002 0.0005 0.0003 0.0006 0.9986 0.0005 0.0005 0.9986 0.0006 0.0003 0.9987 0.0006 0.0003 0.0005
0.0004 0.9987 0.0006 0.0003 0.0005 0.9986 0.0006 0.0003 0.0003 0.0007 0.9985 0.0005 0.0004 0.9987 0.0006 0.0003
0.9986 0.0006 0.0003 0.0005 0.9986 0.0006 0.0002 0.0005 0.0005 0.9986 0.0006 0.0003 0.0005 0.9986 0.0006 0.0003
0.0005 0.0004 0.0005 0.9986 0.0004 0.9987 0.0006 0.0003 0.0004 0.9987 0.0006 0.0003 0.0004 0.9988 0.0006 0.0003
0.0004 0.9988 0.0006 0.0003 0.0003 0.0007 0.9985 0.0005 0.0003 0.0007 0.9985 0.0005 0.0003 0.0006 0.9986 0.0005
0.0005 0.0004 0.0005 0.9987 0.0003 0.0006 0.9986 0.0005 0.0005 0.0003 0.0004 0.9988 0.0005 0.0004 0.0005 0.9986
0.0005 0.0003 0.0004 0.9988 0.0004 0.9987 0.0006 0.0003 0.0004 0.0003 0.0004 0.9988 0.0003 0.0007 0.9985 0.0005
0.0004 0.9987 0.0006 0.0003 0.0003 0.0006 0.9986 0.0005 0.0004 0.9988 0.0006 0.0003 0.0005 0.9986 0.0006 0.0003
0.0004 0.9988 0.0006 0.0003 0.0004 0.9988 0.0006 0.0002 0.9986 0.0006 0.0003 0.0005 0.0003 0.0007 0.9985 0.0005
0.0005 0.9986 0.0006 0.0003 0.0005 0.0004 0.0005 0.9987 0.0004 0.9987 0.0006 0.0003 0.0004 0.9987 0.0006 0.0003
0.9986 0.0006 0.0002 0.0005 0.0003 0.0007 0.9985 0.0005 0.0003 0.0007 0.9984 0.0005 0.0004 0.9987 0.0006 0.0003
0.0005 0.9986 0.0006 0.0003 0.0004 0.9987 0.0006 0.0003 0.0004 0.9987 0.0006 0.0003 0.0004 0.9988 0.0006 0.0003
0.0003 0.0007 0.9985 0.0005 0.0004 0.9988 0.0006 0.0003 0.0004 0.9987 0.0006 0.0003 0.0004 0.9988 0.0006 0.0003
0.0004 0.9987 0.0006 0.0003 0.0004 0.9988 0.0006 0.0003 0.0003 0.0007 0.9985 0.0005 0.0003 0.0007 0.9985 0.0005
0.0005 0.0004 0.0005 0.9986 0.0003 0.0006 0.9986 0.0005 0.0003 0.0007 0.9985 0.0005 0.0003 0.0006 0.9986 0.0005
0.0004 0.9987 0.0006 0.0003 0.0003 0.0006 0.9986 0.0005 0.0004 0.9988 0.0006 0.0003 0.0005 0.9986 0.0006 0.0003
0.0003 0.0007 0.9985 0.0005 0.0006 0.0004 0.0005 0.9986 0.0004 0.9987 0.0006 0.0003 0.0005 0.0003 0.0004 0.9988
0.0006 0.0004 0.0005 0.9986 0.0003 0.0006 0.9985 0.0005 0.0003 0.0007 0.9985 0.0005 0.9986 0.0006 0.0003 0.0006
0.0004 0.9987 0.0006 0.0003 0.0005 0.9986 0.0006 0.0003 0.0003 0.0007 0.9985 0.0005 0.0005 0.0004 0.0005 0.9987
0.9986 0.0006 0.0003 0.0005 0.0005 0.0003 0.0004 0.9988 0.9988 0.0005 0.0002 0.0005 0.0005 0.0003 0.0004 0.9988
0.9987 0.0005 0.0002 0.0005 0.0004 0.9987 0.0006 0.0003 0.0005 0.9986 0.0006 0.0003 0.0003 0.0007 0.9985 0.0005
0.0003 0.0007 0.9985 0.0005 0.9986 0.0006 0.0003 0.0005 0.9986 0.0006 0.0003 0.0005 0.0006 0.0004 0.0005 0.9986
0.0006 0.0004 0.0005 0.9985 0.0005 0.0003 0.0004 0.9988 0.9988 0.0005 0.0002 0.0005 0.0003 0.0006 0.9985 0.0005
0.9987 0.0005 0.0002 0.0005 0.9986 0.0006 0.0003 0.0005 0.0003 0.0007 0.9984 0.0005 0.0005 0.0004 0.0005 0.9986
0.9987 0.0006 0.0003 0.0005 0.0004 0.9987 0.0006 0.0003 0.0003 0.0007 0.9984 0.0005 0.0005 0.0004 0.0005 0.9987
0.9987 0.0005 0.0003 0.0005 0.9987 0.0005 0.0002 0.0005 0.9988 0.0005 0.0002 0.0005 0.9987 0.0005 0.0002 0.0005
0.0005 0.9986 0.0006 0.0003 0.0005 0.9986 0.0006 0.0003 0.0004 0.9987 0.0006 0.0003 0.9987 0.0006 0.0002 0.0005
0.9987 0.0006 0.0002 0.0005 0.9987 0.0005 0.0002 0.0005 0.0005 0.9986 0.0006 0.0003 0.9987 0.0005 0.0003 0.0005
0.0004 0.9987 0.0006 0.0003 0.9987 0.0005 0.0003 0.0005 0.0005 0.0004 0.0005 0.9986 0.0003 0.0007 0.9984 0.0005
0.0003 0.0007 0.9985 0.0005 0.0003 0.0006 0.9986 0.0005 0.9986 0.0006 0.0003 0.0005 0.0006 0.0004 0.0005 0.9986
0.0005 0.9986 0.0006 0.0003 0.9988 0.0005 0.0002 0.0005 0.0004 0.9987 0.0006 0.0003 0.0005 0.9986 0.0006 0.0003
0.0003 0.0007 0.9985 0.0005 0.9987 0.0006 0.0002 0.0005 0.0004 0.9986 0.0006 0.0003 0.0006 0.0004 0.0005 0.9986
0.0006 0.0004 0.0005 0.9986 0.9988 0.0005 0.0002 0.0005 0.0005 0.0003 0.0004 0.9988 0.0005 0.9986 0.0006 0.0003
0.0004 0.9987 0.0006 0.0003 0.0004 0.9987 0.0006 0.0003 0.0005 0.0004 0.0004 0.9987 0.9986 0.0006 0.0002 0.0005
0.0004 0.0003 0.0004 0.9988 0.0003 0.0007 0.9984 0.0005 0.0004 0.9987 0.0006 0.0003 0.0005 0.9986 0.0006 0.0003
0.0005 0.0004 0.0004 0.9987 0.0003 0.0007 0.9985 0.0005 0.0004 0.9987 0.0006 0.0003 0.0004 0.9987 0.0006 0.0003
0.0003 0.0007 0.9985 0.0005 0.0006 0.0004 0.0005 0.9986 0.0003 0.0006 0.9986 0.0005 0.0005 0.0003 0.0004 0.9988
0.0003 0.0006 0.9986 0.0005 0.0004 0.9987 0.0006 0.0003 0.0005 0.0004 0.0005 0.9986 0.0003 0.0007 0.9985 0.0005
0.0004 0.9987 0.0006 0.0003 0.0004 0.9987 0.0006 0.0003 0.0004 0.9988 0.0006 0.0003 0.0005 0.0004 0.0005 0.9986
0.0003 0.0007 0.9985 0.0005 0.0004 0.9987 0.0006 0.0003 0.0003 0.0006 0.9986 0.0005 0.0005 0.0004 0.0005 0.9987
0.9987 0.0006 0.0003 0.0005 0.9987 0.0006 0.0002 0.0005 0.0006 0.0004 0.0005 0.9985 0.0003 0.0007 0.9984 0.0006
0.0004 0.9987 0.0006 0.0003 0.0003 0.0006 0.9986 0.0005 0.9986 0.0006 0.0002 0.0005 0.9987 0.0006 0.0003 0.0005
0.0005 0.9986 0.0006 0.0003 0.0005 0.9986 0.0006 0.0003 0.9987 0.0006 0.0002 0.0005 0.9987 0.0006 0.0002 0.0005
0.9987 0.0005 0.0002 0.0005 0.9987 0.0005 0.0002 0.0005 0.0004 0.0007 0.9984 0.0005 0.0004 0.0007 0.9984 0.0005
0.0003 0.0006 0.9986 0.0005 0.0005 0.0004 0.0005 0.9986 0.0005 0.9987 0.0006 0.0003 0.0004 0.9987 0.0006 0.0003
0.9987 0.0006 0.0002 0.0005 0.9986 0.0006 0.0002 0.0005 0.0003 0.0007 0.9984 0.0005 0.0005 0.9986 0.0006 0.0003
0.0005 0.9986 0.0006 0.0003 0.0005 0.0004 0.0005 0.9986 0.9987 0.0006 0.0002 0.0005 0.0005 0.0003 0.0004 0.9988
0.0003 0.0007 0.9984 0.0005 0.0004 0.9987 0.0006 0.0003 0.0005 0.0004 0.0005 0.9986 0.0003 0.0007 0.9985 0.0005
0.0005 0.0003 0.0004 0.9987 0.0003 0.0006 0.9986 0.0005 0.0004 0.9987 0.0006 0.0003 0.0003 0.0006 0.9986 0.0005
0.0003 0.0007 0.9985 0.0005 0.0003 0.0006 0.9986 0.0005 0.0003 0.0006 0.9986 0.0005 0.0005 0.0004 0.0005 0.9986
0.0005 0.0004 0.0005 0.9986 0.0004 0.9987 0.0006 0.0003 0.9988 0.0005 0.0002 0.0005 0.0003 0.0007 0.9985 0.0005
0.0005 0.9986 0.0006 0.0003 0.0005 0.0004 0.0005 0.9987 0.0004 0.9987 0.0006 0.0003 0.0004 0.9987 0.0006 0.0003
0.0004 0.9988 0.0006 0.0003 0.0004 0.9988 0.0006 0.0003 0.0005 0.0004 0.0005 0.9986 0.0005 0.0004 0.0005 0.9986
0.0004 0.9987 0.0006 0.0003 0.0004 0.9987 0.0006 0.0003 0.0004 0.9988 0.0006 0.0003 0.0004 0.9988 0.0006 0.0003
0.9986 0.0006 0.0002 0.0005 0.9986 0.0006 0.0002 0.0005 0.0003 0.0007 0.9984 0.0005 0.0006 0.0004 0.0005 0.9986
0.0003 0.0006 0.9986 0.0005 0.0003 0.0006 0.9985 0.0005 0.0005 0.9986 0.0006 0.0003 0.9986 0.0006 0.0003 0.0005
0.0003 0.0007 0.9985 0.0005 0.0006 0.0004 0.0005 0.9986 0.0003 0.0006 0.9986 0.0005 0.0005 0.0003 0.0004 0.9988
0.0005 0.0004 0.0005 0.9986 0.0005 0.0003 0.0004 0.9988 0.9988 0.0005 0.0002 0.0005 0.0004 0.0003 0.0004 0.9988
0.0005 0.0004 0.0005 0.9986 0.0003 0.0006 0.9985 0.0005 0.0003 0.0006 0.9985 0.0005 0.0005 0.0004 0.0004 0.9987
0.0004 0.9987 0.0006 0.0003 0.0005 0.0003 0.0004 0.9988 0.0005 0.0004 0.0005 0.9986 0.9987 0.0006 0.0002 0.0005
0.0005 0.0003 0.0004 0.9988 0.0005 0.9986 0.0006 0.0003 0.0005 0.0003 0.0004 0.9988 0.0003 0.0007 0.9985 0.0005
0.0004 0.0003 0.0004 0.9988 0.9986 0.0006 0.0003 0.0005 0.0004 0.9987 0.0006 0.0003 0.0005 0.9986 0.0006 0.0003
0.9986 0.0006 0.0002 0.0006 0.9987 0.0006 0.0002 0.0005 0.0005 0.9986 0.0006 0.0003 0.0005 0.9986 0.0006 0.0003
0.0003 0.0007 0.9985 0.0005 0.0003 0.0007 0.9985 0.0005 0.0003 0.0006 0.9986 0.0005 0.9986 0.0006 0.0003 0.0005
0.0005 0.0004 0.0005 0.9986 0.0005 0.9986 0.0006 0.0003 0.0005 0.0003 0.0004 0.9988 0.0005 0.0004 0.0005 0.9986
0.0003 0.0006 0.9985 0.0005 0.0005 0.0003 0.0004 0.9988 0.0003 0.0006 0.9986 0.0005 0.0005 0.0003 0.0004 0.9988
0.0005 0.9987 0.0006 0.0003 0.0004 0.9987 0.0006 0.0003 0.0003 0.0007 0.9985 0.0005 0.0005 0.0004 0.0004 0.9987
0.9986 0.0006 0.0003 0.0005 0.9987 0.0006 0.0002 0.0005 0.0005 0.9986 0.0006 0.0003 0.0005 0.9986 0.0006 0.0003
0.0005 0.0004 0.0005 0.9986 0.0004 0.9988 0.0006 0.0003 0.0004 0.9987 0.0006 0.0003 0.0004 0.9988 0.0006 0.0003
0.0005 0.0004 0.0005 0.9987 0.0005 0.0004 0.0005 0.9986 0.0003 0.0007 0.9985 0.0005 0.0004 0.9987 0.0006 0.0003
0.0005 0.0004 0.0005 0.9987 0.9986 0.0006 0.0002 0.0005 0.9988 0.0005 0.0002 0.0005 0.9987 0.0005 0.0002 0.0005
0.9987 0.0005 0.0002 0.0005 0.0005 0.9986 0.0006 0.0003 0.0006 0.0004 0.0005 0.9986 0.0003 0.0007 0.9985 0.0005
0.0005 0.0003 0.0004 0.9987 0.0003 0.0006 0.9986 0.0005 0.0005 0.0003 0.0004 0.9988 0.9987 0.0006 0.0003 0.0005
0.0005 0.0003 0.0004 0.9988 0.0004 0.0007 0.9984 0.0005 0.0004 0.9987 0.0006 0.0003 0.0005 0.9987 0.0006 0.0003
0.9986 0.0006 0.0002 0.0006 0.0004 0.9987 0.0006 0.0003 0.0005 0.0004 0.0005 0.9986 0.0004 0.9988 0.0006 0.0003
0.0004 0.9987 0.0006 0.0003 0.0003 0.0007 0.9985 0.0005 0.0003 0.0007 0.9985 0.0005 0.0005 0.0004 0.0005 0.9986
0.0005 0.0004 0.0005 0.9987 0.9988 0.0005 0.0002 0.0005 0.0003 0.0006 0.9985 0.0005 0.0006 0.0004 0.0005 0.9986
0.0005 0.0004 0.0005 0.9987 0.0004 0.9987 0.0006 0.0003 0.9988 0.0005 0.0002 0.0005 0.9986 0.0006 0.0002 0.0005
0.0003 0.0007 0.9984 0.0006 0.0005 0.0004 0.0005 0.9986 0.0005 0.9987 0.0006 0.0003 0.0003 0.0006 0.9986 0.0005
0.0005 0.0004 0.0005 0.9986 0.0003 0.0006 0.9986 0.0005 0.0005 0.0003 0.0004 0.9988 0.9987 0.0006 0.0003 0.0005
0.0004 0.9987 0.0006 0.0003 0.0006 0.0004 0.0005 0.9986 0.0003 0.0007 0.9985 0.0005 0.0005 0.0003 0.0004 0.9987
0.0005 0.0004 0.0005 0.9987 0.0004 0.9987 0.0006 0.0003 0.9988 0.0005 0.0002 0.0005 0.9986 0.0006 0.0002 0.0005
0.9987 0.0005 0.0002 0.0005 0.9987 0.0005 0.0002 0.0005 0.0003 0.0007 0.9984 0.0005 0.0003 0.0007 0.9984 0.0005
0.9987 0.0006 0.0003 0.0005 0.9987 0.0006 0.0003 0.0005 0.9988 0.0005 0.0002 0.0005 0.0005 0.9986 0.0006 0.0003
0.0004 0.0007 0.9984 0.0005 0.0003 0.0007 0.9985 0.0005 0.0003 0.0006 0.9986 0.0005 0.0003 0.0006 0.9986 0.0005
0.0005 0.0004 0.0005 0.9986 0.0003 0.0006 0.9986 0.0005 0.0003 0.0007 0.9985 0.0005 0.0005 0.0004 0.0005 0.9986
0.9986 0.0006 0.0003 0.0005 0.9988 0.0005 0.0002 0.0005 0.0005 0.9986 0.0006 0.0003 0.0003 0.0007 0.9984 0.0006
0.9987 0.0006 0.0002 0.0005 0.9987 0.0006 0.0003 0.0005 0.0003 0.0007 0.9984 0.0005 0.0006 0.0004 0.0005 0.9986
0.9987 0.0006 0.0003 0.0005 0.9988 0.0005 0.0002 0.0005 0.9988 0.0005 0.0002 0.0005 0.9987 0.0005 0.0002 0.0005
0.0004 0.0007 0.9984 0.0005 0.0003 0.0007 0.9984 0.0005 0.0005 0.9987 0.0006 0.0003 0.0005 0.9987 0.0006 0.0003
0.9987 0.0005 0.0002 0.0005 0.0005 0.9987 0.0006 0.0003 0.0005 0.9986 0.0006 0.0003 0.9987 0.0006 0.0002 0.0005
0.0004 0.9987 0.0006 0.0003 0.0003 0.0007 0.9984 0.0005 0.0003 0.0007 0.9985 0.0005 0.0005 0.0004 0.0005 0.9986
0.0005 0.9986 0.0006 0.0003 0.0004 0.9987 0.0006 0.0003 0.0004 0.9987 0.0006 0.0003 0.0005 0.0004 0.0005 0.9987
0.9986 0.0006 0.0002 0.0005 0.0005 0.0003 0.0004 0.9988 0.0006 0.0004 0.0005 0.9985 0.0004 0.0003 0.0004 0.9988
0.0005 0.0003 0.0004 0.9987 0.9987 0.0006 0.0002 0.0005 0.9987 0.0006 0.0002 0.0005 0.9987 0.0005 0.0002 0.0005
0.9987 0.0005 0.0002 0.0005 0.9987 0.0005 0.0003 0.0005 0.9987 0.0005 0.0003 0.0005 0.9987 0.0005 0.0003 0.0005
0.0003 0.0007 0.9984 0.0005 0.0005 0.9986 0.0006 0.0003 0.9987 0.0006 0.0003 0.0005 0.0004 0.9987 0.0006 0.0003
0.0005 0.9986 0.0006 0.0003 0.0004 0.9987 0.0006 0.0003 0.0005 0.0004 0.0005 0.9986 0.0003 0.0007 0.9985 0.0005
0.0003 0.0006 0.9985 0.0005 0.0005 0.0004 0.0005 0.9986 0.0005 0.0004 0.0005 0.9987 0.0003 0.0007 0.9985 0.0005
0.9988 0.0005 0.0002 0.0005 0.9986 0.0006 0.0003 0.0005 0.9987 0.0005 0.0002 0.0005 0.0003 0.0007 0.9984 0.0005
0.0005 0.9986 0.0006 0.0003 0.0005 0.9987 0.0006 0.0003 0.9987 0.0006 0.0002 0.0005 0.9987 0.0006 0.0002 0.0005
0.0003 0.0007 0.9984 0.0005 0.0006 0.0004 0.0005 0.9986 0.0003 0.0006 0.9986 0.0005 0.0005 0.0003 0.0004 0.9987
0.9987 0.0006 0.0003 0.0005 0.0005 0.0003 0.0004 0.9988 0.9988 0.0005 0.0002 0.0005 0.9987 0.0006 0.0002 0.0005
0.0006 0.0004 0.0005 0.9985 0.0003 0.0007 0.9984 0.0006 0.0005 0.0003 0.0004 0.9987 0.0004 0.9987 0.0006 0.0003
0.0003 0.0006 0.9986 0.0005 0.0004 0.9987 0.0006 0.0003 0.0004 0.9987 0.0006 0.0003 0.0004 0.9988 0.0006 0.0003
0.9987 0.0006 0.0002 0.0005 0.9986 0.0006 0.0002 0.0005 0.9987 0.0005 0.0002 0.0005 0.0006 0.0004 0.0005 0.9985
0.0006 0.0004 0.0005 0.9985 0.0004 0.9987 0.0006 0.0003 0.0003 0.0006 0.9986 0.0005 0.9986 0.0006 0.0002 0.0005
0.0003 0.0006 0.9986 0.0005 0.0005 0.0004 0.0005 0.9986 0.0003 0.0006 0.9986 0.0005 0.0005 0.0003 0.0004 0.9987
0.9987 0.0006 0.0003 0.0005 0.0004 0.9987 0.0006 0.0003 0.0004 0.0007 0.9984 0.0005 0.0004 0.9988 0.0006 0.0003
0.9987 0.0006 0.0003 0.0005 0.0004 0.9988 0.0006 0.0003 0.0005 0.9986 0.0006 0.0003 0.0004 0.9988 0.0006 0.0003
0.9987 0.0005 0.0002 0.0005 0.0005 0.0004 0.0005 0.9986 0.0003 0.0007 0.9984 0.0005 0.0005 0.0003 0.0004 0.9988
0.0003 0.0006 0.9986 0.0005 0.0003 0.0006 0.9985 0.0005 0.0005 0.9986 0.0006 0.0003 0.0004 0.9987 0.0006 0.0003
0.0006 0.0004 0.0005 0.9986 0.0003 0.0007 0.9985 0.0005 0.0005 0.0003 0.0004 0.9988 0.9986 0.0006 0.0003 0.0005
0.0003 0.0006 0.9985 0.0005 0.9988 0.0005 0.0002 0.0005 0.0003 0.0006 0.9986 0.0005 0.0004 0.0007 0.9984 0.0005
0.0005 0.9987 0.0006 0.0003 0.0005 0.0004 0.0005 0.9986 0.0005 0.0004 0.0005 0.9986 0.0005 0.0003 0.0004 0.9987
0.0003 0.0007 0.9985 0.0005 0.0005 0.0003 0.0004 0.9988 0.0004 0.9987 0.0006 0.0003 0.0004 0.0003 0.0004 0.9988
0.0003 0.0007 0.9985 0.0005 0.0004 0.9987 0.0006 0.0003 0.0005 0.0004 0.0005 0.9987 0.0005 0.0004 0.0004 0.9987
0.0004 0.9987 0.0006 0.0003 0.0004 0.9987 0.0006 0.0003 0.0003 0.0007 0.9985 0.0005 0.0005 0.0004 0.0005 0.9987
0.0004 0.9987 0.0006 0.0003 0.0004 0.9987 0.0006 0.0003 0.0004 0.9987 0.0006 0.0003 0.9986 0.0006 0.0002 0.0005
0.0005 0.0004 0.0005 0.9986 0.9987 0.0005 0.0002 0.0005 0.0003 0.0007 0.9985 0.0005 0.0006 0.0004 0.0005 0.9985
0.0003 0.0006 0.9986 0.0005 0.9988 0.0005 0.0002 0.0005 0.0003 0.0006 0.9986 0.0005 0.9987 0.0005 0.0002 0.0005
0.0005 0.0004 0.0005 0.9986 0.0003 0.0007 0.9984 0.0005 0.0003 0.0007 0.9985 0.0005 0.0005 0.0004 0.0005 0.9987
0.9986 0.0006 0.0003 0.0005 0.0004 0.9987 0.0006 0.0003 0.0003 0.0007 0.9984 0.0005 0.0003 0.0007 0.9985 0.0005
0.0003 0.0006 0.9986 0.0005 0.9986 0.0006 0.0003 0.0005 0.0005 0.0004 0.0005 0.9986 0.0006 0.0004 0.0005 0.9986
0.0005 0.0003 0.0004 0.9987 0.0004 0.9987 0.0006 0.0003 0.0004 0.9987 0.0006 0.0003 0.0004 0.9988 0.0006 0.0003
0.9986 0.0006 0.0002 0.0005 0.0004 0.9988 0.0006 0.0003 0.0005 0.0004 0.0005 0.9986 0.9986 0.0006 0.0002 0.0005
0.0004 0.9987 0.0006 0.0003 0.0006 0.0004 0.0005 0.9985 0.0003 0.0007 0.9985 0.0005 0.0005 0.0003 0.0004 0.9987
0.0004 0.9987 0.0006 0.0003 0.9987 0.0006 0.0002 0.0005 0.9987 0.0006 0.0002 0.0005 0.9987 0.0005 0.0002 0.0005
0.9987 0.0005 0.0002 0.0005 0.9987 0.0005 0.0003 0.0005 0.0004 0.0007 0.9984 0.0005 0.0006 0.0004 0.0005 0.9985
0.0003 0.0006 0.9986 0.0005 0.0004 0.9987 0.0006 0.0003 0.0005 0.9986 0.0006 0.0003 0.0004 0.9988 0.0006 0.0003
0.0006 0.0004 0.0005 0.9986 0.9987 0.0006 0.0002 0.0005 0.0005 0.0003 0.0004 0.9988 0.0003 0.0007 0.9984 0.0005
0.0004 0.9987 0.0006 0.0003 0.0005 0.9986 0.0006 0.0003 0.0004 0.9988 0.0006 0.0003 0.0003 0.0007 0.9985 0.0005
0.0004 0.9988 0.0006 0.0003 0.0003 0.0006 0.9986 0.0005 0.0003 0.0007 0.9985 0.0005 0.0005 0.0004 0.0005 0.9986
0.0004 0.9986 0.0006 0.0003 0.0004 0.9987 0.0006 0.0003 0.9987 0.0006 0.0002 0.0005 0.9986 0.0006 0.0002 0.0005
0.9987 0.0005 0.0002 0.0005 0.9987 0.0005 0.0002 0.0005 0.0005 0.9985 0.0007 0.0003 0.0005 0.9986 0.0006 0.0003
0.0005 0.0004 0.0005 0.9986 0.0004 0.9987 0.0006 0.0003 0.0005 0.0003 0.0004 0.9988 0.0003 0.0007 0.9985 0.0005
0.0003 0.0006 0.9985 0.0005 0.0004 0.9986 0.0006 0.0003 0.9986 0.0006 0.0003 0.0005 0.0006 0.0004 0.0005 0.9986
0.0003 0.0007 0.9984 0.0005 0.0004 0.9987 0.0006 0.0003 0.0005 0.9987 0.0006 0.0003 0.0004 0.9988 0.0006 0.0003
0.0005 0.0004 0.0005 0.9986 0.0003 0.0007 0.9985 0.0005 0.0004 0.9987 0.0006 0.0003 0.0003 0.0006 0.9986 0.0005
0.0004 0.9988 0.0006 0.0003 0.0005 0.9986 0.0006 0.0003 0.9986 0.0006 0.0002 0.0005 0.9987 0.0006 0.0002 0.0005
0.9987 0.0005 0.0002 0.0005 0.9987 0.0005 0.0002 0.0005 0.0006 0.0004 0.0005 0.9985 0.0004 0.0007 0.9984 0.0005
0.9988 0.0005 0.0002 0.0005 0.0005 0.0004 0.0005 0.9986 0.0003 0.0007 0.9984 0.0005 0.9988 0.0005 0.0002 0.0005
0.0005 0.9987 0.0006 0.0003 0.9987 0.0005 0.0002 0.0005 0.0005 0.0004 0.0005 0.9986 0.9987 0.0005 0.0003 0.0005
0.0004 0.9987 0.0006 0.0003 0.0005 0.9986 0.0006 0.0003 0.9986 0.0006 0.0002 0.0005 0.9987 0.0005 0.0002 0.0005
0.9987 0.0005 0.0002 0.0005 0.9987 0.0005 0.0002 0.0005 0.0003 0.0007 0.9984 0.0005 0.0006 0.0004 0.0005 0.9985
0.0005 0.0004 0.0005 0.9986 0.0005 0.0003 0.0004 0.9987 0.9988 0.0005 0.0002 0.0005 0.9987 0.0005 0.0002 0.0005
0.0003 0.0007 0.9984 0.0006 0.0003 0.0007 0.9984 0.0006 0.0005 0.0004 0.0005 0.9987 0.0003 0.0006 0.9986 0.0005
0.0005 0.0003 0.0004 0.9987 0.0003 0.0006 0.9986 0.0005 0.0003 0.0006 0.9985 0.0005 0.0003 0.0006 0.9986 0.0005
0.9986 0.0006 0.0003 0.0005 0.9987 0.0006 0.0003 0.0005 0.0005 0.9986 0.0006 0.0003 0.9988 0.0005 0.0002 0.0005
0.0004 0.9987 0.0006 0.0003 0.0005 0.9986 0.0006 0.0003 0.0005 0.0004 0.0005 0.9986 0.0005 0.0004 0.0005 0.9986
0.0003 0.0006 0.9985 0.0005 0.0005 0.0003 0.0004 0.9988 0.9986 0.0006 0.0003 0.0005 0.0004 0.9987 0.0006 0.0003
0.9988 0.0005 0.0002 0.0005 0.9986 0.0006 0.0002 0.0005 0.0005 0.9986 0.0006 0.0003 0.0005 0.9986 0.0006 0.0003
0.0005 0.0004 0.0005 0.9986 0.9987 0.0006 0.0002 0.0005 0.0003 0.0006 0.9985 0.0005 0.0003 0.0007 0.9984 0.0005
0.0003 0.0006 0.9986 0.0005 0.0005 0.0004 0.0005 0.9986 0.0005 0.0004 0.0005 0.9986 0.0003 0.0007 0.9985 0.0005
0.9988 0.0005 0.0002 0.0005 0.9986 0.0006 0.0003 0.0005 0.0003 0.0007 0.9984 0.0006 0.0005 0.9986 0.0006 0.0003
0.9987 0.0006 0.0003 0.0005 0.9987 0.0006 0.0002 0.0005 0.0006 0.0004 0.0005 0.9986 0.0003 0.0007 0.9984 0.0005
0.0005 0.0003 0.0004 0.9987 0.0005 0.0004 0.0005 0.9986 0.0003 0.0006 0.9986 0.0005 0.0005 0.0003 0.0004 0.9987
0.0004 0.9987 0.0006 0.0003 0.0003 0.0006 0.9985 0.0005 0.9987 0.0006 0.0002 0.0005 0.9986 0.0006 0.0003 0.0005
0.0005 0.0004 0.0005 0.9986 0.9987 0.0005 0.0002 0.0005 0.0003 0.0006 0.9986 0.0005 0.9987 0.0005 0.0002 0.0005
0.0003 0.0006 0.9986 0.0005 0.0006 0.0004 0.0005 0.9985 0.0003 0.0006 0.9986 0.0005 0.0003 0.0006 0.9986 0.0005
0.0005 0.0004 0.0005 0.9986 0.0003 0.0006 0.9986 0.0005 0.0004 0.9987 0.0006 0.0003 0.0005 0.9987 0.0006 0.0003
0.0005 0.0004 0.0005 0.9987 0.0003 0.0007 0.9985 0.0005 0.0003 0.0007 0.9985 0.0005 0.0005 0.0004 0.0005 0.9987
0.0004 0.9987 0.0006 0.0003 0.9988 0.0005 0.0002 0.0005 0.9987 0.0006 0.0002 0.0005 0.0003 0.0007 0.9984 0.0006
0.0006 0.0004 0.0005 0.9986 0.0003 0.0006 0.9986 0.0005 0.9988 0.0005 0.0002 0.0005 0.0005 0.0004 0.0005 0.9986
0.0005 0.9986 0.0006 0.0003 0.0003 0.0007 0.9985 0.0005 0.9987 0.0006 0.0002 0.0005 0.0003 0.0006 0.9986 0.0005
0.0005 0.9986 0.0006 0.0003 0.0005 0.9987 0.0006 0.0003 0.0005 0.0004 0.0005 0.9986 0.0005 0.0004 0.0005 0.9986
0.0004 0.9987 0.0006 0.0003 0.0004 0.9987 0.0006 0.0003 0.0003 0.0007 0.9985 0.0005 0.0004 0.9988 0.0006 0.0003
0.9986 0.0006 0.0003 0.0005 0.9986 0.0006 0.0002 0.0005 0.9988 0.0005 0.0002 0.0005 0.9987 0.0005 0.0002 0.0005
0.0004 0.0007 0.9984 0.0005 0.9987 0.0005 0.0003 0.0005 0.0005 0.0004 0.0005 0.9986 0.0004 0.0007 0.9984 0.0005
0.0003 0.0007 0.9985 0.0005 0.0005 0.0004 0.0005 0.9986 0.9986 0.0006 0.0003 0.0005 0.0003 0.0007 0.9985 0.0005
0.9988 0.0005 0.0002 0.0005 0.0003 0.0006 0.9986 0.0005 0.9987 0.0005 0.0002 0.0005 0.9987 0.0006 0.0003 0.0005
0.0003 0.0007 0.9984 0.0005 0.0005 0.9986 0.0006 0.0003 0.0005 0.0004 0.0005 0.9986 0.0004 0.9987 0.0006 0.0003
