0.1124 0.0984 0.6685 0.1207 0.1376 0.0726 0.0909 0.6989 0.0521 0.0224 0.2380 0.6875 0.0140 0.0042 0.0059 0.9759
0.8800 0.0047 0.0112 0.1041 0.7856 0.0037 0.0028 0.2079 0.0313 0.0028 0.9539 0.0120 0.0702 0.9075 0.0042 0.0180
0.9964 0.0006 0.0017 0.0013 0.0005 0.9988 0.0004 0.0003 0.9994 0.0002 0.0001 0.0003 0.9967 0.0023 0.0003 0.0007
0.0007 0.0002 0.0003 0.9989 0.0005 0.9989 0.0004 0.0003 0.0002 0.9991 0.0003 0.0004 0.0002 0.0003 0.0002 0.9993
0.0002 0.0002 0.0002 0.9994 0.0001 0.0003 0.9992 0.0004 0.0002 0.9994 0.0002 0.0002 0.0001 0.9994 0.0003 0.0001
0.0001 0.9996 0.0002 0.0001 0.9993 0.0003 0.0001 0.0002 0.9994 0.0003 0.0001 0.0002 0.0002 0.9995 0.0002 0.0001
0.0002 0.9995 0.0002 0.0001 0.0001 0.9996 0.0002 0.0001 0.0001 0.9996 0.0002 0.0001 0.0001 0.9996 0.0002 0.0001
0.0001 0.0003 0.9994 0.0002 0.9995 0.0003 0.0001 0.0002 0.0002 0.0001 0.0002 0.9995 0.0001 0.0003 0.9994 0.0002
0.0002 0.0001 0.0001 0.9996 0.9995 0.0002 0.0001 0.0002 0.0002 0.9995 0.0002 0.0001 0.0002 0.9995 0.0002 0.0001
0.0002 0.0001 0.0002 0.9995 0.0002 0.0001 0.0002 0.9995 0.0002 0.9995 0.0002 0.0001 0.9995 0.0002 0.0001 0.0002
0.9995 0.0002 0.0001 0.0002 0.9995 0.0002 0.0001 0.0002 0.0002 0.9995 0.0002 0.0001 0.9995 0.0002 0.0001 0.0002
0.0002 0.9995 0.0002 0.0001 0.0002 0.9995 0.0002 0.0001 0.0002 0.9995 0.0002 0.0001 0.9995 0.0002 0.0001 0.0002
0.0002 0.9995 0.0002 0.0001 0.0002 0.9995 0.0002 0.0001 0.0001 0.0003 0.9994 0.0002 0.9995 0.0002 0.0001 0.0002
0.0002 0.9995 0.0002 0.0001 0.0002 0.9995 0.0002 0.0001 0.0002 0.9995 0.0002 0.0001 0.0002 0.0001 0.0002 0.9995
0.0002 0.0002 0.0002 0.9995 0.0001 0.0002 0.9994 0.0002 0.0002 0.9995 0.0002 0.0001 0.0002 0.9995 0.0002 0.0001
0.0001 0.0002 0.9994 0.0002 0.0002 0.0001 0.0002 0.9995 0.0001 0.0002 0.9995 0.0002 0.0002 0.0001 0.0001 0.9996
0.0001 0.0002 0.9995 0.0002 0.0002 0.9995 0.0002 0.0001 0.9995 0.0002 0.0001 0.0002 0.0002 0.9996 0.0002 0.0001
0.9995 0.0002 0.0001 0.0002 0.0001 0.0002 0.9994 0.0002 0.9995 0.0002 0.0001 0.0002 0.9995 0.0002 0.0001 0.0002
0.0002 0.0002 0.0002 0.9995 0.0001 0.0003 0.9994 0.0002 0.0001 0.0002 0.9994 0.0002 0.0002 0.9995 0.0002 0.0001
0.0001 0.0002 0.9995 0.0002 0.0002 0.0001 0.0002 0.9995 0.0002 0.9995 0.0002 0.0001 0.0002 0.9995 0.0002 0.0001
0.9995 0.0002 0.0001 0.0002 0.9995 0.0002 0.0001 0.0002 0.0002 0.9995 0.0002 0.0001 0.0002 0.0002 0.0002 0.9995
0.0002 0.0001 0.0002 0.9995 0.0001 0.0002 0.9994 0.0002 0.0001 0.0002 0.9994 0.0002 0.0002 0.0001 0.0002 0.9995
0.0001 0.0002 0.9995 0.0002 0.0002 0.9995 0.0002 0.0001 0.9995 0.0002 0.0001 0.0002 0.0001 0.0002 0.9994 0.0002
0.9995 0.0002 0.0001 0.0002 0.9995 0.0002 0.0001 0.0002 0.9995 0.0002 0.0001 0.0002 0.0002 0.9995 0.0002 0.0001
0.0002 0.0002 0.0002 0.9995 0.0001 0.0002 0.9994 0.0002 0.0002 0.0001 0.0002 0.9995 0.0001 0.0002 0.9995 0.0002
0.0001 0.0002 0.9994 0.0002 0.0002 0.0001 0.0002 0.9995 0.0001 0.0002 0.9995 0.0002 0.0001 0.0002 0.9994 0.0002
0.9995 0.0002 0.0001 0.0002 0.9995 0.0002 0.0001 0.0002 0.0001 0.0003 0.9994 0.0002 0.9995 0.0002 0.0001 0.0002
0.0001 0.0002 0.9995 0.0002 0.0002 0.0002 0.0002 0.9995 0.9995 0.0002 0.0001 0.0002 0.0002 0.9995 0.0002 0.0001
0.0001 0.0003 0.9994 0.0002 0.0002 0.0001 0.0002 0.9995 0.9995 0.0002 0.0001 0.0002 0.0002 0.9995 0.0002 0.0001
0.0002 0.0002 0.0002 0.9995 0.0002 0.0001 0.0002 0.9995 0.9996 0.0002 0.0001 0.0002 0.0001 0.0002 0.9994 0.0002
0.9995 0.0002 0.0001 0.0002 0.0002 0.0001 0.0002 0.9995 0.0001 0.0003 0.9994 0.0002 0.0001 0.0002 0.9994 0.0002
0.9995 0.0002 0.0001 0.0002 0.9995 0.0002 0.0001 0.0002 0.0001 0.0003 0.9994 0.0002 0.0002 0.0002 0.0002 0.9995
0.0002 0.0001 0.0002 0.9995 0.0002 0.9995 0.0002 0.0001 0.0002 0.9995 0.0002 0.0001 0.9995 0.0002 0.0001 0.0002
0.0001 0.0002 0.9994 0.0002 0.0001 0.0003 0.9994 0.0002 0.0001 0.0002 0.9995 0.0002 0.0001 0.0002 0.9995 0.0002
0.0001 0.0002 0.9995 0.0002 0.0002 0.0001 0.0002 0.9995 0.0002 0.9995 0.0002 0.0001 0.0002 0.0001 0.0002 0.9995
0.0002 0.9995 0.0002 0.0001 0.9995 0.0002 0.0001 0.0002 0.9995 0.0002 0.0001 0.0002 0.0002 0.9995 0.0002 0.0001
0.0001 0.0003 0.9994 0.0002 0.0002 0.0001 0.0002 0.9995 0.0002 0.0001 0.0002 0.9995 0.0001 0.0002 0.9994 0.0002
0.9996 0.0002 0.0001 0.0002 0.9995 0.0002 0.0001 0.0002 0.0002 0.9995 0.0002 0.0001 0.0002 0.9995 0.0002 0.0001
0.9995 0.0002 0.0001 0.0002 0.9995 0.0002 0.0001 0.0002 0.0001 0.0003 0.9994 0.0002 0.9995 0.0002 0.0001 0.0002
0.9995 0.0002 0.0001 0.0002 0.0001 0.0003 0.9994 0.0002 0.0001 0.0003 0.9994 0.0002 0.9995 0.0002 0.0001 0.0002
0.0001 0.0002 0.9995 0.0002 0.0002 0.0002 0.0002 0.9995 0.0002 0.9995 0.0002 0.0001 0.0002 0.9995 0.0002 0.0001
0.0002 0.0001 0.0002 0.9995 0.9995 0.0002 0.0001 0.0002 0.9995 0.0002 0.0001 0.0002 0.0001 0.0003 0.9994 0.0002
0.0001 0.0003 0.9994 0.0002 0.9995 0.0002 0.0001 0.0002 0.0001 0.0002 0.9995 0.0002 0.9995 0.0002 0.0001 0.0002
0.0001 0.0002 0.9995 0.0002 0.0002 0.9995 0.0002 0.0001 0.0001 0.0002 0.9995 0.0002 0.9995 0.0002 0.0001 0.0002
0.0002 0.9995 0.0002 0.0001 0.0002 0.9995 0.0002 0.0001 0.0002 0.9995 0.0002 0.0001 0.0002 0.9995 0.0002 0.0001
0.0001 0.0002 0.9994 0.0002 0.0002 0.0001 0.0002 0.9995 0.0002 0.0001 0.0002 0.9995 0.0001 0.0002 0.9994 0.0002
0.0001 0.0002 0.9994 0.0002 0.0002 0.9995 0.0002 0.0001 0.0001 0.0002 0.9995 0.0002 0.0002 0.0001 0.0002 0.9995
0.9995 0.0002 0.0001 0.0002 0.9995 0.0002 0.0001 0.0002 0.0002 0.9995 0.0002 0.0001 0.0002 0.9995 0.0002 0.0001
0.0002 0.0001 0.0002 0.9995 0.0002 0.0001 0.0002 0.9995 0.0002 0.0001 0.0002 0.9996 0.0002 0.9995 0.0002 0.0001
0.0002 0.9995 0.0002 0.0001 0.0001 0.0002 0.9994 0.0002 0.0001 0.0002 0.9994 0.0002 0.0001 0.0002 0.9995 0.0002
0.0002 0.9995 0.0002 0.0001 0.0001 0.0002 0.9995 0.0002 0.0001 0.0002 0.9994 0.0002 0.0002 0.0001 0.0002 0.9995
0.9995 0.0002 0.0001 0.0002 0.0001 0.0002 0.9994 0.0002 0.0002 0.0002 0.0002 0.9995 0.9995 0.0002 0.0001 0.0002
0.0002 0.9995 0.0002 0.0001 0.0001 0.0003 0.9994 0.0002 0.0001 0.0002 0.9994 0.0002 0.9995 0.0002 0.0001 0.0002
0.0001 0.0002 0.9995 0.0002 0.0002 0.0002 0.0002 0.9995 0.9995 0.0002 0.0001 0.0002 0.0001 0.0002 0.9994 0.0002
0.0001 0.0003 0.9994 0.0002 0.0001 0.0002 0.9995 0.0002 0.0002 0.9995 0.0002 0.0001 0.0001 0.0002 0.9995 0.0002
0.0002 0.9995 0.0002 0.0001 0.0001 0.0002 0.9995 0.0002 0.0001 0.0002 0.9994 0.0002 0.0002 0.0001 0.0002 0.9995
0.0001 0.0002 0.9995 0.0002 0.0002 0.0001 0.0002 0.9995 0.0002 0.9995 0.0002 0.0001 0.0002 0.9995 0.0002 0.0001
0.0001 0.0002 0.9994 0.0002 0.0002 0.0001 0.0002 0.9995 0.0002 0.0001 0.0002 0.9995 0.9995 0.0002 0.0001 0.0002
0.0002 0.9995 0.0002 0.0001 0.9995 0.0002 0.0001 0.0002 0.0002 0.0001 0.0002 0.9995 0.0002 0.9995 0.0002 0.0001
0.9995 0.0002 0.0001 0.0002 0.9995 0.0002 0.0001 0.0002 0.0001 0.0003 0.9994 0.0002 0.0002 0.0002 0.0002 0.9995
0.0002 0.0001 0.0002 0.9995 0.0001 0.0002 0.9994 0.0002 0.0001 0.0002 0.9994 0.0002 0.0002 0.0001 0.0002 0.9995
0.0002 0.9995 0.0002 0.0001 0.0002 0.9995 0.0002 0.0001 0.9995 0.0002 0.0001 0.0002 0.0001 0.0002 0.9994 0.0002
0.0001 0.0003 0.9994 0.0002 0.9995 0.0002 0.0001 0.0002 0.9995 0.0002 0.0001 0.0002 0.9995 0.0002 0.0001 0.0002
0.0002 0.0002 0.0002 0.9995 0.0001 0.0003 0.9994 0.0002 0.0001 0.0002 0.9994 0.0002 0.0002 0.0001 0.0002 0.9995
0.0001 0.0002 0.9995 0.0002 0.0002 0.0001 0.0002 0.9995 0.0001 0.0002 0.9995 0.0002 0.0002 0.0001 0.0001 0.9996
0.0001 0.0002 0.9995 0.0002 0.0002 0.9995 0.0002 0.0001 0.0002 0.9995 0.0002 0.0001 0.0002 0.9995 0.0002 0.0001
0.9995 0.0002 0.0001 0.0002 0.0001 0.0002 0.9994 0.0002 0.0002 0.9995 0.0002 0.0001 0.9995 0.0002 0.0001 0.0002
0.0001 0.0002 0.9994 0.0002 0.0002 0.0002 0.0002 0.9995 0.0001 0.0002 0.9995 0.0002 0.0002 0.0001 0.0002 0.9995
0.9995 0.0002 0.0001 0.0002 0.9995 0.0002 0.0001 0.0002 0.9996 0.0002 0.0001 0.0002 0.0001 0.0003 0.9994 0.0002
0.9995 0.0002 0.0001 0.0002 0.0002 0.9995 0.0002 0.0001 0.0001 0.0003 0.9994 0.0002 0.0001 0.0002 0.9994 0.0002
0.0002 0.0001 0.0002 0.9995 0.9995 0.0002 0.0001 0.0002 0.0002 0.9995 0.0002 0.0001 0.9996 0.0002 0.0001 0.0002
0.9995 0.0002 0.0001 0.0002 0.0001 0.0003 0.9994 0.0002 0.0002 0.9995 0.0002 0.0001 0.0001 0.0002 0.9995 0.0002
0.0002 0.9995 0.0002 0.0001 0.9995 0.0002 0.0001 0.0002 0.0001 0.0002 0.9994 0.0002 0.0002 0.0002 0.0002 0.9995
0.0002 0.0001 0.0002 0.9995 0.9996 0.0002 0.0001 0.0002 0.0002 0.0001 0.0002 0.9995 0.9995 0.0002 0.0001 0.0002
0.0002 0.0001 0.0001 0.9996 0.0002 0.0002 0.0002 0.9995 0.9995 0.0002 0.0001 0.0002 0.9996 0.0002 0.0001 0.0002
0.0001 0.0003 0.9994 0.0002 0.0002 0.0002 0.0002 0.9995 0.9995 0.0002 0.0001 0.0002 0.0002 0.9995 0.0002 0.0001
0.0001 0.0003 0.9994 0.0002 0.0002 0.0001 0.0002 0.9995 0.9995 0.0002 0.0001 0.0002 0.9995 0.0002 0.0001 0.0002
0.0002 0.9995 0.0002 0.0001 0.0002 0.9995 0.0002 0.0001 0.0001 0.0002 0.9994 0.0002 0.0002 0.9995 0.0002 0.0001
0.9995 0.0002 0.0001 0.0002 0.9995 0.0002 0.0001 0.0002 0.9996 0.0002 0.0001 0.0002 0.9995 0.0002 0.0001 0.0002
0.9995 0.0002 0.0001 0.0002 0.9995 0.0002 0.0001 0.0002 0.0002 0.0002 0.0002 0.9995 0.9995 0.0002 0.0001 0.0002
0.0002 0.0001 0.0002 0.9995 0.0002 0.0002 0.0002 0.9995 0.0001 0.0002 0.9995 0.0002 0.9996 0.0002 0.0001 0.0002
0.9995 0.0002 0.0001 0.0002 0.9995 0.0002 0.0001 0.0002 0.9995 0.0002 0.0001 0.0002 0.0001 0.0003 0.9994 0.0002
0.0002 0.0002 0.0002 0.9995 0.9995 0.0002 0.0001 0.0002 0.0001 0.0002 0.9994 0.0002 0.0001 0.0003 0.9994 0.0002
0.0002 0.0001 0.0002 0.9995 0.9995 0.0002 0.0001 0.0002 0.0001 0.0002 0.9994 0.0002 0.9995 0.0002 0.0001 0.0002
0.0002 0.0001 0.0002 0.9995 0.0001 0.0003 0.9994 0.0002 0.9996 0.0002 0.0001 0.0002 0.9995 0.0002 0.0001 0.0002
0.0001 0.0003 0.9994 0.0002 0.0002 0.0002 0.0002 0.9995 0.0001 0.0002 0.9995 0.0002 0.0001 0.0002 0.9994 0.0002
0.0001 0.0002 0.9995 0.0002 0.0001 0.0002 0.9995 0.0002 0.0001 0.0002 0.9995 0.0002 0.9995 0.0002 0.0001 0.0002
0.0002 0.9995 0.0002 0.0001 0.0002 0.9995 0.0002 0.0001 0.9995 0.0002 0.0001 0.0002 0.0001 0.0002 0.9994 0.0002
0.0001 0.0003 0.9994 0.0002 0.0001 0.0002 0.9995 0.0002 0.0001 0.0002 0.9995 0.0002 0.0002 0.9995 0.0002 0.0001
0.0002 0.9995 0.0002 0.0001 0.0002 0.9995 0.0002 0.0001 0.0002 0.0001 0.0002 0.9995 0.0002 0.9995 0.0002 0.0001
0.0002 0.0001 0.0002 0.9996 0.0001 0.0003 0.9994 0.0002 0.0001 0.0002 0.9994 0.0002 0.0002 0.9995 0.0002 0.0001
0.0001 0.0002 0.9995 0.0002 0.0002 0.9995 0.0002 0.0001 0.0002 0.0001 0.0002 0.9995 0.9995 0.0002 0.0001 0.0002
0.0001 0.0002 0.9994 0.0002 0.0002 0.0002 0.0002 0.9995 0.9995 0.0002 0.0001 0.0002 0.0002 0.9995 0.0002 0.0001
0.0002 0.9995 0.0002 0.0001 0.0002 0.9995 0.0002 0.0001 0.0001 0.0002 0.9994 0.0002 0.0002 0.0002 0.0002 0.9995
0.0002 0.9995 0.0002 0.0001 0.0002 0.9995 0.0002 0.0001 0.0001 0.0002 0.9994 0.0002 0.0001 0.0002 0.9994 0.0002
0.0001 0.0002 0.9995 0.0002 0.0002 0.9995 0.0002 0.0001 0.0001 0.0002 0.9995 0.0002 0.0002 0.0001 0.0002 0.9995
0.9995 0.0002 0.0001 0.0002 0.9995 0.0002 0.0001 0.0002 0.0001 0.0003 0.9994 0.0002 0.0002 0.9995 0.0002 0.0001
0.0001 0.0002 0.9995 0.0002 0.0002 0.0001 0.0002 0.9995 0.0002 0.0001 0.0002 0.9995 0.0001 0.0002 0.9994 0.0002
0.0002 0.9995 0.0002 0.0001 0.0002 0.0001 0.0002 0.9995 0.0001 0.0002 0.9994 0.0002 0.9995 0.0002 0.0001 0.0002
0.0002 0.0001 0.0002 0.9995 0.0002 0.9995 0.0002 0.0001 0.0002 0.9995 0.0002 0.0001 0.0002 0.9995 0.0002 0.0001
0.0002 0.9996 0.0002 0.0001 0.0002 0.9995 0.0002 0.0001 0.0001 0.0002 0.9994 0.0002 0.9995 0.0002 0.0001 0.0002
0.0002 0.0001 0.0002 0.9995 0.0001 0.0003 0.9994 0.0002 0.0001 0.0002 0.9994 0.0002 0.0002 0.0001 0.0002 0.9995
0.0002 0.9995 0.0002 0.0001 0.0002 0.0001 0.0002 0.9995 0.0001 0.0002 0.9994 0.0002 0.0002 0.0001 0.0001 0.9996
0.0002 0.9995 0.0002 0.0001 0.0001 0.0002 0.9994 0.0002 0.9995 0.0002 0.0001 0.0002 0.9995 0.0002 0.0001 0.0002
0.0002 0.0002 0.0002 0.9995 0.0001 0.0003 0.9994 0.0002 0.9995 0.0002 0.0001 0.0002 0.0002 0.0001 0.0002 0.9995
0.9995 0.0002 0.0001 0.0002 0.9996 0.0002 0.0001 0.0002 0.0001 0.0003 0.9994 0.0002 0.0001 0.0003 0.9994 0.0002
0.0002 0.0001 0.0002 0.9995 0.9995 0.0002 0.0001 0.0002 0.0001 0.0002 0.9994 0.0002 0.0001 0.0003 0.9994 0.0002
0.0002 0.9995 0.0002 0.0001 0.0002 0.9995 0.0002 0.0001 0.0002 0.9995 0.0002 0.0001 0.0002 0.9995 0.0002 0.0001
0.0002 0.0001 0.0002 0.9995 0.0001 0.0002 0.9994 0.0002 0.9995 0.0002 0.0001 0.0002 0.0001 0.0002 0.9995 0.0002
0.9995 0.0002 0.0001 0.0002 0.9995 0.0002 0.0001 0.0002 0.0002 0.0002 0.0002 0.9995 0.0001 0.0003 0.9994 0.0002
0.0002 0.0001 0.0002 0.9995 0.0002 0.0001 0.0002 0.9995 0.0002 0.9995 0.0002 0.0001 0.0002 0.9995 0.0002 0.0001
0.0002 0.9995 0.0002 0.0001 0.0001 0.0002 0.9994 0.0002 0.0002 0.9995 0.0002 0.0001 0.0001 0.0002 0.9995 0.0002
0.0001 0.0002 0.9994 0.0002 0.0002 0.9995 0.0002 0.0001 0.0002 0.0001 0.0002 0.9995 0.0001 0.0002 0.9994 0.0002
0.0001 0.0002 0.9994 0.0002 0.9995 0.0002 0.0001 0.0002 0.9995 0.0002 0.0001 0.0002 0.9995 0.0002 0.0001 0.0002
0.0002 0.0002 0.0002 0.9995 0.0002 0.0002 0.0002 0.9995 0.0001 0.0002 0.9994 0.0002 0.9996 0.0002 0.0001 0.0002
0.0002 0.0001 0.0002 0.9995 0.0002 0.9995 0.0002 0.0001 0.0002 0.0001 0.0001 0.9995 0.9995 0.0002 0.0001 0.0002
0.0002 0.0001 0.0001 0.9996 0.0002 0.0002 0.0002 0.9995 0.0002 0.0001 0.0001 0.9996 0.0002 0.9995 0.0002 0.0001
0.0002 0.0001 0.0001 0.9996 0.0002 0.9995 0.0002 0.0001 0.9995 0.0002 0.0001 0.0002 0.0002 0.9995 0.0002 0.0001
0.9995 0.0002 0.0001 0.0002 0.9995 0.0002 0.0001 0.0002 0.0002 0.0002 0.0002 0.9995 0.9995 0.0002 0.0001 0.0002
0.0001 0.0002 0.9994 0.0002 0.0002 0.0002 0.0002 0.9995 0.9995 0.0002 0.0001 0.0002 0.0002 0.9995 0.0002 0.0001
0.0002 0.0002 0.0002 0.9995 0.0002 0.9995 0.0002 0.0001 0.9996 0.0002 0.0001 0.0002 0.9995 0.0002 0.0001 0.0002
0.0002 0.0002 0.0002 0.9995 0.0001 0.0003 0.9994 0.0002 0.0002 0.9995 0.0002 0.0001 0.0002 0.9995 0.0002 0.0001
0.0001 0.0002 0.9994 0.0002 0.0001 0.0002 0.9994 0.0002 0.0002 0.0001 0.0002 0.9995 0.9995 0.0002 0.0001 0.0002
0.0002 0.0001 0.0002 0.9995 0.0002 0.9995 0.0002 0.0001 0.0002 0.9995 0.0002 0.0001 0.9995 0.0002 0.0001 0.0002
0.0001 0.0002 0.9994 0.0002 0.0002 0.0002 0.0002 0.9995 0.9995 0.0002 0.0001 0.0002 0.0002 0.0001 0.0002 0.9995
0.9995 0.0002 0.0001 0.0002 0.9995 0.0002 0.0001 0.0002 0.0001 0.0003 0.9994 0.0002 0.0002 0.0002 0.0002 0.9995
0.9995 0.0002 0.0001 0.0002 0.9995 0.0002 0.0001 0.0002 0.0001 0.0003 0.9994 0.0002 0.9995 0.0002 0.0001 0.0002
0.0002 0.9995 0.0002 0.0001 0.0002 0.0002 0.0002 0.9995 0.9995 0.0002 0.0001 0.0002 0.0002 0.0001 0.0002 0.9995
0.0002 0.9995 0.0002 0.0001 0.0002 0.9995 0.0002 0.0001 0.9995 0.0002 0.0001 0.0002 0.0002 0.0001 0.0002 0.9995
0.0002 0.9995 0.0002 0.0001 0.0002 0.9995 0.0002 0.0001 0.0002 0.0001 0.0002 0.9995 0.0001 0.0002 0.9994 0.0002
0.9995 0.0002 0.0001 0.0002 0.0002 0.9995 0.0002 0.0001 0.0001 0.0003 0.9994 0.0002 0.0001 0.0002 0.9994 0.0002
0.0002 0.9995 0.0002 0.0001 0.9995 0.0002 0.0001 0.0002 0.9995 0.0002 0.0001 0.0002 0.0002 0.0002 0.0002 0.9995
0.0002 0.0002 0.0002 0.9995 0.0002 0.9995 0.0002 0.0001 0.0002 0.9995 0.0002 0.0001 0.9995 0.0002 0.0001 0.0002
0.9995 0.0002 0.0001 0.0002 0.0002 0.0002 0.0002 0.9995 0.0001 0.0003 0.9994 0.0002 0.0002 0.0001 0.0002 0.9995
0.9995 0.0002 0.0001 0.0002 0.0002 0.9995 0.0002 0.0001 0.0002 0.0002 0.0002 0.9995 0.0002 0.0001 0.0002 0.9995
0.0001 0.0002 0.9994 0.0002 0.9995 0.0002 0.0001 0.0002 0.0002 0.0001 0.0002 0.9995 0.0001 0.0003 0.9994 0.0002
0.0001 0.0002 0.9994 0.0002 0.0002 0.9995 0.0002 0.0001 0.0002 0.9995 0.0002 0.0001 0.9995 0.0002 0.0001 0.0002
0.0001 0.0002 0.9994 0.0002 0.0002 0.0002 0.0002 0.9995 0.0002 0.9995 0.0002 0.0001 0.0002 0.0001 0.0002 0.9995
0.9995 0.0002 0.0001 0.0002 0.9995 0.0002 0.0001 0.0002 0.0002 0.9995 0.0002 0.0001 0.0002 0.9995 0.0002 0.0001
0.0002 0.9995 0.0002 0.0001 0.0001 0.0002 0.9994 0.0002 0.0002 0.9995 0.0002 0.0001 0.0002 0.9995 0.0002 0.0001
0.0002 0.0002 0.0002 0.9995 0.0001 0.0002 0.9994 0.0002 0.0002 0.0001 0.0002 0.9996 0.0002 0.9995 0.0002 0.0001
0.0001 0.0002 0.9994 0.0002 0.0002 0.9995 0.0002 0.0001 0.9995 0.0002 0.0001 0.0002 0.0002 0.0002 0.0002 0.9995
0.0001 0.0003 0.9994 0.0002 0.0002 0.9995 0.0002 0.0001 0.0002 0.0001 0.0002 0.9995 0.0002 0.9996 0.0002 0.0001
0.9996 0.0002 0.0001 0.0002 0.9995 0.0002 0.0001 0.0002 0.0002 0.0002 0.0002 0.9995 0.9995 0.0002 0.0001 0.0002
0.9995 0.0002 0.0001 0.0002 0.9995 0.0002 0.0001 0.0002 0.0002 0.0002 0.0002 0.9995 0.0001 0.0003 0.9994 0.0002
0.0002 0.0001 0.0002 0.9995 0.0001 0.0002 0.9995 0.0002 0.0002 0.9995 0.0002 0.0001 0.0002 0.9995 0.0002 0.0001
0.0002 0.0001 0.0002 0.9995 0.0002 0.9995 0.0002 0.0001 0.9995 0.0002 0.0001 0.0002 0.9995 0.0002 0.0001 0.0002
0.0001 0.0003 0.9994 0.0002 0.0002 0.0002 0.0002 0.9995 0.9995 0.0002 0.0001 0.0002 0.9995 0.0002 0.0001 0.0002
0.0002 0.0002 0.0002 0.9995 0.9995 0.0002 0.0001 0.0002 0.9996 0.0002 0.0001 0.0002 0.9995 0.0002 0.0001 0.0002
0.0001 0.0003 0.9994 0.0002 0.0002 0.0002 0.0002 0.9995 0.0002 0.9995 0.0002 0.0001 0.0002 0.9995 0.0002 0.0001
0.0001 0.0002 0.9994 0.0002 0.0001 0.0002 0.9994 0.0002 0.9995 0.0002 0.0001 0.0002 0.0001 0.0002 0.9995 0.0002
0.0002 0.0002 0.0002 0.9995 0.0002 0.0001 0.0002 0.9995 0.0001 0.0002 0.9994 0.0002 0.0002 0.9995 0.0002 0.0001
0.0002 0.0001 0.0002 0.9995 0.0002 0.0001 0.0002 0.9995 0.0002 0.0001 0.0001 0.9995 0.0001 0.0002 0.9994 0.0002
0.0002 0.9995 0.0002 0.0001 0.0002 0.9995 0.0002 0.0001 0.0002 0.9996 0.0002 0.0001 0.0002 0.9995 0.0002 0.0001
0.0001 0.0002 0.9994 0.0002 0.0002 0.9995 0.0002 0.0001 0.0002 0.0001 0.0002 0.9995 0.0001 0.0003 0.9994 0.0002
0.0002 0.9995 0.0002 0.0001 0.0002 0.9995 0.0002 0.0001 0.0001 0.0002 0.9994 0.0002 0.0001 0.0002 0.9994 0.0002
0.9995 0.0002 0.0001 0.0002 0.0001 0.0002 0.9995 0.0002 0.0002 0.9995 0.0002 0.0001 0.0002 0.9995 0.0002 0.0001
0.0002 0.0001 0.0002 0.9995 0.0001 0.0002 0.9994 0.0002 0.0002 0.9995 0.0002 0.0001 0.0001 0.0002 0.9995 0.0002
0.0002 0.9995 0.0002 0.0001 0.0002 0.0001 0.0002 0.9995 0.9995 0.0002 0.0001 0.0002 0.9995 0.0002 0.0001 0.0002
0.9995 0.0002 0.0001 0.0002 0.0001 0.0003 0.9994 0.0002 0.0001 0.0003 0.9994 0.0002 0.9995 0.0002 0.0001 0.0002
0.0001 0.0002 0.9995 0.0002 0.0002 0.9995 0.0002 0.0001 0.9995 0.0002 0.0001 0.0002 0.9995 0.0002 0.0001 0.0002
0.0002 0.0002 0.0002 0.9995 0.0002 0.9995 0.0002 0.0001 0.0002 0.0001 0.0002 0.9995 0.0001 0.0002 0.9994 0.0002
0.0002 0.0001 0.0002 0.9996 0.0002 0.9995 0.0002 0.0001 0.0002 0.9995 0.0002 0.0001 0.0002 0.9995 0.0002 0.0001
0.0002 0.9995 0.0002 0.0001 0.0002 0.9995 0.0002 0.0001 0.0002 0.0001 0.0002 0.9995 0.0002 0.9995 0.0002 0.0001
0.9995 0.0002 0.0001 0.0002 0.0001 0.0003 0.9994 0.0002 0.9995 0.0002 0.0001 0.0002 0.0001 0.0002 0.9995 0.0002
0.0002 0.0002 0.0002 0.9995 0.0001 0.0002 0.9995 0.0002 0.9995 0.0002 0.0001 0.0002 0.9995 0.0002 0.0001 0.0002
0.9995 0.0002 0.0001 0.0002 0.9996 0.0002 0.0001 0.0002 0.0002 0.0002 0.0002 0.9995 0.0001 0.0003 0.9994 0.0002
0.0001 0.0002 0.9994 0.0002 0.0001 0.0002 0.9995 0.0002 0.0002 0.9995 0.0002 0.0001 0.0001 0.0002 0.9995 0.0002
0.0002 0.9995 0.0002 0.0001 0.0002 0.9995 0.0002 0.0001 0.0001 0.0002 0.9994 0.0002 0.0002 0.0001 0.0002 0.9995
0.9995 0.0002 0.0001 0.0002 0.0002 0.0001 0.0002 0.9996 0.9996 0.0002 0.0001 0.0002 0.9995 0.0002 0.0001 0.0002
0.9995 0.0002 0.0001 0.0002 0.0002 0.0002 0.0002 0.9995 0.0001 0.0003 0.9994 0.0002 0.9995 0.0002 0.0001 0.0002
0.9995 0.0002 0.0001 0.0002 0.0002 0.9995 0.0002 0.0001 0.0002 0.9995 0.0002 0.0001 0.9995 0.0002 0.0001 0.0002
0.9995 0.0002 0.0001 0.0002 0.0001 0.0003 0.9994 0.0002 0.9995 0.0002 0.0001 0.0002 0.0002 0.9995 0.0002 0.0001
0.9995 0.0002 0.0001 0.0002 0.0001 0.0002 0.9994 0.0002 0.0002 0.9995 0.0002 0.0001 0.9995 0.0002 0.0001 0.0002
0.0001 0.0002 0.9994 0.0002 0.0002 0.9995 0.0002 0.0001 0.0002 0.9995 0.0002 0.0001 0.0002 0.9995 0.0002 0.0001
0.0002 0.9995 0.0002 0.0001 0.0002 0.9995 0.0002 0.0001 0.0002 0.0002 0.0002 0.9995 0.0002 0.0002 0.0002 0.9995
0.0001 0.0002 0.9994 0.0002 0.0002 0.0001 0.0002 0.9996 0.0002 0.9995 0.0002 0.0001 0.0002 0.9995 0.0002 0.0001
0.9995 0.0002 0.0001 0.0002 0.9995 0.0002 0.0001 0.0002 0.0002 0.0002 0.0002 0.9995 0.0002 0.0002 0.0002 0.9995
0.0001 0.0002 0.9994 0.0002 0.0001 0.0002 0.9994 0.0002 0.0001 0.0002 0.9995 0.0002 0.0002 0.0001 0.0002 0.9995
0.0002 0.0001 0.0002 0.9995 0.0001 0.0002 0.9994 0.0002 0.0002 0.0001 0.0001 0.9996 0.0001 0.0002 0.9995 0.0002
0.0002 0.9995 0.0002 0.0001 0.0002 0.9995 0.0002 0.0001 0.0002 0.0001 0.0002 0.9995 0.0002 0.0001 0.0002 0.9995
0.9995 0.0002 0.0001 0.0002 0.0002 0.0001 0.0001 0.9996 0.0002 0.9995 0.0002 0.0001 0.9995 0.0002 0.0001 0.0002
0.0002 0.9995 0.0002 0.0001 0.0001 0.0003 0.9994 0.0002 0.0001 0.0002 0.9994 0.0002 0.0002 0.9995 0.0002 0.0001
0.0001 0.0002 0.9995 0.0002 0.9995 0.0002 0.0001 0.0002 0.0002 0.0002 0.0002 0.9995 0.0002 0.0002 0.0002 0.9995
0.0002 0.9995 0.0002 0.0001 0.0002 0.9995 0.0002 0.0001 0.0002 0.9996 0.0002 0.0001 0.0001 0.0002 0.9994 0.0002
0.9995 0.0002 0.0001 0.0002 0.0001 0.0002 0.9995 0.0002 0.0002 0.9995 0.0002 0.0001 0.9995 0.0002 0.0001 0.0002
0.0002 0.9995 0.0002 0.0001 0.0002 0.9995 0.0002 0.0001 0.0001 0.0002 0.9994 0.0002 0.0002 0.9995 0.0002 0.0001
0.9995 0.0002 0.0001 0.0002 0.9995 0.0002 0.0001 0.0002 0.0002 0.9995 0.0002 0.0001 0.0002 0.9995 0.0002 0.0001
0.0002 0.0001 0.0002 0.9995 0.0002 0.9995 0.0002 0.0001 0.0002 0.9995 0.0002 0.0001 0.0002 0.9995 0.0002 0.0001
0.0002 0.9995 0.0002 0.0001 0.0001 0.0002 0.9994 0.0002 0.0001 0.0002 0.9994 0.0002 0.0001 0.0002 0.9995 0.0002
0.0002 0.0001 0.0002 0.9995 0.0001 0.0002 0.9995 0.0002 0.0002 0.0001 0.0002 0.9995 0.0002 0.0002 0.0002 0.9995
0.0002 0.0001 0.0001 0.9996 0.0002 0.9995 0.0002 0.0001 0.0002 0.0001 0.0001 0.9996 0.0001 0.0002 0.9994 0.0002
0.0002 0.9995 0.0002 0.0001 0.0001 0.0002 0.9995 0.0002 0.0002 0.9996 0.0002 0.0001 0.0002 0.9995 0.0002 0.0001
0.0002 0.9995 0.0002 0.0001 0.0002 0.9995 0.0002 0.0001 0.9995 0.0002 0.0001 0.0002 0.0001 0.0003 0.9994 0.0002
0.0002 0.9995 0.0002 0.0001 0.0002 0.0001 0.0002 0.9995 0.0002 0.9995 0.0002 0.0001 0.0002 0.9995 0.0002 0.0001
0.9995 0.0002 0.0001 0.0002 0.0001 0.0002 0.9994 0.0002 0.0001 0.0003 0.9994 0.0002 0.0002 0.9995 0.0002 0.0001
0.0002 0.9995 0.0002 0.0001 0.0002 0.9995 0.0002 0.0001 0.0002 0.9995 0.0002 0.0001 0.0002 0.9995 0.0002 0.0001
0.0001 0.0002 0.9994 0.0002 0.0002 0.9995 0.0002 0.0001 0.0002 0.9995 0.0002 0.0001 0.0002 0.9995 0.0002 0.0001
0.0002 0.9995 0.0002 0.0001 0.0002 0.9995 0.0002 0.0001 0.0001 0.0003 0.9994 0.0002 0.0001 0.0003 0.9994 0.0002
0.0002 0.0001 0.0002 0.9995 0.0001 0.0002 0.9995 0.0002 0.0001 0.0002 0.9994 0.0002 0.0001 0.0002 0.9995 0.0002
0.0002 0.9995 0.0002 0.0001 0.0001 0.0002 0.9995 0.0002 0.0002 0.9995 0.0002 0.0001 0.0002 0.9995 0.0002 0.0001
0.0001 0.0003 0.9994 0.0002 0.0002 0.0001 0.0002 0.9995 0.0002 0.9995 0.0002 0.0001 0.0002 0.0001 0.0001 0.9996
0.0002 0.0002 0.0002 0.9995 0.0001 0.0002 0.9994 0.0002 0.0001 0.0002 0.9994 0.0002 0.9995 0.0002 0.0001 0.0002
0.0002 0.9995 0.0002 0.0001 0.0002 0.9995 0.0002 0.0001 0.0001 0.0002 0.9994 0.0002 0.0002 0.0001 0.0002 0.9995
0.9995 0.0002 0.0001 0.0002 0.0002 0.0001 0.0002 0.9996 0.9995 0.0002 0.0001 0.0002 0.0002 0.0001 0.0002 0.9996
0.9995 0.0002 0.0001 0.0002 0.0002 0.9995 0.0002 0.0001 0.0002 0.9995 0.0002 0.0001 0.0001 0.0002 0.9994 0.0002
0.0001 0.0002 0.9994 0.0002 0.9995 0.0002 0.0001 0.0002 0.9995 0.0002 0.0001 0.0002 0.0002 0.0002 0.0002 0.9995
0.0002 0.0002 0.0002 0.9995 0.0002 0.0001 0.0002 0.9995 0.9996 0.0002 0.0001 0.0002 0.0001 0.0002 0.9994 0.0002
0.9995 0.0002 0.0001 0.0002 0.9995 0.0002 0.0001 0.0002 0.0001 0.0003 0.9994 0.0002 0.0002 0.0002 0.0002 0.9995
0.9995 0.0002 0.0001 0.0002 0.0002 0.9995 0.0002 0.0001 0.0001 0.0003 0.9994 0.0002 0.0002 0.0001 0.0002 0.9995
0.9995 0.0002 0.0001 0.0002 0.9995 0.0002 0.0001 0.0002 0.9995 0.0002 0.0001 0.0002 0.9995 0.0002 0.0001 0.0002
0.0002 0.9995 0.0002 0.0001 0.0002 0.9995 0.0002 0.0001 0.0002 0.9995 0.0002 0.0001 0.9995 0.0002 0.0001 0.0002
0.9995 0.0002 0.0001 0.0002 0.9995 0.0002 0.0001 0.0002 0.0002 0.9995 0.0002 0.0001 0.9995 0.0002 0.0001 0.0002
0.0002 0.9995 0.0002 0.0001 0.9995 0.0002 0.0001 0.0002 0.0002 0.0002 0.0002 0.9995 0.0001 0.0003 0.9994 0.0002
0.0001 0.0002 0.9994 0.0002 0.0001 0.0002 0.9995 0.0002 0.9995 0.0002 0.0001 0.0002 0.0002 0.0001 0.0002 0.9995
0.0002 0.9995 0.0002 0.0001 0.9996 0.0002 0.0001 0.0002 0.0002 0.9995 0.0002 0.0001 0.0002 0.9995 0.0002 0.0001
0.0001 0.0002 0.9994 0.0002 0.9995 0.0002 0.0001 0.0002 0.0002 0.9995 0.0002 0.0001 0.0002 0.0002 0.0002 0.9995
0.0002 0.0001 0.0002 0.9995 0.9996 0.0002 0.0001 0.0002 0.0002 0.0001 0.0002 0.9996 0.0002 0.9995 0.0002 0.0001
0.0002 0.9995 0.0002 0.0001 0.0002 0.9995 0.0002 0.0001 0.0002 0.0001 0.0002 0.9995 0.9995 0.0002 0.0001 0.0002
0.0002 0.0001 0.0001 0.9996 0.0001 0.0003 0.9994 0.0002 0.0002 0.9995 0.0002 0.0001 0.0002 0.9995 0.0002 0.0001
0.0002 0.0001 0.0002 0.9995 0.0001 0.0002 0.9994 0.0002 0.0002 0.9995 0.0002 0.0001 0.0002 0.9995 0.0002 0.0001
0.0001 0.0002 0.9994 0.0002 0.0002 0.0001 0.0002 0.9995 0.0001 0.0002 0.9995 0.0002 0.0002 0.0001 0.0002 0.9996
0.0001 0.0002 0.9995 0.0002 0.0002 0.9995 0.0002 0.0001 0.0002 0.0001 0.0002 0.9995 0.0001 0.0002 0.9994 0.0002
0.0002 0.9995 0.0002 0.0001 0.0002 0.9995 0.0002 0.0001 0.0002 0.9996 0.0002 0.0001 0.0002 0.0001 0.0002 0.9995
0.0001 0.0002 0.9994 0.0002 0.0002 0.9995 0.0002 0.0001 0.0001 0.0002 0.9995 0.0002 0.0002 0.0001 0.0002 0.9995
0.9995 0.0002 0.0001 0.0002 0.9995 0.0002 0.0001 0.0002 0.0002 0.0002 0.0002 0.9995 0.0001 0.0003 0.9994 0.0002
0.0002 0.9995 0.0002 0.0001 0.0001 0.0002 0.9995 0.0002 0.9995 0.0002 0.0001 0.0002 0.9995 0.0002 0.0001 0.0002
0.0002 0.9995 0.0002 0.0001 0.0002 0.9995 0.0002 0.0001 0.9995 0.0002 0.0001 0.0002 0.9995 0.0002 0.0001 0.0002
0.9995 0.0002 0.0001 0.0002 0.9995 0.0002 0.0001 0.0002 0.0001 0.0003 0.9994 0.0002 0.0001 0.0003 0.9994 0.0002
0.0001 0.0002 0.9995 0.0002 0.0002 0.0001 0.0002 0.9995 0.0002 0.9995 0.0002 0.0001 0.0002 0.9995 0.0002 0.0001
0.9995 0.0002 0.0001 0.0002 0.9995 0.0002 0.0001 0.0002 0.0001 0.0003 0.9994 0.0002 0.0002 0.9995 0.0002 0.0001
0.0002 0.9995 0.0002 0.0001 0.0002 0.0001 0.0002 0.9995 0.9995 0.0002 0.0001 0.0002 0.0002 0.0001 0.0002 0.9995
0.0001 0.0003 0.9994 0.0002 0.0002 0.9995 0.0002 0.0001 0.0002 0.0001 0.0002 0.9995 0.0001 0.0002 0.9994 0.0002
0.0002 0.0001 0.0002 0.9995 0.0001 0.0002 0.9995 0.0002 0.0002 0.9995 0.0002 0.0001 0.0001 0.0002 0.9995 0.0002
0.0001 0.0002 0.9994 0.0002 0.0001 0.0002 0.9995 0.0002 0.0001 0.0002 0.9995 0.0002 0.0002 0.0001 0.0002 0.9995
0.0002 0.0001 0.0002 0.9995 0.0002 0.9995 0.0002 0.0001 0.9996 0.0002 0.0001 0.0002 0.0001 0.0002 0.9994 0.0002
0.0002 0.9995 0.0002 0.0001 0.0002 0.0001 0.0002 0.9995 0.0002 0.9995 0.0002 0.0001 0.0002 0.9995 0.0002 0.0001
0.0002 0.9995 0.0002 0.0001 0.0002 0.9996 0.0002 0.0001 0.0002 0.0002 0.0002 0.9995 0.0002 0.0002 0.0002 0.9995
0.0002 0.9995 0.0002 0.0001 0.0002 0.9995 0.0002 0.0001 0.0002 0.9995 0.0002 0.0001 0.0002 0.9996 0.0002 0.0001
0.9995 0.0002 0.0001 0.0002 0.9995 0.0002 0.0001 0.0002 0.0001 0.0003 0.9994 0.0002 0.0002 0.0002 0.0002 0.9995
0.0001 0.0002 0.9995 0.0002 0.0001 0.0002 0.9994 0.0002 0.0002 0.9995 0.0002 0.0001 0.9995 0.0002 0.0001 0.0002
0.0001 0.0002 0.9994 0.0002 0.0002 0.0002 0.0002 0.9995 0.0001 0.0002 0.9995 0.0002 0.0002 0.0001 0.0002 0.9995
0.0002 0.0001 0.0002 0.9995 0.0002 0.0001 0.0002 0.9996 0.9996 0.0002 0.0001 0.0002 0.0002 0.0001 0.0001 0.9996
0.0002 0.0002 0.0002 0.9995 0.0001 0.0002 0.9994 0.0002 0.0001 0.0002 0.9994 0.0002 0.0002 0.0001 0.0002 0.9995
0.0002 0.9995 0.0002 0.0001 0.0002 0.0001 0.0001 0.9996 0.0002 0.0001 0.0002 0.9995 0.9995 0.0002 0.0001 0.0002
0.0002 0.0001 0.0001 0.9996 0.0002 0.9995 0.0002 0.0001 0.0002 0.0001 0.0001 0.9996 0.0001 0.0002 0.9994 0.0002
0.0002 0.0001 0.0001 0.9996 0.9995 0.0002 0.0001 0.0002 0.0002 0.9995 0.0002 0.0001 0.0002 0.9995 0.0002 0.0001
0.9995 0.0002 0.0001 0.0002 0.9995 0.0002 0.0001 0.0002 0.0002 0.9995 0.0002 0.0001 0.0002 0.9995 0.0002 0.0001
0.0001 0.0002 0.9994 0.0002 0.0001 0.0002 0.9994 0.0002 0.0001 0.0002 0.9995 0.0002 0.9995 0.0002 0.0001 0.0002
0.0002 0.0001 0.0002 0.9995 0.0002 0.9995 0.0002 0.0001 0.0002 0.0001 0.0002 0.9995 0.0002 0.0001 0.0002 0.9995
0.0001 0.0002 0.9994 0.0002 0.0002 0.0001 0.0002 0.9996 0.0001 0.0002 0.9995 0.0002 0.0002 0.0001 0.0002 0.9996
0.0002 0.9995 0.0002 0.0001 0.0002 0.9995 0.0002 0.0001 0.0001 0.0002 0.9994 0.0002 0.0002 0.0001 0.0002 0.9995
0.9995 0.0002 0.0001 0.0002 0.9995 0.0002 0.0001 0.0002 0.0002 0.9995 0.0002 0.0001 0.0002 0.9995 0.0002 0.0001
0.0002 0.0001 0.0002 0.9995 0.0002 0.9995 0.0002 0.0001 0.0002 0.9995 0.0002 0.0001 0.0002 0.9995 0.0002 0.0001
0.0002 0.0001 0.0002 0.9995 0.0002 0.0002 0.0002 0.9995 0.0001 0.0002 0.9994 0.0002 0.0002 0.9995 0.0002 0.0001
0.0002 0.0001 0.0002 0.9995 0.9995 0.0002 0.0001 0.0002 0.9995 0.0002 0.0001 0.0002 0.9995 0.0002 0.0001 0.0002
0.9995 0.0002 0.0001 0.0002 0.0002 0.9995 0.0002 0.0001 0.0002 0.0002 0.0002 0.9995 0.0001 0.0002 0.9994 0.0002
0.0002 0.0001 0.0002 0.9995 0.0001 0.0002 0.9995 0.0002 0.0002 0.0001 0.0002 0.9996 0.9995 0.0002 0.0001 0.0002
0.0002 0.0001 0.0001 0.9996 0.0001 0.0003 0.9994 0.0002 0.0002 0.9995 0.0002 0.0001 0.0002 0.9995 0.0002 0.0001
0.9995 0.0002 0.0001 0.0002 0.0002 0.9995 0.0002 0.0001 0.0002 0.0002 0.0002 0.9995 0.0002 0.9995 0.0002 0.0001
0.0002 0.9995 0.0002 0.0001 0.0001 0.0002 0.9994 0.0002 0.0001 0.0002 0.9994 0.0002 0.0002 0.0001 0.0002 0.9995
0.0002 0.0001 0.0002 0.9995 0.9995 0.0002 0.0001 0.0002 0.0001 0.0002 0.9994 0.0002 0.0002 0.0002 0.0002 0.9995
0.0002 0.0001 0.0002 0.9995 0.0002 0.9995 0.0002 0.0001 0.9995 0.0002 0.0001 0.0002 0.9995 0.0002 0.0001 0.0002
0.0001 0.0003 0.9994 0.0002 0.0002 0.0002 0.0002 0.9995 0.0002 0.9995 0.0002 0.0001 0.0001 0.0002 0.9994 0.0002
0.0002 0.0001 0.0002 0.9995 0.0001 0.0002 0.9995 0.0002 0.0002 0.0001 0.0002 0.9996 0.9995 0.0002 0.0001 0.0002
0.0002 0.9995 0.0002 0.0001 0.0002 0.0002 0.0002 0.9995 0.0001 0.0002 0.9994 0.0002 0.0002 0.0001 0.0002 0.9995
0.0002 0.0001 0.0002 0.9995 0.0002 0.9995 0.0002 0.0001 0.9995 0.0002 0.0001 0.0002 0.9995 0.0002 0.0001 0.0002
0.9995 0.0002 0.0001 0.0002 0.9995 0.0002 0.0001 0.0002 0.0001 0.0003 0.9994 0.0002 0.0001 0.0003 0.9994 0.0002
0.9995 0.0002 0.0001 0.0002 0.9995 0.0002 0.0001 0.0002 0.9995 0.0002 0.0001 0.0002 0.0002 0.9995 0.0002 0.0001
0.0001 0.0003 0.9994 0.0002 0.0001 0.0002 0.9994 0.0002 0.0001 0.0002 0.9995 0.0002 0.0001 0.0002 0.9995 0.0002
0.0002 0.0001 0.0002 0.9995 0.0001 0.0002 0.9995 0.0002 0.0001 0.0002 0.9994 0.0002 0.0002 0.0001 0.0002 0.9995
0.9995 0.0002 0.0001 0.0002 0.9996 0.0002 0.0001 0.0002 0.0002 0.9995 0.0002 0.0001 0.0001 0.0003 0.9994 0.0002
0.9995 0.0002 0.0001 0.0002 0.9995 0.0002 0.0001 0.0002 0.0001 0.0003 0.9994 0.0002 0.0002 0.0002 0.0002 0.9995
0.9995 0.0002 0.0001 0.0002 0.9996 0.0002 0.0001 0.0002 0.9995 0.0002 0.0001 0.0002 0.9995 0.0002 0.0001 0.0002
0.0001 0.0003 0.9994 0.0002 0.0001 0.0003 0.9994 0.0002 0.0002 0.9995 0.0002 0.0001 0.0002 0.9995 0.0002 0.0001
0.9995 0.0002 0.0001 0.0002 0.0002 0.9995 0.0002 0.0001 0.0002 0.9995 0.0002 0.0001 0.9995 0.0002 0.0001 0.0002
0.0002 0.9995 0.0002 0.0001 0.0001 0.0003 0.9994 0.0002 0.0001 0.0002 0.9994 0.0002 0.0002 0.0001 0.0002 0.9995
0.0002 0.9995 0.0002 0.0001 0.0002 0.9995 0.0002 0.0001 0.0002 0.9995 0.0002 0.0001 0.0002 0.0001 0.0002 0.9995
0.9995 0.0002 0.0001 0.0002 0.0002 0.0001 0.0001 0.9996 0.0002 0.0002 0.0002 0.9995 0.0002 0.0001 0.0001 0.9996
0.0002 0.0001 0.0002 0.9995 0.9995 0.0002 0.0001 0.0002 0.9995 0.0002 0.0001 0.0002 0.9995 0.0002 0.0001 0.0002
0.9995 0.0002 0.0001 0.0002 0.9995 0.0002 0.0001 0.0002 0.9995 0.0002 0.0001 0.0002 0.9995 0.0002 0.0001 0.0002
0.0001 0.0003 0.9994 0.0002 0.0002 0.9995 0.0002 0.0001 0.9995 0.0002 0.0001 0.0002 0.0002 0.9995 0.0002 0.0001
0.0002 0.9995 0.0002 0.0001 0.0002 0.9995 0.0002 0.0001 0.0002 0.0001 0.0002 0.9995 0.0001 0.0002 0.9994 0.0002
0.0001 0.0002 0.9994 0.0002 0.0002 0.0001 0.0002 0.9995 0.0002 0.0001 0.0002 0.9995 0.0001 0.0002 0.9994 0.0002
0.9996 0.0002 0.0001 0.0002 0.9995 0.0002 0.0001 0.0002 0.9995 0.0002 0.0001 0.0002 0.0001 0.0003 0.9994 0.0002
0.0002 0.9995 0.0002 0.0001 0.0002 0.9995 0.0002 0.0001 0.9995 0.0002 0.0001 0.0002 0.9995 0.0002 0.0001 0.0002
0.0001 0.0003 0.9994 0.0002 0.0002 0.0002 0.0002 0.9995 0.0001 0.0002 0.9995 0.0002 0.0002 0.0001 0.0002 0.9995
0.9995 0.0002 0.0001 0.0002 0.0002 0.0001 0.0002 0.9996 0.9996 0.0002 0.0001 0.0002 0.9995 0.0002 0.0001 0.0002
0.0002 0.0002 0.0002 0.9995 0.0001 0.0003 0.9994 0.0002 0.0002 0.0001 0.0002 0.9995 0.0002 0.9995 0.0002 0.0001
0.0001 0.0002 0.9994 0.0002 0.0002 0.9995 0.0002 0.0001 0.0002 0.9995 0.0002 0.0001 0.0002 0.9995 0.0002 0.0001
0.9995 0.0002 0.0001 0.0002 0.9995 0.0002 0.0001 0.0002 0.9995 0.0002 0.0001 0.0002 0.0002 0.0002 0.0002 0.9995
0.0002 0.0002 0.0002 0.9995 0.0002 0.9995 0.0002 0.0001 0.0001 0.0002 0.9994 0.0002 0.9995 0.0002 0.0001 0.0002
0.0001 0.0002 0.9995 0.0002 0.0002 0.0002 0.0002 0.9995 0.0001 0.0002 0.9995 0.0002 0.0002 0.0001 0.0002 0.9995
0.9995 0.0002 0.0001 0.0002 0.0002 0.9995 0.0002 0.0001 0.0001 0.0003 0.9994 0.0002 0.0002 0.9995 0.0002 0.0001
0.9995 0.0002 0.0001 0.0002 0.0002 0.9995 0.0002 0.0001 0.0002 0.9995 0.0002 0.0001 0.0002 0.9995 0.0002 0.0001
0.9995 0.0002 0.0001 0.0002 0.0002 0.0002 0.0002 0.9995 0.0001 0.0003 0.9994 0.0002 0.0002 0.0001 0.0002 0.9996
0.0001 0.0002 0.9995 0.0002 0.0001 0.0002 0.9994 0.0002 0.0002 0.9995 0.0002 0.0001 0.0002 0.9995 0.0002 0.0001
0.0002 0.0001 0.0002 0.9995 0.0001 0.0002 0.9994 0.0002 0.0002 0.0001 0.0002 0.9996 0.9995 0.0002 0.0001 0.0002
0.0001 0.0002 0.9994 0.0002 0.9995 0.0002 0.0001 0.0002 0.0001 0.0002 0.9995 0.0002 0.0001 0.0003 0.9994 0.0002
0.0002 0.9995 0.0002 0.0001 0.0002 0.0001 0.0002 0.9995 0.0002 0.0001 0.0002 0.9995 0.0002 0.0001 0.0002 0.9995
0.0001 0.0002 0.9994 0.0002 0.0002 0.0001 0.0001 0.9996 0.0002 0.9995 0.0002 0.0001 0.0002 0.0001 0.0001 0.9996
0.0001 0.0002 0.9994 0.0002 0.0002 0.9995 0.0002 0.0001 0.0002 0.0001 0.0002 0.9995 0.0002 0.0001 0.0002 0.9995
0.0002 0.9995 0.0002 0.0001 0.0002 0.9995 0.0002 0.0001 0.0001 0.0002 0.9994 0.0002 0.0002 0.0001 0.0002 0.9995
0.0002 0.9995 0.0002 0.0001 0.0002 0.9995 0.0002 0.0001 0.0002 0.9995 0.0002 0.0001 0.9995 0.0002 0.0001 0.0002
0.0002 0.0002 0.0002 0.9995 0.9995 0.0002 0.0001 0.0002 0.0001 0.0002 0.9994 0.0002 0.0002 0.0002 0.0002 0.9995
0.0001 0.0002 0.9995 0.0002 0.9995 0.0002 0.0001 0.0002 0.0001 0.0002 0.9995 0.0002 0.9995 0.0002 0.0001 0.0002
0.0002 0.0001 0.0002 0.9995 0.0001 0.0003 0.9994 0.0002 0.0001 0.0002 0.9994 0.0002 0.0002 0.0001 0.0002 0.9995
0.9995 0.0002 0.0001 0.0002 0.0002 0.9995 0.0002 0.0001 0.0001 0.0003 0.9994 0.0002 0.0001 0.0002 0.9994 0.0002
0.0001 0.0002 0.9995 0.0002 0.9995 0.0002 0.0001 0.0002 0.0002 0.0001 0.0002 0.9995 0.0002 0.0002 0.0002 0.9995
0.0002 0.0001 0.0002 0.9995 0.0002 0.9995 0.0002 0.0001 0.0002 0.9995 0.0002 0.0001 0.0002 0.9995 0.0002 0.0001
0.9995 0.0002 0.0001 0.0002 0.0002 0.9995 0.0002 0.0001 0.0002 0.0002 0.0002 0.9995 0.9995 0.0002 0.0001 0.0002
0.0002 0.9995 0.0002 0.0001 0.0002 0.0002 0.0002 0.9995 0.0001 0.0002 0.9994 0.0002 0.0002 0.0001 0.0002 0.9995
0.0002 0.9995 0.0002 0.0001 0.9995 0.0002 0.0001 0.0002 0.9995 0.0002 0.0001 0.0002 0.9995 0.0002 0.0001 0.0002
0.9995 0.0002 0.0001 0.0002 0.9995 0.0002 0.0001 0.0002 0.0001 0.0003 0.9994 0.0002 0.0002 0.0002 0.0002 0.9995
0.0001 0.0002 0.9995 0.0002 0.0002 0.9995 0.0002 0.0001 0.0002 0.9995 0.0002 0.0001 0.0002 0.9995 0.0002 0.0001
0.0002 0.0001 0.0002 0.9995 0.9995 0.0002 0.0001 0.0002 0.0002 0.0001 0.0002 0.9996 0.0001 0.0003 0.9994 0.0002
0.0002 0.9995 0.0002 0.0001 0.0002 0.9995 0.0002 0.0001 0.0002 0.9996 0.0002 0.0001 0.0001 0.0002 0.9994 0.0002
0.0002 0.9995 0.0002 0.0001 0.0001 0.0002 0.9995 0.0002 0.0001 0.0003 0.9994 0.0002 0.0002 0.0001 0.0002 0.9995
0.0002 0.9995 0.0002 0.0001 0.0002 0.9995 0.0002 0.0001 0.9995 0.0002 0.0001 0.0002 0.9995 0.0002 0.0001 0.0002
0.9995 0.0002 0.0001 0.0002 0.9995 0.0002 0.0001 0.0002 0.0002 0.9995 0.0002 0.0001 0.0002 0.9995 0.0002 0.0001
0.0002 0.0001 0.0002 0.9995 0.0002 0.9995 0.0002 0.0001 0.0002 0.0001 0.0002 0.9995 0.0001 0.0002 0.9994 0.0002
0.0001 0.0002 0.9994 0.0002 0.0002 0.9995 0.0002 0.0001 0.9995 0.0002 0.0001 0.0002 0.0002 0.0001 0.0002 0.9995
0.0001 0.0003 0.9994 0.0002 0.0002 0.9995 0.0002 0.0001 0.0002 0.9995 0.0002 0.0001 0.0002 0.9995 0.0002 0.0001
0.0002 0.0001 0.0002 0.9995 0.0001 0.0003 0.9994 0.0002 0.0002 0.9995 0.0002 0.0001 0.0001 0.0002 0.9995 0.0002
0.0002 0.9995 0.0002 0.0001 0.0002 0.9995 0.0002 0.0001 0.9995 0.0002 0.0001 0.0002 0.9995 0.0002 0.0001 0.0002
0.9995 0.0002 0.0001 0.0002 0.9995 0.0002 0.0001 0.0002 0.0002 0.0002 0.0002 0.9995 0.0001 0.0003 0.9994 0.0002
0.9995 0.0002 0.0001 0.0002 0.0002 0.0001 0.0002 0.9995 0.0001 0.0003 0.9994 0.0002 0.9996 0.0002 0.0001 0.0002
0.0002 0.9995 0.0002 0.0001 0.9995 0.0002 0.0001 0.0002 0.0002 0.0001 0.0002 0.9995 0.9995 0.0002 0.0001 0.0002
0.0002 0.9995 0.0002 0.0001 0.0002 0.9995 0.0002 0.0001 0.9995 0.0002 0.0001 0.0002 0.9995 0.0002 0.0001 0.0002
0.9995 0.0002 0.0001 0.0002 0.9995 0.0002 0.0001 0.0002 0.0001 0.0003 0.9994 0.0002 0.0002 0.0002 0.0002 0.9995
0.0002 0.0001 0.0002 0.9995 0.0002 0.0001 0.0002 0.9995 0.9996 0.0002 0.0001 0.0002 0.9995 0.0002 0.0001 0.0002
0.0001 0.0003 0.9994 0.0002 0.0001 0.0003 0.9994 0.0002 0.0002 0.0001 0.0002 0.9995 0.0001 0.0002 0.9995 0.0002
0.0002 0.0001 0.0002 0.9995 0.0001 0.0002 0.9995 0.0002 0.0001 0.0002 0.9994 0.0002 0.0001 0.0002 0.9995 0.0002
0.9995 0.0002 0.0001 0.0002 0.9995 0.0002 0.0001 0.0002 0.0002 0.9995 0.0002 0.0001 0.9996 0.0002 0.0001 0.0002
0.0002 0.9995 0.0002 0.0001 0.0002 0.9995 0.0002 0.0001 0.0002 0.0001 0.0002 0.9995 0.0002 0.0001 0.0002 0.9995
0.0001 0.0002 0.9994 0.0002 0.0002 0.0001 0.0002 0.9995 0.9995 0.0002 0.0001 0.0002 0.0002 0.9995 0.0002 0.0001
0.9995 0.0002 0.0001 0.0002 0.9995 0.0002 0.0001 0.0002 0.0002 0.9995 0.0002 0.0001 0.0002 0.9995 0.0002 0.0001
0.0002 0.0001 0.0002 0.9995 0.9995 0.0002 0.0001 0.0002 0.0001 0.0002 0.9994 0.0002 0.0001 0.0003 0.9994 0.0002
0.0001 0.0002 0.9995 0.0002 0.0002 0.0001 0.0002 0.9995 0.0002 0.0001 0.0002 0.9995 0.0001 0.0002 0.9994 0.0002
0.9996 0.0002 0.0001 0.0002 0.9995 0.0002 0.0001 0.0002 0.0001 0.0003 0.9994 0.0002 0.0002 0.9995 0.0002 0.0001
0.9995 0.0002 0.0001 0.0002 0.9995 0.0002 0.0001 0.0002 0.0002 0.0002 0.0002 0.9995 0.0001 0.0003 0.9994 0.0002
0.0002 0.0001 0.0002 0.9995 0.0002 0.0001 0.0002 0.9995 0.0001 0.0002 0.9994 0.0002 0.0002 0.0001 0.0002 0.9995
0.0002 0.9995 0.0002 0.0001 0.0001 0.0002 0.9994 0.0002 0.9995 0.0002 0.0001 0.0002 0.9995 0.0002 0.0001 0.0002
0.0002 0.0002 0.0002 0.9995 0.9995 0.0002 0.0001 0.0002 0.0001 0.0002 0.9994 0.0002 0.9995 0.0002 0.0001 0.0002
0.0001 0.0002 0.9995 0.0002 0.0002 0.0002 0.0002 0.9995 0.0001 0.0002 0.9995 0.0002 0.0001 0.0002 0.9994 0.0002
0.0002 0.0001 0.0002 0.9995 0.0001 0.0002 0.9995 0.0002 0.0002 0.9995 0.0002 0.0001 0.0002 0.9995 0.0002 0.0001
0.0002 0.0001 0.0002 0.9995 0.0001 0.0002 0.9994 0.0002 0.0001 0.0002 0.9994 0.0002 0.0002 0.0001 0.0002 0.9995
0.0002 0.9995 0.0002 0.0001 0.9996 0.0002 0.0001 0.0002 0.9995 0.0002 0.0001 0.0002 0.0001 0.0003 0.9994 0.0002
0.0002 0.0002 0.0002 0.9995 0.0001 0.0002 0.9995 0.0002 0.9995 0.0002 0.0001 0.0002 0.0002 0.0001 0.0002 0.9995
0.0002 0.9995 0.0002 0.0001 0.0001 0.0002 0.9994 0.0002 0.9995 0.0002 0.0001 0.0002 0.0001 0.0002 0.9995 0.0002
0.0002 0.9995 0.0002 0.0001 0.0002 0.9995 0.0002 0.0001 0.0002 0.0001 0.0002 0.9995 0.0002 0.0001 0.0002 0.9995
0.0002 0.9995 0.0002 0.0001 0.0002 0.9995 0.0002 0.0001 0.0001 0.0002 0.9994 0.0002 0.0002 0.9995 0.0002 0.0001
0.9995 0.0002 0.0001 0.0002 0.9995 0.0002 0.0001 0.0002 0.9995 0.0002 0.0001 0.0002 0.9995 0.0002 0.0001 0.0002
0.0001 0.0003 0.9994 0.0002 0.9995 0.0002 0.0001 0.0002 0.0002 0.0001 0.0002 0.9995 0.0001 0.0003 0.9994 0.0002
0.0001 0.0002 0.9994 0.0002 0.0002 0.0001 0.0002 0.9995 0.9995 0.0002 0.0001 0.0002 0.0001 0.0002 0.9994 0.0002
0.9995 0.0002 0.0001 0.0002 0.0001 0.0002 0.9995 0.0002 0.9995 0.0002 0.0001 0.0002 0.9995 0.0002 0.0001 0.0002
0.0001 0.0003 0.9994 0.0002 0.0002 0.9995 0.0002 0.0001 0.0002 0.0001 0.0002 0.9995 0.0002 0.9995 0.0002 0.0001
