0.1015 0.0858 0.7060 0.1067 0.1225 0.0629 0.0782 0.7364 0.0427 0.0169 0.2170 0.7234 0.0092 0.0026 0.0037 0.9844
0.9204 0.0027 0.0070 0.0699 0.8491 0.0023 0.0017 0.1469 0.0179 0.0013 0.9749 0.0058 0.0397 0.9490 0.0021 0.0092
0.9984 0.0003 0.0008 0.0005 0.0002 0.9995 0.0002 0.0001 0.9997 0.0001 0.0001 0.0001 0.9986 0.0010 0.0001 0.0003
0.0002 0.0001 0.0001 0.9996 0.0002 0.9995 0.0002 0.0001 0.0001 0.9996 0.0001 0.0002 0.0001 0.0001 0.0001 0.9997
0.0001 0.0001 0.0001 0.9998 0.0001 0.0001 0.9997 0.0002 0.0001 0.9997 0.0001 0.0001 0.0001 0.9997 0.0001 0.0001
0.0001 0.9998 0.0001 0.0000 0.9997 0.0001 0.0001 0.0001 0.9997 0.0001 0.0001 0.0001 0.0001 0.9998 0.0001 0.0001
0.0001 0.9998 0.0001 0.0001 0.0001 0.9998 0.0001 0.0000 0.0001 0.9998 0.0001 0.0000 0.0001 0.9998 0.0001 0.0000
0.0001 0.0001 0.9997 0.0001 0.9998 0.0001 0.0001 0.0001 0.0001 0.0001 0.0001 0.9998 0.0001 0.0001 0.9997 0.0001
0.0001 0.0001 0.0001 0.9998 0.9998 0.0001 0.0001 0.0001 0.0001 0.9998 0.0001 0.0001 0.0001 0.9998 0.0001 0.0001
0.0001 0.0001 0.0001 0.9998 0.0001 0.0001 0.0001 0.9998 0.0001 0.9998 0.0001 0.0001 0.9998 0.0001 0.0000 0.0001
0.9998 0.0001 0.0001 0.0001 0.9998 0.0001 0.0000 0.0001 0.0001 0.9998 0.0001 0.0001 0.9998 0.0001 0.0000 0.0001
0.0001 0.9998 0.0001 0.0000 0.0001 0.9998 0.0001 0.0001 0.0001 0.9998 0.0001 0.0000 0.9998 0.0001 0.0000 0.0001
0.0001 0.9998 0.0001 0.0000 0.0001 0.9998 0.0001 0.0001 0.0001 0.0001 0.9997 0.0001 0.9998 0.0001 0.0000 0.0001
0.0001 0.9998 0.0001 0.0001 0.0001 0.9998 0.0001 0.0001 0.0001 0.9998 0.0001 0.0000 0.0001 0.0001 0.0001 0.9998
0.0001 0.0001 0.0001 0.9998 0.0001 0.0001 0.9997 0.0001 0.0001 0.9998 0.0001 0.0001 0.0001 0.9998 0.0001 0.0000
0.0001 0.0001 0.9997 0.0001 0.0001 0.0001 0.0001 0.9998 0.0001 0.0001 0.9998 0.0001 0.0001 0.0001 0.0001 0.9998
0.0001 0.0001 0.9998 0.0001 0.0001 0.9998 0.0001 0.0001 0.9998 0.0001 0.0001 0.0001 0.0001 0.9998 0.0001 0.0000
0.9998 0.0001 0.0000 0.0001 0.0001 0.0001 0.9997 0.0001 0.9998 0.0001 0.0000 0.0001 0.9998 0.0001 0.0001 0.0001
0.0001 0.0001 0.0001 0.9998 0.0001 0.0001 0.9997 0.0001 0.0001 0.0001 0.9997 0.0001 0.0001 0.9998 0.0001 0.0000
0.0001 0.0001 0.9998 0.0001 0.0001 0.0001 0.0001 0.9998 0.0001 0.9998 0.0001 0.0000 0.0001 0.9998 0.0001 0.0001
0.9998 0.0001 0.0000 0.0001 0.9998 0.0001 0.0000 0.0001 0.0001 0.9998 0.0001 0.0001 0.0001 0.0001 0.0001 0.9998
0.0001 0.0001 0.0001 0.9998 0.0001 0.0001 0.9997 0.0001 0.0001 0.0001 0.9997 0.0001 0.0001 0.0001 0.0001 0.9998
0.0001 0.0001 0.9998 0.0001 0.0001 0.9998 0.0001 0.0001 0.9998 0.0001 0.0001 0.0001 0.0001 0.0001 0.9997 0.0001
0.9998 0.0001 0.0000 0.0001 0.9998 0.0001 0.0001 0.0001 0.9998 0.0001 0.0000 0.0001 0.0001 0.9998 0.0001 0.0001
0.0001 0.0001 0.0001 0.9998 0.0001 0.0001 0.9997 0.0001 0.0001 0.0001 0.0001 0.9998 0.0001 0.0001 0.9998 0.0001
0.0001 0.0001 0.9997 0.0001 0.0001 0.0001 0.0001 0.9998 0.0001 0.0001 0.9998 0.0001 0.0001 0.0001 0.9997 0.0001
0.9998 0.0001 0.0001 0.0001 0.9998 0.0001 0.0001 0.0001 0.0001 0.0001 0.9997 0.0001 0.9998 0.0001 0.0000 0.0001
0.0001 0.0001 0.9998 0.0001 0.0001 0.0001 0.0001 0.9998 0.9998 0.0001 0.0001 0.0001 0.0001 0.9998 0.0001 0.0001
0.0001 0.0001 0.9997 0.0001 0.0001 0.0001 0.0001 0.9998 0.9998 0.0001 0.0001 0.0001 0.0001 0.9998 0.0001 0.0001
0.0001 0.0001 0.0001 0.9998 0.0001 0.0001 0.0001 0.9998 0.9998 0.0001 0.0000 0.0001 0.0001 0.0001 0.9997 0.0001
0.9998 0.0001 0.0000 0.0001 0.0001 0.0001 0.0001 0.9998 0.0001 0.0001 0.9997 0.0001 0.0001 0.0001 0.9997 0.0001
0.9998 0.0001 0.0001 0.0001 0.9998 0.0001 0.0001 0.0001 0.0001 0.0001 0.9997 0.0001 0.0001 0.0001 0.0001 0.9998
0.0001 0.0001 0.0001 0.9998 0.0001 0.9998 0.0001 0.0001 0.0001 0.9998 0.0001 0.0001 0.9998 0.0001 0.0000 0.0001
0.0001 0.0001 0.9997 0.0001 0.0001 0.0001 0.9997 0.0001 0.0001 0.0001 0.9998 0.0001 0.0001 0.0001 0.9998 0.0001
0.0001 0.0001 0.9998 0.0001 0.0001 0.0001 0.0001 0.9998 0.0001 0.9998 0.0001 0.0000 0.0001 0.0001 0.0001 0.9998
0.0001 0.9998 0.0001 0.0000 0.9998 0.0001 0.0000 0.0001 0.9998 0.0001 0.0000 0.0001 0.0001 0.9998 0.0001 0.0001
0.0001 0.0001 0.9997 0.0001 0.0001 0.0001 0.0001 0.9998 0.0001 0.0001 0.0001 0.9998 0.0001 0.0001 0.9997 0.0001
0.9998 0.0001 0.0000 0.0001 0.9998 0.0001 0.0001 0.0001 0.0001 0.9998 0.0001 0.0001 0.0001 0.9998 0.0001 0.0001
0.9998 0.0001 0.0000 0.0001 0.9998 0.0001 0.0000 0.0001 0.0001 0.0001 0.9997 0.0001 0.9998 0.0001 0.0000 0.0001
0.9998 0.0001 0.0001 0.0001 0.0001 0.0001 0.9997 0.0001 0.0001 0.0001 0.9997 0.0001 0.9998 0.0001 0.0001 0.0001
0.0001 0.0001 0.9998 0.0001 0.0001 0.0001 0.0001 0.9998 0.0001 0.9998 0.0001 0.0000 0.0001 0.9998 0.0001 0.0001
0.0001 0.0001 0.0001 0.9998 0.9998 0.0001 0.0000 0.0001 0.9998 0.0001 0.0000 0.0001 0.0001 0.0001 0.9997 0.0001
0.0001 0.0001 0.9997 0.0001 0.9998 0.0001 0.0001 0.0001 0.0001 0.0001 0.9998 0.0001 0.9998 0.0001 0.0000 0.0001
0.0001 0.0001 0.9998 0.0001 0.0001 0.9998 0.0001 0.0001 0.0001 0.0001 0.9998 0.0001 0.9998 0.0001 0.0000 0.0001
0.0001 0.9998 0.0001 0.0000 0.0001 0.9998 0.0001 0.0001 0.0001 0.9998 0.0001 0.0000 0.0001 0.9998 0.0001 0.0000
0.0001 0.0001 0.9997 0.0001 0.0001 0.0001 0.0001 0.9998 0.0001 0.0001 0.0001 0.9998 0.0001 0.0001 0.9997 0.0001
0.0001 0.0001 0.9997 0.0001 0.0001 0.9998 0.0001 0.0000 0.0001 0.0001 0.9998 0.0001 0.0001 0.0001 0.0001 0.9998
0.9998 0.0001 0.0001 0.0001 0.9998 0.0001 0.0000 0.0001 0.0001 0.9998 0.0001 0.0001 0.0001 0.9998 0.0001 0.0001
0.0001 0.0001 0.0001 0.9998 0.0001 0.0001 0.0001 0.9998 0.0001 0.0001 0.0001 0.9998 0.0001 0.9998 0.0001 0.0001
0.0001 0.9998 0.0001 0.0001 0.0001 0.0001 0.9997 0.0001 0.0001 0.0001 0.9997 0.0001 0.0001 0.0001 0.9998 0.0001
0.0001 0.9998 0.0001 0.0000 0.0001 0.0001 0.9998 0.0001 0.0001 0.0001 0.9997 0.0001 0.0001 0.0001 0.0001 0.9998
0.9998 0.0001 0.0001 0.0001 0.0001 0.0001 0.9997 0.0001 0.0001 0.0001 0.0001 0.9998 0.9998 0.0001 0.0001 0.0001
0.0001 0.9998 0.0001 0.0001 0.0001 0.0001 0.9997 0.0001 0.0001 0.0001 0.9997 0.0001 0.9998 0.0001 0.0001 0.0001
0.0001 0.0001 0.9998 0.0001 0.0001 0.0001 0.0001 0.9998 0.9998 0.0001 0.0001 0.0001 0.0001 0.0001 0.9997 0.0001
0.0001 0.0001 0.9997 0.0001 0.0001 0.0001 0.9998 0.0001 0.0001 0.9998 0.0001 0.0000 0.0001 0.0001 0.9998 0.0001
0.0001 0.9998 0.0001 0.0000 0.0001 0.0001 0.9998 0.0001 0.0001 0.0001 0.9997 0.0001 0.0001 0.0001 0.0001 0.9998
0.0001 0.0001 0.9998 0.0001 0.0001 0.0001 0.0001 0.9998 0.0001 0.9998 0.0001 0.0000 0.0001 0.9998 0.0001 0.0001
0.0001 0.0001 0.9997 0.0001 0.0001 0.0001 0.0001 0.9998 0.0001 0.0001 0.0001 0.9998 0.9998 0.0001 0.0000 0.0001
0.0001 0.9998 0.0001 0.0001 0.9998 0.0001 0.0000 0.0001 0.0001 0.0001 0.0001 0.9998 0.0001 0.9998 0.0001 0.0001
0.9998 0.0001 0.0000 0.0001 0.9998 0.0001 0.0000 0.0001 0.0001 0.0001 0.9997 0.0001 0.0001 0.0001 0.0001 0.9998
0.0001 0.0001 0.0001 0.9998 0.0001 0.0001 0.9997 0.0001 0.0001 0.0001 0.9997 0.0001 0.0001 0.0001 0.0001 0.9998
0.0001 0.9998 0.0001 0.0000 0.0001 0.9998 0.0001 0.0001 0.9998 0.0001 0.0000 0.0001 0.0001 0.0001 0.9997 0.0001
0.0001 0.0001 0.9997 0.0001 0.9998 0.0001 0.0001 0.0001 0.9998 0.0001 0.0001 0.0001 0.9998 0.0001 0.0000 0.0001
0.0001 0.0001 0.0001 0.9998 0.0001 0.0001 0.9997 0.0001 0.0001 0.0001 0.9997 0.0001 0.0001 0.0001 0.0001 0.9998
0.0001 0.0001 0.9998 0.0001 0.0001 0.0001 0.0001 0.9998 0.0001 0.0001 0.9998 0.0001 0.0001 0.0001 0.0001 0.9998
0.0001 0.0001 0.9998 0.0001 0.0001 0.9998 0.0001 0.0001 0.0001 0.9998 0.0001 0.0000 0.0001 0.9998 0.0001 0.0000
0.9998 0.0001 0.0000 0.0001 0.0001 0.0001 0.9997 0.0001 0.0001 0.9998 0.0001 0.0001 0.9998 0.0001 0.0001 0.0001
0.0001 0.0001 0.9997 0.0001 0.0001 0.0001 0.0001 0.9998 0.0001 0.0001 0.9998 0.0001 0.0001 0.0001 0.0001 0.9998
0.9998 0.0001 0.0001 0.0001 0.9998 0.0001 0.0000 0.0001 0.9998 0.0001 0.0000 0.0001 0.0001 0.0001 0.9997 0.0001
0.9998 0.0001 0.0000 0.0001 0.0001 0.9998 0.0001 0.0000 0.0001 0.0001 0.9997 0.0001 0.0001 0.0001 0.9997 0.0001
0.0001 0.0001 0.0001 0.9998 0.9998 0.0001 0.0001 0.0001 0.0001 0.9998 0.0001 0.0001 0.9998 0.0001 0.0000 0.0001
0.9998 0.0001 0.0000 0.0001 0.0001 0.0001 0.9997 0.0001 0.0001 0.9998 0.0001 0.0001 0.0001 0.0001 0.9998 0.0001
0.0001 0.9998 0.0001 0.0000 0.9998 0.0001 0.0000 0.0001 0.0001 0.0001 0.9997 0.0001 0.0001 0.0001 0.0001 0.9998
0.0001 0.0001 0.0001 0.9998 0.9998 0.0001 0.0000 0.0001 0.0001 0.0001 0.0001 0.9998 0.9998 0.0001 0.0000 0.0001
0.0001 0.0001 0.0001 0.9998 0.0001 0.0001 0.0001 0.9998 0.9998 0.0001 0.0000 0.0001 0.9998 0.0001 0.0000 0.0001
0.0001 0.0001 0.9997 0.0001 0.0001 0.0001 0.0001 0.9998 0.9998 0.0001 0.0001 0.0001 0.0001 0.9998 0.0001 0.0001
0.0001 0.0001 0.9997 0.0001 0.0001 0.0001 0.0001 0.9998 0.9998 0.0001 0.0001 0.0001 0.9998 0.0001 0.0000 0.0001
0.0001 0.9998 0.0001 0.0001 0.0001 0.9998 0.0001 0.0001 0.0001 0.0001 0.9997 0.0001 0.0001 0.9998 0.0001 0.0000
0.9998 0.0001 0.0001 0.0001 0.9998 0.0001 0.0000 0.0001 0.9998 0.0001 0.0000 0.0001 0.9998 0.0001 0.0000 0.0001
0.9998 0.0001 0.0000 0.0001 0.9998 0.0001 0.0000 0.0001 0.0001 0.0001 0.0001 0.9998 0.9998 0.0001 0.0000 0.0001
0.0001 0.0001 0.0001 0.9998 0.0001 0.0001 0.0001 0.9998 0.0001 0.0001 0.9997 0.0001 0.9998 0.0001 0.0000 0.0001
0.9998 0.0001 0.0001 0.0001 0.9998 0.0001 0.0000 0.0001 0.9998 0.0001 0.0000 0.0001 0.0001 0.0001 0.9997 0.0001
0.0001 0.0001 0.0001 0.9998 0.9998 0.0001 0.0001 0.0001 0.0001 0.0001 0.9997 0.0001 0.0001 0.0001 0.9997 0.0001
0.0001 0.0001 0.0001 0.9998 0.9998 0.0001 0.0001 0.0001 0.0001 0.0001 0.9997 0.0001 0.9998 0.0001 0.0000 0.0001
0.0001 0.0001 0.0001 0.9998 0.0001 0.0001 0.9997 0.0001 0.9998 0.0001 0.0000 0.0001 0.9998 0.0001 0.0001 0.0001
0.0001 0.0001 0.9997 0.0001 0.0001 0.0001 0.0001 0.9998 0.0001 0.0001 0.9998 0.0001 0.0001 0.0001 0.9997 0.0001
0.0001 0.0001 0.9998 0.0001 0.0001 0.0001 0.9998 0.0001 0.0001 0.0001 0.9998 0.0001 0.9998 0.0001 0.0000 0.0001
0.0001 0.9998 0.0001 0.0000 0.0001 0.9998 0.0001 0.0001 0.9998 0.0001 0.0000 0.0001 0.0001 0.0001 0.9997 0.0001
0.0001 0.0001 0.9997 0.0001 0.0001 0.0001 0.9998 0.0001 0.0001 0.0001 0.9998 0.0001 0.0001 0.9998 0.0001 0.0000
0.0001 0.9998 0.0001 0.0000 0.0001 0.9998 0.0001 0.0000 0.0001 0.0001 0.0001 0.9998 0.0001 0.9998 0.0001 0.0000
0.0001 0.0001 0.0001 0.9998 0.0001 0.0001 0.9997 0.0001 0.0001 0.0001 0.9997 0.0001 0.0001 0.9998 0.0001 0.0001
0.0001 0.0001 0.9998 0.0001 0.0001 0.9998 0.0001 0.0000 0.0001 0.0001 0.0001 0.9998 0.9998 0.0001 0.0000 0.0001
0.0001 0.0001 0.9997 0.0001 0.0001 0.0001 0.0001 0.9998 0.9998 0.0001 0.0001 0.0001 0.0001 0.9998 0.0001 0.0001
0.0001 0.9998 0.0001 0.0001 0.0001 0.9998 0.0001 0.0000 0.0001 0.0001 0.9997 0.0001 0.0001 0.0001 0.0001 0.9998
0.0001 0.9998 0.0001 0.0000 0.0001 0.9998 0.0001 0.0001 0.0001 0.0001 0.9997 0.0001 0.0001 0.0001 0.9997 0.0001
0.0001 0.0001 0.9998 0.0001 0.0001 0.9998 0.0001 0.0000 0.0001 0.0001 0.9998 0.0001 0.0001 0.0001 0.0001 0.9998
0.9998 0.0001 0.0001 0.0001 0.9998 0.0001 0.0000 0.0001 0.0001 0.0001 0.9997 0.0001 0.0001 0.9998 0.0001 0.0001
0.0001 0.0001 0.9998 0.0001 0.0001 0.0001 0.0001 0.9998 0.0001 0.0001 0.0001 0.9998 0.0001 0.0001 0.9997 0.0001
0.0001 0.9998 0.0001 0.0001 0.0001 0.0001 0.0001 0.9998 0.0001 0.0001 0.9997 0.0001 0.9998 0.0001 0.0000 0.0001
0.0001 0.0001 0.0001 0.9998 0.0001 0.9998 0.0001 0.0001 0.0001 0.9998 0.0001 0.0001 0.0001 0.9998 0.0001 0.0000
0.0001 0.9998 0.0001 0.0000 0.0001 0.9998 0.0001 0.0000 0.0001 0.0001 0.9997 0.0001 0.9998 0.0001 0.0000 0.0001
0.0001 0.0001 0.0001 0.9998 0.0001 0.0001 0.9997 0.0001 0.0001 0.0001 0.9997 0.0001 0.0001 0.0001 0.0001 0.9998
0.0001 0.9998 0.0001 0.0000 0.0001 0.0001 0.0001 0.9998 0.0001 0.0001 0.9997 0.0001 0.0001 0.0001 0.0001 0.9998
0.0001 0.9998 0.0001 0.0001 0.0001 0.0001 0.9997 0.0001 0.9998 0.0001 0.0000 0.0001 0.9998 0.0001 0.0001 0.0001
0.0001 0.0001 0.0001 0.9998 0.0001 0.0001 0.9997 0.0001 0.9998 0.0001 0.0000 0.0001 0.0001 0.0001 0.0001 0.9998
0.9998 0.0001 0.0000 0.0001 0.9998 0.0001 0.0000 0.0001 0.0001 0.0001 0.9997 0.0001 0.0001 0.0001 0.9997 0.0001
0.0001 0.0001 0.0001 0.9998 0.9998 0.0001 0.0001 0.0001 0.0001 0.0001 0.9997 0.0001 0.0001 0.0001 0.9997 0.0001
0.0001 0.9998 0.0001 0.0000 0.0001 0.9998 0.0001 0.0000 0.0001 0.9998 0.0001 0.0000 0.0001 0.9998 0.0001 0.0000
0.0001 0.0001 0.0001 0.9998 0.0001 0.0001 0.9997 0.0001 0.9998 0.0001 0.0000 0.0001 0.0001 0.0001 0.9998 0.0001
0.9998 0.0001 0.0000 0.0001 0.9998 0.0001 0.0001 0.0001 0.0001 0.0001 0.0001 0.9998 0.0001 0.0001 0.9997 0.0001
0.0001 0.0001 0.0001 0.9998 0.0001 0.0001 0.0001 0.9998 0.0001 0.9998 0.0001 0.0001 0.0001 0.9998 0.0001 0.0001
0.0001 0.9998 0.0001 0.0000 0.0001 0.0001 0.9997 0.0001 0.0001 0.9998 0.0001 0.0000 0.0001 0.0001 0.9998 0.0001
0.0001 0.0001 0.9997 0.0001 0.0001 0.9998 0.0001 0.0000 0.0001 0.0001 0.0001 0.9998 0.0001 0.0001 0.9997 0.0001
0.0001 0.0001 0.9997 0.0001 0.9998 0.0001 0.0001 0.0001 0.9998 0.0001 0.0001 0.0001 0.9998 0.0001 0.0000 0.0001
0.0001 0.0001 0.0001 0.9998 0.0001 0.0001 0.0001 0.9998 0.0001 0.0001 0.9997 0.0001 0.9998 0.0001 0.0000 0.0001
0.0001 0.0001 0.0001 0.9998 0.0001 0.9998 0.0001 0.0001 0.0001 0.0001 0.0001 0.9998 0.9998 0.0001 0.0000 0.0001
0.0001 0.0001 0.0001 0.9998 0.0001 0.0001 0.0001 0.9998 0.0001 0.0001 0.0001 0.9998 0.0001 0.9998 0.0001 0.0001
0.0001 0.0001 0.0001 0.9998 0.0001 0.9998 0.0001 0.0000 0.9998 0.0001 0.0000 0.0001 0.0001 0.9998 0.0001 0.0000
0.9998 0.0001 0.0000 0.0001 0.9998 0.0001 0.0000 0.0001 0.0001 0.0001 0.0001 0.9998 0.9998 0.0001 0.0000 0.0001
0.0001 0.0001 0.9997 0.0001 0.0001 0.0001 0.0001 0.9998 0.9998 0.0001 0.0001 0.0001 0.0001 0.9998 0.0001 0.0001
0.0001 0.0001 0.0001 0.9998 0.0001 0.9998 0.0001 0.0000 0.9998 0.0001 0.0000 0.0001 0.9998 0.0001 0.0000 0.0001
0.0001 0.0001 0.0001 0.9998 0.0001 0.0001 0.9997 0.0001 0.0001 0.9998 0.0001 0.0001 0.0001 0.9998 0.0001 0.0000
0.0001 0.0001 0.9997 0.0001 0.0001 0.0001 0.9997 0.0001 0.0001 0.0001 0.0001 0.9998 0.9998 0.0001 0.0001 0.0001
0.0001 0.0001 0.0001 0.9998 0.0001 0.9998 0.0001 0.0001 0.0001 0.9998 0.0001 0.0001 0.9998 0.0001 0.0000 0.0001
0.0001 0.0001 0.9997 0.0001 0.0001 0.0001 0.0001 0.9998 0.9998 0.0001 0.0001 0.0001 0.0001 0.0001 0.0001 0.9998
0.9998 0.0001 0.0000 0.0001 0.9998 0.0001 0.0000 0.0001 0.0001 0.0001 0.9997 0.0001 0.0001 0.0001 0.0001 0.9998
0.9998 0.0001 0.0001 0.0001 0.9998 0.0001 0.0000 0.0001 0.0001 0.0001 0.9997 0.0001 0.9998 0.0001 0.0000 0.0001
0.0001 0.9998 0.0001 0.0000 0.0001 0.0001 0.0001 0.9998 0.9998 0.0001 0.0000 0.0001 0.0001 0.0001 0.0001 0.9998
0.0001 0.9998 0.0001 0.0001 0.0001 0.9998 0.0001 0.0001 0.9998 0.0001 0.0000 0.0001 0.0001 0.0001 0.0001 0.9998
0.0001 0.9998 0.0001 0.0001 0.0001 0.9998 0.0001 0.0001 0.0001 0.0001 0.0001 0.9998 0.0001 0.0001 0.9997 0.0001
0.9998 0.0001 0.0000 0.0001 0.0001 0.9998 0.0001 0.0000 0.0001 0.0001 0.9997 0.0001 0.0001 0.0001 0.9997 0.0001
0.0001 0.9998 0.0001 0.0000 0.9998 0.0001 0.0001 0.0001 0.9998 0.0001 0.0000 0.0001 0.0001 0.0001 0.0001 0.9998
0.0001 0.0001 0.0001 0.9998 0.0001 0.9998 0.0001 0.0001 0.0001 0.9998 0.0001 0.0001 0.9998 0.0001 0.0000 0.0001
0.9998 0.0001 0.0000 0.0001 0.0001 0.0001 0.0001 0.9998 0.0001 0.0001 0.9997 0.0001 0.0001 0.0001 0.0001 0.9998
0.9998 0.0001 0.0001 0.0001 0.0001 0.9998 0.0001 0.0001 0.0001 0.0001 0.0001 0.9998 0.0001 0.0001 0.0001 0.9998
0.0001 0.0001 0.9997 0.0001 0.9998 0.0001 0.0000 0.0001 0.0001 0.0001 0.0001 0.9998 0.0001 0.0001 0.9997 0.0001
0.0001 0.0001 0.9997 0.0001 0.0001 0.9998 0.0001 0.0000 0.0001 0.9998 0.0001 0.0000 0.9998 0.0001 0.0000 0.0001
0.0001 0.0001 0.9997 0.0001 0.0001 0.0001 0.0001 0.9998 0.0001 0.9998 0.0001 0.0000 0.0001 0.0001 0.0001 0.9998
0.9998 0.0001 0.0000 0.0001 0.9998 0.0001 0.0000 0.0001 0.0001 0.9998 0.0001 0.0001 0.0001 0.9998 0.0001 0.0001
0.0001 0.9998 0.0001 0.0000 0.0001 0.0001 0.9997 0.0001 0.0001 0.9998 0.0001 0.0000 0.0001 0.9998 0.0001 0.0000
0.0001 0.0001 0.0001 0.9998 0.0001 0.0001 0.9997 0.0001 0.0001 0.0001 0.0001 0.9998 0.0001 0.9998 0.0001 0.0000
0.0001 0.0001 0.9997 0.0001 0.0001 0.9998 0.0001 0.0000 0.9998 0.0001 0.0001 0.0001 0.0001 0.0001 0.0001 0.9998
0.0001 0.0001 0.9997 0.0001 0.0001 0.9998 0.0001 0.0001 0.0001 0.0001 0.0001 0.9998 0.0001 0.9998 0.0001 0.0000
0.9998 0.0001 0.0000 0.0001 0.9998 0.0001 0.0000 0.0001 0.0001 0.0001 0.0001 0.9998 0.9998 0.0001 0.0000 0.0001
0.9998 0.0001 0.0000 0.0001 0.9998 0.0001 0.0000 0.0001 0.0001 0.0001 0.0001 0.9998 0.0001 0.0001 0.9997 0.0001
0.0001 0.0001 0.0001 0.9998 0.0001 0.0001 0.9998 0.0001 0.0001 0.9998 0.0001 0.0001 0.0001 0.9998 0.0001 0.0000
0.0001 0.0001 0.0001 0.9998 0.0001 0.9998 0.0001 0.0000 0.9998 0.0001 0.0000 0.0001 0.9998 0.0001 0.0000 0.0001
0.0001 0.0001 0.9997 0.0001 0.0001 0.0001 0.0001 0.9998 0.9998 0.0001 0.0001 0.0001 0.9998 0.0001 0.0000 0.0001
0.0001 0.0001 0.0001 0.9998 0.9998 0.0001 0.0000 0.0001 0.9998 0.0001 0.0000 0.0001 0.9998 0.0001 0.0000 0.0001
0.0001 0.0001 0.9997 0.0001 0.0001 0.0001 0.0001 0.9998 0.0001 0.9998 0.0001 0.0000 0.0001 0.9998 0.0001 0.0001
0.0001 0.0001 0.9997 0.0001 0.0001 0.0001 0.9997 0.0001 0.9998 0.0001 0.0001 0.0001 0.0001 0.0001 0.9998 0.0001
0.0001 0.0001 0.0001 0.9998 0.0001 0.0001 0.0001 0.9998 0.0001 0.0001 0.9997 0.0001 0.0001 0.9998 0.0001 0.0001
0.0001 0.0001 0.0001 0.9998 0.0001 0.0001 0.0001 0.9998 0.0001 0.0001 0.0001 0.9998 0.0001 0.0001 0.9997 0.0001
0.0001 0.9998 0.0001 0.0001 0.0001 0.9998 0.0001 0.0000 0.0001 0.9998 0.0001 0.0000 0.0001 0.9998 0.0001 0.0000
0.0001 0.0001 0.9997 0.0001 0.0001 0.9998 0.0001 0.0000 0.0001 0.0001 0.0001 0.9998 0.0001 0.0001 0.9997 0.0001
0.0001 0.9998 0.0001 0.0001 0.0001 0.9998 0.0001 0.0001 0.0001 0.0001 0.9997 0.0001 0.0001 0.0001 0.9997 0.0001
0.9998 0.0001 0.0001 0.0001 0.0001 0.0001 0.9998 0.0001 0.0001 0.9998 0.0001 0.0001 0.0001 0.9998 0.0001 0.0000
0.0001 0.0001 0.0001 0.9998 0.0001 0.0001 0.9997 0.0001 0.0001 0.9998 0.0001 0.0001 0.0001 0.0001 0.9998 0.0001
0.0001 0.9998 0.0001 0.0000 0.0001 0.0001 0.0001 0.9998 0.9998 0.0001 0.0000 0.0001 0.9998 0.0001 0.0000 0.0001
0.9998 0.0001 0.0000 0.0001 0.0001 0.0001 0.9997 0.0001 0.0001 0.0001 0.9997 0.0001 0.9998 0.0001 0.0001 0.0001
0.0001 0.0001 0.9998 0.0001 0.0001 0.9998 0.0001 0.0001 0.9998 0.0001 0.0001 0.0001 0.9998 0.0001 0.0000 0.0001
0.0001 0.0001 0.0001 0.9998 0.0001 0.9998 0.0001 0.0001 0.0001 0.0001 0.0001 0.9998 0.0001 0.0001 0.9997 0.0001
0.0001 0.0001 0.0001 0.9998 0.0001 0.9998 0.0001 0.0000 0.0001 0.9998 0.0001 0.0001 0.0001 0.9998 0.0001 0.0000
0.0001 0.9998 0.0001 0.0000 0.0001 0.9998 0.0001 0.0000 0.0001 0.0001 0.0001 0.9998 0.0001 0.9998 0.0001 0.0000
0.9998 0.0001 0.0000 0.0001 0.0001 0.0001 0.9997 0.0001 0.9998 0.0001 0.0000 0.0001 0.0001 0.0001 0.9998 0.0001
0.0001 0.0001 0.0001 0.9998 0.0001 0.0001 0.9998 0.0001 0.9998 0.0001 0.0000 0.0001 0.9998 0.0001 0.0001 0.0001
0.9998 0.0001 0.0000 0.0001 0.9998 0.0001 0.0000 0.0001 0.0001 0.0001 0.0001 0.9998 0.0001 0.0001 0.9997 0.0001
0.0001 0.0001 0.9997 0.0001 0.0001 0.0001 0.9998 0.0001 0.0001 0.9998 0.0001 0.0000 0.0001 0.0001 0.9998 0.0001
0.0001 0.9998 0.0001 0.0000 0.0001 0.9998 0.0001 0.0000 0.0001 0.0001 0.9997 0.0001 0.0001 0.0001 0.0001 0.9998
0.9998 0.0001 0.0001 0.0001 0.0001 0.0001 0.0001 0.9998 0.9998 0.0001 0.0000 0.0001 0.9998 0.0001 0.0000 0.0001
0.9998 0.0001 0.0000 0.0001 0.0001 0.0001 0.0001 0.9998 0.0001 0.0001 0.9997 0.0001 0.9998 0.0001 0.0000 0.0001
0.9998 0.0001 0.0001 0.0001 0.0001 0.9998 0.0001 0.0001 0.0001 0.9998 0.0001 0.0001 0.9998 0.0001 0.0000 0.0001
0.9998 0.0001 0.0000 0.0001 0.0001 0.0001 0.9997 0.0001 0.9998 0.0001 0.0000 0.0001 0.0001 0.9998 0.0001 0.0000
0.9998 0.0001 0.0000 0.0001 0.0001 0.0001 0.9997 0.0001 0.0001 0.9998 0.0001 0.0001 0.9998 0.0001 0.0001 0.0001
0.0001 0.0001 0.9997 0.0001 0.0001 0.9998 0.0001 0.0001 0.0001 0.9998 0.0001 0.0000 0.0001 0.9998 0.0001 0.0000
0.0001 0.9998 0.0001 0.0000 0.0001 0.9998 0.0001 0.0000 0.0001 0.0001 0.0001 0.9998 0.0001 0.0001 0.0001 0.9998
0.0001 0.0001 0.9997 0.0001 0.0001 0.0001 0.0001 0.9998 0.0001 0.9998 0.0001 0.0000 0.0001 0.9998 0.0001 0.0001
0.9998 0.0001 0.0000 0.0001 0.9998 0.0001 0.0000 0.0001 0.0001 0.0001 0.0001 0.9998 0.0001 0.0001 0.0001 0.9998
0.0001 0.0001 0.9997 0.0001 0.0001 0.0001 0.9997 0.0001 0.0001 0.0001 0.9998 0.0001 0.0001 0.0001 0.0001 0.9998
0.0001 0.0001 0.0001 0.9998 0.0001 0.0001 0.9997 0.0001 0.0001 0.0001 0.0001 0.9998 0.0001 0.0001 0.9998 0.0001
0.0001 0.9998 0.0001 0.0001 0.0001 0.9998 0.0001 0.0000 0.0001 0.0001 0.0001 0.9998 0.0001 0.0001 0.0001 0.9998
0.9998 0.0001 0.0000 0.0001 0.0001 0.0001 0.0001 0.9998 0.0001 0.9998 0.0001 0.0001 0.9998 0.0001 0.0000 0.0001
0.0001 0.9998 0.0001 0.0000 0.0001 0.0001 0.9997 0.0001 0.0001 0.0001 0.9997 0.0001 0.0001 0.9998 0.0001 0.0000
0.0001 0.0001 0.9998 0.0001 0.9998 0.0001 0.0000 0.0001 0.0001 0.0001 0.0001 0.9998 0.0001 0.0001 0.0001 0.9998
0.0001 0.9998 0.0001 0.0001 0.0001 0.9998 0.0001 0.0001 0.0001 0.9998 0.0001 0.0000 0.0001 0.0001 0.9997 0.0001
0.9998 0.0001 0.0000 0.0001 0.0001 0.0001 0.9998 0.0001 0.0001 0.9998 0.0001 0.0001 0.9998 0.0001 0.0001 0.0001
0.0001 0.9998 0.0001 0.0000 0.0001 0.9998 0.0001 0.0001 0.0001 0.0001 0.9997 0.0001 0.0001 0.9998 0.0001 0.0000
0.9998 0.0001 0.0001 0.0001 0.9998 0.0001 0.0000 0.0001 0.0001 0.9998 0.0001 0.0001 0.0001 0.9998 0.0001 0.0001
0.0001 0.0001 0.0001 0.9998 0.0001 0.9998 0.0001 0.0000 0.0001 0.9998 0.0001 0.0001 0.0001 0.9998 0.0001 0.0000
0.0001 0.9998 0.0001 0.0000 0.0001 0.0001 0.9997 0.0001 0.0001 0.0001 0.9997 0.0001 0.0001 0.0001 0.9998 0.0001
0.0001 0.0001 0.0001 0.9998 0.0001 0.0001 0.9998 0.0001 0.0001 0.0001 0.0001 0.9998 0.0001 0.0001 0.0001 0.9998
0.0001 0.0001 0.0001 0.9998 0.0001 0.9998 0.0001 0.0001 0.0001 0.0001 0.0001 0.9998 0.0001 0.0001 0.9997 0.0001
0.0001 0.9998 0.0001 0.0001 0.0001 0.0001 0.9998 0.0001 0.0001 0.9998 0.0001 0.0000 0.0001 0.9998 0.0001 0.0000
0.0001 0.9998 0.0001 0.0000 0.0001 0.9998 0.0001 0.0000 0.9998 0.0001 0.0000 0.0001 0.0001 0.0001 0.9997 0.0001
0.0001 0.9998 0.0001 0.0001 0.0001 0.0001 0.0001 0.9998 0.0001 0.9998 0.0001 0.0000 0.0001 0.9998 0.0001 0.0001
0.9998 0.0001 0.0000 0.0001 0.0001 0.0001 0.9997 0.0001 0.0001 0.0001 0.9997 0.0001 0.0001 0.9998 0.0001 0.0000
0.0001 0.9998 0.0001 0.0000 0.0001 0.9998 0.0001 0.0000 0.0001 0.9998 0.0001 0.0000 0.0001 0.9998 0.0001 0.0000
0.0001 0.0001 0.9997 0.0001 0.0001 0.9998 0.0001 0.0000 0.0001 0.9998 0.0001 0.0000 0.0001 0.9998 0.0001 0.0000
0.0001 0.9998 0.0001 0.0000 0.0001 0.9998 0.0001 0.0000 0.0001 0.0001 0.9997 0.0001 0.0001 0.0001 0.9997 0.0001
0.0001 0.0001 0.0001 0.9998 0.0001 0.0001 0.9998 0.0001 0.0001 0.0001 0.9997 0.0001 0.0001 0.0001 0.9998 0.0001
0.0001 0.9998 0.0001 0.0000 0.0001 0.0001 0.9998 0.0001 0.0001 0.9998 0.0001 0.0000 0.0001 0.9998 0.0001 0.0000
0.0001 0.0001 0.9997 0.0001 0.0001 0.0001 0.0001 0.9998 0.0001 0.9998 0.0001 0.0001 0.0001 0.0001 0.0001 0.9998
0.0001 0.0001 0.0001 0.9998 0.0001 0.0001 0.9997 0.0001 0.0001 0.0001 0.9997 0.0001 0.9998 0.0001 0.0001 0.0001
0.0001 0.9998 0.0001 0.0000 0.0001 0.9998 0.0001 0.0001 0.0001 0.0001 0.9997 0.0001 0.0001 0.0001 0.0001 0.9998
0.9998 0.0001 0.0001 0.0001 0.0001 0.0001 0.0001 0.9998 0.9998 0.0001 0.0000 0.0001 0.0001 0.0001 0.0001 0.9998
0.9998 0.0001 0.0000 0.0001 0.0001 0.9998 0.0001 0.0001 0.0001 0.9998 0.0001 0.0001 0.0001 0.0001 0.9997 0.0001
0.0001 0.0001 0.9997 0.0001 0.9998 0.0001 0.0001 0.0001 0.9998 0.0001 0.0001 0.0001 0.0001 0.0001 0.0001 0.9998
0.0001 0.0001 0.0001 0.9998 0.0001 0.0001 0.0001 0.9998 0.9998 0.0001 0.0000 0.0001 0.0001 0.0001 0.9997 0.0001
0.9998 0.0001 0.0000 0.0001 0.9998 0.0001 0.0001 0.0001 0.0001 0.0001 0.9997 0.0001 0.0001 0.0001 0.0001 0.9998
0.9998 0.0001 0.0001 0.0001 0.0001 0.9998 0.0001 0.0001 0.0001 0.0001 0.9997 0.0001 0.0001 0.0001 0.0001 0.9998
0.9998 0.0001 0.0001 0.0001 0.9998 0.0001 0.0000 0.0001 0.9998 0.0001 0.0000 0.0001 0.9998 0.0001 0.0000 0.0001
0.0001 0.9998 0.0001 0.0001 0.0001 0.9998 0.0001 0.0001 0.0001 0.9998 0.0001 0.0000 0.9998 0.0001 0.0000 0.0001
0.9998 0.0001 0.0000 0.0001 0.9998 0.0001 0.0000 0.0001 0.0001 0.9998 0.0001 0.0001 0.9998 0.0001 0.0000 0.0001
0.0001 0.9998 0.0001 0.0000 0.9998 0.0001 0.0000 0.0001 0.0001 0.0001 0.0001 0.9998 0.0001 0.0001 0.9997 0.0001
0.0001 0.0001 0.9997 0.0001 0.0001 0.0001 0.9998 0.0001 0.9998 0.0001 0.0001 0.0001 0.0001 0.0001 0.0001 0.9998
0.0001 0.9998 0.0001 0.0001 0.9998 0.0001 0.0000 0.0001 0.0001 0.9998 0.0001 0.0000 0.0001 0.9998 0.0001 0.0001
0.0001 0.0001 0.9997 0.0001 0.9998 0.0001 0.0000 0.0001 0.0001 0.9998 0.0001 0.0000 0.0001 0.0001 0.0001 0.9998
0.0001 0.0001 0.0001 0.9998 0.9998 0.0001 0.0000 0.0001 0.0001 0.0001 0.0001 0.9998 0.0001 0.9998 0.0001 0.0001
0.0001 0.9998 0.0001 0.0001 0.0001 0.9998 0.0001 0.0000 0.0001 0.0001 0.0001 0.9998 0.9998 0.0001 0.0000 0.0001
0.0001 0.0001 0.0001 0.9998 0.0001 0.0001 0.9997 0.0001 0.0001 0.9998 0.0001 0.0001 0.0001 0.9998 0.0001 0.0000
0.0001 0.0001 0.0001 0.9998 0.0001 0.0001 0.9997 0.0001 0.0001 0.9998 0.0001 0.0001 0.0001 0.9998 0.0001 0.0000
0.0001 0.0001 0.9997 0.0001 0.0001 0.0001 0.0001 0.9998 0.0001 0.0001 0.9998 0.0001 0.0001 0.0001 0.0001 0.9998
0.0001 0.0001 0.9998 0.0001 0.0001 0.9998 0.0001 0.0001 0.0001 0.0001 0.0001 0.9998 0.0001 0.0001 0.9997 0.0001
0.0001 0.9998 0.0001 0.0001 0.0001 0.9998 0.0001 0.0000 0.0001 0.9998 0.0001 0.0000 0.0001 0.0001 0.0001 0.9998
0.0001 0.0001 0.9997 0.0001 0.0001 0.9998 0.0001 0.0001 0.0001 0.0001 0.9998 0.0001 0.0001 0.0001 0.0001 0.9998
0.9998 0.0001 0.0001 0.0001 0.9998 0.0001 0.0000 0.0001 0.0001 0.0001 0.0001 0.9998 0.0001 0.0001 0.9997 0.0001
0.0001 0.9998 0.0001 0.0001 0.0001 0.0001 0.9998 0.0001 0.9998 0.0001 0.0000 0.0001 0.9998 0.0001 0.0001 0.0001
0.0001 0.9998 0.0001 0.0001 0.0001 0.9998 0.0001 0.0001 0.9998 0.0001 0.0000 0.0001 0.9998 0.0001 0.0000 0.0001
0.9998 0.0001 0.0000 0.0001 0.9998 0.0001 0.0000 0.0001 0.0001 0.0001 0.9997 0.0001 0.0001 0.0001 0.9997 0.0001
0.0001 0.0001 0.9998 0.0001 0.0001 0.0001 0.0001 0.9998 0.0001 0.9998 0.0001 0.0000 0.0001 0.9998 0.0001 0.0001
0.9998 0.0001 0.0000 0.0001 0.9998 0.0001 0.0000 0.0001 0.0001 0.0001 0.9997 0.0001 0.0001 0.9998 0.0001 0.0001
0.0001 0.9998 0.0001 0.0000 0.0001 0.0001 0.0001 0.9998 0.9998 0.0001 0.0000 0.0001 0.0001 0.0001 0.0001 0.9998
0.0001 0.0001 0.9997 0.0001 0.0001 0.9998 0.0001 0.0001 0.0001 0.0001 0.0001 0.9998 0.0001 0.0001 0.9997 0.0001
0.0001 0.0001 0.0001 0.9998 0.0001 0.0001 0.9998 0.0001 0.0001 0.9998 0.0001 0.0001 0.0001 0.0001 0.9998 0.0001
0.0001 0.0001 0.9997 0.0001 0.0001 0.0001 0.9998 0.0001 0.0001 0.0001 0.9998 0.0001 0.0001 0.0001 0.0001 0.9998
0.0001 0.0001 0.0001 0.9998 0.0001 0.9998 0.0001 0.0001 0.9998 0.0001 0.0000 0.0001 0.0001 0.0001 0.9997 0.0001
0.0001 0.9998 0.0001 0.0001 0.0001 0.0001 0.0001 0.9998 0.0001 0.9998 0.0001 0.0000 0.0001 0.9998 0.0001 0.0001
0.0001 0.9998 0.0001 0.0000 0.0001 0.9998 0.0001 0.0000 0.0001 0.0001 0.0001 0.9998 0.0001 0.0001 0.0001 0.9998
0.0001 0.9998 0.0001 0.0001 0.0001 0.9998 0.0001 0.0001 0.0001 0.9998 0.0001 0.0000 0.0001 0.9998 0.0001 0.0000
0.9998 0.0001 0.0000 0.0001 0.9998 0.0001 0.0000 0.0001 0.0001 0.0001 0.9997 0.0001 0.0001 0.0001 0.0001 0.9998
0.0001 0.0001 0.9998 0.0001 0.0001 0.0001 0.9997 0.0001 0.0001 0.9998 0.0001 0.0000 0.9998 0.0001 0.0001 0.0001
0.0001 0.0001 0.9997 0.0001 0.0001 0.0001 0.0001 0.9998 0.0001 0.0001 0.9998 0.0001 0.0001 0.0001 0.0001 0.9998
0.0001 0.0001 0.0001 0.9998 0.0001 0.0001 0.0001 0.9998 0.9998 0.0001 0.0000 0.0001 0.0001 0.0001 0.0001 0.9998
0.0001 0.0001 0.0001 0.9998 0.0001 0.0001 0.9997 0.0001 0.0001 0.0001 0.9997 0.0001 0.0001 0.0001 0.0001 0.9998
0.0001 0.9998 0.0001 0.0000 0.0001 0.0001 0.0001 0.9998 0.0001 0.0001 0.0001 0.9998 0.9998 0.0001 0.0000 0.0001
0.0001 0.0001 0.0001 0.9998 0.0001 0.9998 0.0001 0.0001 0.0001 0.0001 0.0001 0.9998 0.0001 0.0001 0.9997 0.0001
0.0001 0.0001 0.0001 0.9998 0.9998 0.0001 0.0001 0.0001 0.0001 0.9998 0.0001 0.0001 0.0001 0.9998 0.0001 0.0001
0.9998 0.0001 0.0000 0.0001 0.9998 0.0001 0.0000 0.0001 0.0001 0.9998 0.0001 0.0001 0.0001 0.9998 0.0001 0.0001
0.0001 0.0001 0.9997 0.0001 0.0001 0.0001 0.9997 0.0001 0.0001 0.0001 0.9998 0.0001 0.9998 0.0001 0.0001 0.0001
0.0001 0.0001 0.0001 0.9998 0.0001 0.9998 0.0001 0.0001 0.0001 0.0001 0.0001 0.9998 0.0001 0.0001 0.0001 0.9998
0.0001 0.0001 0.9997 0.0001 0.0001 0.0001 0.0001 0.9998 0.0001 0.0001 0.9998 0.0001 0.0001 0.0001 0.0001 0.9998
0.0001 0.9998 0.0001 0.0000 0.0001 0.9998 0.0001 0.0001 0.0001 0.0001 0.9997 0.0001 0.0001 0.0001 0.0001 0.9998
0.9998 0.0001 0.0001 0.0001 0.9998 0.0001 0.0000 0.0001 0.0001 0.9998 0.0001 0.0001 0.0001 0.9998 0.0001 0.0001
0.0001 0.0001 0.0001 0.9998 0.0001 0.9998 0.0001 0.0000 0.0001 0.9998 0.0001 0.0001 0.0001 0.9998 0.0001 0.0000
0.0001 0.0001 0.0001 0.9998 0.0001 0.0001 0.0001 0.9998 0.0001 0.0001 0.9997 0.0001 0.0001 0.9998 0.0001 0.0001
0.0001 0.0001 0.0001 0.9998 0.9998 0.0001 0.0000 0.0001 0.9998 0.0001 0.0000 0.0001 0.9998 0.0001 0.0000 0.0001
0.9998 0.0001 0.0000 0.0001 0.0001 0.9998 0.0001 0.0001 0.0001 0.0001 0.0001 0.9998 0.0001 0.0001 0.9997 0.0001
0.0001 0.0001 0.0001 0.9998 0.0001 0.0001 0.9998 0.0001 0.0001 0.0001 0.0001 0.9998 0.9998 0.0001 0.0001 0.0001
0.0001 0.0001 0.0001 0.9998 0.0001 0.0001 0.9997 0.0001 0.0001 0.9998 0.0001 0.0001 0.0001 0.9998 0.0001 0.0000
0.9998 0.0001 0.0000 0.0001 0.0001 0.9998 0.0001 0.0000 0.0001 0.0001 0.0001 0.9998 0.0001 0.9998 0.0001 0.0000
0.0001 0.9998 0.0001 0.0001 0.0001 0.0001 0.9997 0.0001 0.0001 0.0001 0.9997 0.0001 0.0001 0.0001 0.0001 0.9998
0.0001 0.0001 0.0001 0.9998 0.9998 0.0001 0.0000 0.0001 0.0001 0.0001 0.9997 0.0001 0.0001 0.0001 0.0001 0.9998
0.0001 0.0001 0.0001 0.9998 0.0001 0.9998 0.0001 0.0001 0.9998 0.0001 0.0000 0.0001 0.9998 0.0001 0.0000 0.0001
0.0001 0.0001 0.9997 0.0001 0.0001 0.0001 0.0001 0.9998 0.0001 0.9998 0.0001 0.0000 0.0001 0.0001 0.9997 0.0001
0.0001 0.0001 0.0001 0.9998 0.0001 0.0001 0.9998 0.0001 0.0001 0.0001 0.0001 0.9998 0.9998 0.0001 0.0001 0.0001
0.0001 0.9998 0.0001 0.0001 0.0001 0.0001 0.0001 0.9998 0.0001 0.0001 0.9997 0.0001 0.0001 0.0001 0.0001 0.9998
0.0001 0.0001 0.0001 0.9998 0.0001 0.9998 0.0001 0.0001 0.9998 0.0001 0.0000 0.0001 0.9998 0.0001 0.0000 0.0001
0.9998 0.0001 0.0000 0.0001 0.9998 0.0001 0.0000 0.0001 0.0001 0.0001 0.9997 0.0001 0.0001 0.0001 0.9997 0.0001
0.9998 0.0001 0.0001 0.0001 0.9998 0.0001 0.0001 0.0001 0.9998 0.0001 0.0000 0.0001 0.0001 0.9998 0.0001 0.0001
0.0001 0.0001 0.9997 0.0001 0.0001 0.0001 0.9997 0.0001 0.0001 0.0001 0.9998 0.0001 0.0001 0.0001 0.9998 0.0001
0.0001 0.0001 0.0001 0.9998 0.0001 0.0001 0.9998 0.0001 0.0001 0.0001 0.9997 0.0001 0.0001 0.0001 0.0001 0.9998
0.9998 0.0001 0.0001 0.0001 0.9998 0.0001 0.0000 0.0001 0.0001 0.9998 0.0001 0.0001 0.0001 0.0001 0.9997 0.0001
0.9998 0.0001 0.0000 0.0001 0.9998 0.0001 0.0001 0.0001 0.0001 0.0001 0.9997 0.0001 0.0001 0.0001 0.0001 0.9998
0.9998 0.0001 0.0001 0.0001 0.9998 0.0001 0.0000 0.0001 0.9998 0.0001 0.0000 0.0001 0.9998 0.0001 0.0000 0.0001
0.0001 0.0001 0.9997 0.0001 0.0001 0.0001 0.9997 0.0001 0.0001 0.9998 0.0001 0.0000 0.0001 0.9998 0.0001 0.0000
0.9998 0.0001 0.0000 0.0001 0.0001 0.9998 0.0001 0.0000 0.0001 0.9998 0.0001 0.0001 0.9998 0.0001 0.0000 0.0001
0.0001 0.9998 0.0001 0.0000 0.0001 0.0001 0.9997 0.0001 0.0001 0.0001 0.9997 0.0001 0.0001 0.0001 0.0001 0.9998
0.0001 0.9998 0.0001 0.0000 0.0001 0.9998 0.0001 0.0001 0.0001 0.9998 0.0001 0.0000 0.0001 0.0001 0.0001 0.9998
0.9998 0.0001 0.0000 0.0001 0.0001 0.0001 0.0001 0.9998 0.0001 0.0001 0.0001 0.9998 0.0001 0.0001 0.0001 0.9998
0.0001 0.0001 0.0001 0.9998 0.9998 0.0001 0.0000 0.0001 0.9998 0.0001 0.0000 0.0001 0.9998 0.0001 0.0000 0.0001
0.9998 0.0001 0.0000 0.0001 0.9998 0.0001 0.0000 0.0001 0.9998 0.0001 0.0000 0.0001 0.9998 0.0001 0.0000 0.0001
0.0001 0.0001 0.9997 0.0001 0.0001 0.9998 0.0001 0.0001 0.9998 0.0001 0.0001 0.0001 0.0001 0.9998 0.0001 0.0000
0.0001 0.9998 0.0001 0.0001 0.0001 0.9998 0.0001 0.0000 0.0001 0.0001 0.0001 0.9998 0.0001 0.0001 0.9997 0.0001
0.0001 0.0001 0.9997 0.0001 0.0001 0.0001 0.0001 0.9998 0.0001 0.0001 0.0001 0.9998 0.0001 0.0001 0.9997 0.0001
0.9998 0.0001 0.0000 0.0001 0.9998 0.0001 0.0001 0.0001 0.9998 0.0001 0.0000 0.0001 0.0001 0.0001 0.9997 0.0001
0.0001 0.9998 0.0001 0.0001 0.0001 0.9998 0.0001 0.0000 0.9998 0.0001 0.0000 0.0001 0.9998 0.0001 0.0000 0.0001
0.0001 0.0001 0.9997 0.0001 0.0001 0.0001 0.0001 0.9998 0.0001 0.0001 0.9998 0.0001 0.0001 0.0001 0.0001 0.9998
0.9998 0.0001 0.0001 0.0001 0.0001 0.0001 0.0001 0.9998 0.9998 0.0001 0.0000 0.0001 0.9998 0.0001 0.0000 0.0001
0.0001 0.0001 0.0001 0.9998 0.0001 0.0001 0.9997 0.0001 0.0001 0.0001 0.0001 0.9998 0.0001 0.9998 0.0001 0.0000
0.0001 0.0001 0.9997 0.0001 0.0001 0.9998 0.0001 0.0000 0.0001 0.9998 0.0001 0.0000 0.0001 0.9998 0.0001 0.0000
0.9998 0.0001 0.0000 0.0001 0.9998 0.0001 0.0000 0.0001 0.9998 0.0001 0.0000 0.0001 0.0001 0.0001 0.0001 0.9998
0.0001 0.0001 0.0001 0.9998 0.0001 0.9998 0.0001 0.0001 0.0001 0.0001 0.9997 0.0001 0.9998 0.0001 0.0000 0.0001
0.0001 0.0001 0.9998 0.0001 0.0001 0.0001 0.0001 0.9998 0.0001 0.0001 0.9998 0.0001 0.0001 0.0001 0.0001 0.9998
0.9998 0.0001 0.0001 0.0001 0.0001 0.9998 0.0001 0.0001 0.0001 0.0001 0.9997 0.0001 0.0001 0.9998 0.0001 0.0000
0.9998 0.0001 0.0001 0.0001 0.0001 0.9998 0.0001 0.0000 0.0001 0.9998 0.0001 0.0001 0.0001 0.9998 0.0001 0.0000
0.9998 0.0001 0.0000 0.0001 0.0001 0.0001 0.0001 0.9998 0.0001 0.0001 0.9997 0.0001 0.0001 0.0001 0.0001 0.9998
0.0001 0.0001 0.9998 0.0001 0.0001 0.0001 0.9997 0.0001 0.0001 0.9998 0.0001 0.0000 0.0001 0.9998 0.0001 0.0000
0.0001 0.0001 0.0001 0.9998 0.0001 0.0001 0.9997 0.0001 0.0001 0.0001 0.0001 0.9998 0.9998 0.0001 0.0001 0.0001
0.0001 0.0001 0.9997 0.0001 0.9998 0.0001 0.0000 0.0001 0.0001 0.0001 0.9998 0.0001 0.0001 0.0001 0.9997 0.0001
0.0001 0.9998 0.0001 0.0000 0.0001 0.0001 0.0001 0.9998 0.0001 0.0001 0.0001 0.9998 0.0001 0.0001 0.0001 0.9998
0.0001 0.0001 0.9997 0.0001 0.0001 0.0001 0.0001 0.9998 0.0001 0.9998 0.0001 0.0000 0.0001 0.0001 0.0001 0.9998
0.0001 0.0001 0.9997 0.0001 0.0001 0.9998 0.0001 0.0001 0.0001 0.0001 0.0001 0.9998 0.0001 0.0001 0.0001 0.9998
0.0001 0.9998 0.0001 0.0001 0.0001 0.9998 0.0001 0.0001 0.0001 0.0001 0.9997 0.0001 0.0001 0.0001 0.0001 0.9998
0.0001 0.9998 0.0001 0.0000 0.0001 0.9998 0.0001 0.0001 0.0001 0.9998 0.0001 0.0000 0.9998 0.0001 0.0001 0.0001
0.0001 0.0001 0.0001 0.9998 0.9998 0.0001 0.0000 0.0001 0.0001 0.0001 0.9997 0.0001 0.0001 0.0001 0.0001 0.9998
0.0001 0.0001 0.9998 0.0001 0.9998 0.0001 0.0000 0.0001 0.0001 0.0001 0.9998 0.0001 0.9998 0.0001 0.0000 0.0001
0.0001 0.0001 0.0001 0.9998 0.0001 0.0001 0.9997 0.0001 0.0001 0.0001 0.9997 0.0001 0.0001 0.0001 0.0001 0.9998
0.9998 0.0001 0.0001 0.0001 0.0001 0.9998 0.0001 0.0001 0.0001 0.0001 0.9997 0.0001 0.0001 0.0001 0.9997 0.0001
0.0001 0.0001 0.9998 0.0001 0.9998 0.0001 0.0001 0.0001 0.0001 0.0001 0.0001 0.9998 0.0001 0.0001 0.0001 0.9998
0.0001 0.0001 0.0001 0.9998 0.0001 0.9998 0.0001 0.0001 0.0001 0.9998 0.0001 0.0001 0.0001 0.9998 0.0001 0.0000
0.9998 0.0001 0.0000 0.0001 0.0001 0.9998 0.0001 0.0000 0.0001 0.0001 0.0001 0.9998 0.9998 0.0001 0.0000 0.0001
0.0001 0.9998 0.0001 0.0001 0.0001 0.0001 0.0001 0.9998 0.0001 0.0001 0.9997 0.0001 0.0001 0.0001 0.0001 0.9998
0.0001 0.9998 0.0001 0.0000 0.9998 0.0001 0.0000 0.0001 0.9998 0.0001 0.0000 0.0001 0.9998 0.0001 0.0000 0.0001
0.9998 0.0001 0.0000 0.0001 0.9998 0.0001 0.0000 0.0001 0.0001 0.0001 0.9997 0.0001 0.0001 0.0001 0.0001 0.9998
0.0001 0.0001 0.9998 0.0001 0.0001 0.9998 0.0001 0.0001 0.0001 0.9998 0.0001 0.0000 0.0001 0.9998 0.0001 0.0000
0.0001 0.0001 0.0001 0.9998 0.9998 0.0001 0.0000 0.0001 0.0001 0.0001 0.0001 0.9998 0.0001 0.0001 0.9997 0.0001
0.0001 0.9998 0.0001 0.0001 0.0001 0.9998 0.0001 0.0000 0.0001 0.9998 0.0001 0.0000 0.0001 0.0001 0.9997 0.0001
0.0001 0.9998 0.0001 0.0000 0.0001 0.0001 0.9998 0.0001 0.0001 0.0001 0.9997 0.0001 0.0001 0.0001 0.0001 0.9998
0.0001 0.9998 0.0001 0.0001 0.0001 0.9998 0.0001 0.0001 0.9998 0.0001 0.0000 0.0001 0.9998 0.0001 0.0000 0.0001
0.9998 0.0001 0.0000 0.0001 0.9998 0.0001 0.0000 0.0001 0.0001 0.9998 0.0001 0.0001 0.0001 0.9998 0.0001 0.0001
0.0001 0.0001 0.0001 0.9998 0.0001 0.9998 0.0001 0.0000 0.0001 0.0001 0.0001 0.9998 0.0001 0.0001 0.9997 0.0001
0.0001 0.0001 0.9997 0.0001 0.0001 0.9998 0.0001 0.0000 0.9998 0.0001 0.0001 0.0001 0.0001 0.0001 0.0001 0.9998
0.0001 0.0001 0.9997 0.0001 0.0001 0.9998 0.0001 0.0001 0.0001 0.9998 0.0001 0.0000 0.0001 0.9998 0.0001 0.0000
0.0001 0.0001 0.0001 0.9998 0.0001 0.0001 0.9997 0.0001 0.0001 0.9998 0.0001 0.0001 0.0001 0.0001 0.9998 0.0001
0.0001 0.9998 0.0001 0.0000 0.0001 0.9998 0.0001 0.0000 0.9998 0.0001 0.0000 0.0001 0.9998 0.0001 0.0000 0.0001
0.9998 0.0001 0.0000 0.0001 0.9998 0.0001 0.0000 0.0001 0.0001 0.0001 0.0001 0.9998 0.0001 0.0001 0.9997 0.0001
0.9998 0.0001 0.0000 0.0001 0.0001 0.0001 0.0001 0.9998 0.0001 0.0001 0.9997 0.0001 0.9998 0.0001 0.0000 0.0001
0.0001 0.9998 0.0001 0.0000 0.9998 0.0001 0.0000 0.0001 0.0001 0.0001 0.0001 0.9998 0.9998 0.0001 0.0000 0.0001
0.0001 0.9998 0.0001 0.0001 0.0001 0.9998 0.0001 0.0001 0.9998 0.0001 0.0000 0.0001 0.9998 0.0001 0.0000 0.0001
0.9998 0.0001 0.0000 0.0001 0.9998 0.0001 0.0000 0.0001 0.0001 0.0001 0.9997 0.0001 0.0001 0.0001 0.0001 0.9998
0.0001 0.0001 0.0001 0.9998 0.0001 0.0001 0.0001 0.9998 0.9998 0.0001 0.0000 0.0001 0.9998 0.0001 0.0000 0.0001
0.0001 0.0001 0.9997 0.0001 0.0001 0.0001 0.9997 0.0001 0.0001 0.0001 0.0001 0.9998 0.0001 0.0001 0.9998 0.0001
0.0001 0.0001 0.0001 0.9998 0.0001 0.0001 0.9998 0.0001 0.0001 0.0001 0.9997 0.0001 0.0001 0.0001 0.9998 0.0001
0.9998 0.0001 0.0001 0.0001 0.9998 0.0001 0.0000 0.0001 0.0001 0.9998 0.0001 0.0001 0.9998 0.0001 0.0000 0.0001
0.0001 0.9998 0.0001 0.0000 0.0001 0.9998 0.0001 0.0001 0.0001 0.0001 0.0001 0.9998 0.0001 0.0001 0.0001 0.9998
0.0001 0.0001 0.9997 0.0001 0.0001 0.0001 0.0001 0.9998 0.9998 0.0001 0.0001 0.0001 0.0001 0.9998 0.0001 0.0001
0.9998 0.0001 0.0000 0.0001 0.9998 0.0001 0.0000 0.0001 0.0001 0.9998 0.0001 0.0001 0.0001 0.9998 0.0001 0.0001
0.0001 0.0001 0.0001 0.9998 0.9998 0.0001 0.0000 0.0001 0.0001 0.0001 0.9997 0.0001 0.0001 0.0001 0.9997 0.0001
0.0001 0.0001 0.9998 0.0001 0.0001 0.0001 0.0001 0.9998 0.0001 0.0001 0.0001 0.9998 0.0001 0.0001 0.9997 0.0001
0.9998 0.0001 0.0000 0.0001 0.9998 0.0001 0.0001 0.0001 0.0001 0.0001 0.9997 0.0001 0.0001 0.9998 0.0001 0.0001
0.9998 0.0001 0.0001 0.0001 0.9998 0.0001 0.0000 0.0001 0.0001 0.0001 0.0001 0.9998 0.0001 0.0001 0.9997 0.0001
0.0001 0.0001 0.0001 0.9998 0.0001 0.0001 0.0001 0.9998 0.0001 0.0001 0.9997 0.0001 0.0001 0.0001 0.0001 0.9998
0.0001 0.9998 0.0001 0.0000 0.0001 0.0001 0.9997 0.0001 0.9998 0.0001 0.0000 0.0001 0.9998 0.0001 0.0001 0.0001
0.0001 0.0001 0.0001 0.9998 0.9998 0.0001 0.0000 0.0001 0.0001 0.0001 0.9997 0.0001 0.9998 0.0001 0.0000 0.0001
0.0001 0.0001 0.9998 0.0001 0.0001 0.0001 0.0001 0.9998 0.0001 0.0001 0.9998 0.0001 0.0001 0.0001 0.9997 0.0001
0.0001 0.0001 0.0001 0.9998 0.0001 0.0001 0.9998 0.0001 0.0001 0.9998 0.0001 0.0001 0.0001 0.9998 0.0001 0.0000
0.0001 0.0001 0.0001 0.9998 0.0001 0.0001 0.9997 0.0001 0.0001 0.0001 0.9997 0.0001 0.0001 0.0001 0.0001 0.9998
0.0001 0.9998 0.0001 0.0000 0.9998 0.0001 0.0000 0.0001 0.9998 0.0001 0.0000 0.0001 0.0001 0.0001 0.9997 0.0001
0.0001 0.0001 0.0001 0.9998 0.0001 0.0001 0.9998 0.0001 0.9998 0.0001 0.0000 0.0001 0.0001 0.0001 0.0001 0.9998
0.0001 0.9998 0.0001 0.0001 0.0001 0.0001 0.9997 0.0001 0.9998 0.0001 0.0000 0.0001 0.0001 0.0001 0.9998 0.0001
0.0001 0.9998 0.0001 0.0001 0.0001 0.9998 0.0001 0.0000 0.0001 0.0001 0.0001 0.9998 0.0001 0.0001 0.0001 0.9998
0.0001 0.9998 0.0001 0.0001 0.0001 0.9998 0.0001 0.0001 0.0001 0.0001 0.9997 0.0001 0.0001 0.9998 0.0001 0.0000
0.9998 0.0001 0.0001 0.0001 0.9998 0.0001 0.0000 0.0001 0.9998 0.0001 0.0000 0.0001 0.9998 0.0001 0.0000 0.0001
0.0001 0.0001 0.9997 0.0001 0.9998 0.0001 0.0000 0.0001 0.0001 0.0001 0.0001 0.9998 0.0001 0.0001 0.9997 0.0001
0.0001 0.0001 0.9997 0.0001 0.0001 0.0001 0.0001 0.9998 0.9998 0.0001 0.0001 0.0001 0.0001 0.0001 0.9997 0.0001
0.9998 0.0001 0.0000 0.0001 0.0001 0.0001 0.9998 0.0001 0.9998 0.0001 0.0000 0.0001 0.9998 0.0001 0.0001 0.0001
0.0001 0.0001 0.9997 0.0001 0.0001 0.9998 0.0001 0.0001 0.0001 0.0001 0.0001 0.9998 0.0001 0.9998 0.0001 0.0000
