0.1156 0.1023 0.6570 0.1250 0.1422 0.0756 0.0947 0.6875 0.0551 0.0243 0.2431 0.6775 0.0158 0.0048 0.0068 0.9726
0.8667 0.0054 0.0127 0.1153 0.7675 0.0042 0.0032 0.2251 0.0364 0.0034 0.9456 0.0146 0.0813 0.8921 0.0051 0.0215
0.9955 0.0008 0.0021 0.0016 0.0007 0.9984 0.0005 0.0004 0.9993 0.0002 0.0001 0.0004 0.9958 0.0029 0.0003 0.0009
0.0009 0.0003 0.0003 0.9985 0.0006 0.9986 0.0005 0.0003 0.0003 0.9988 0.0004 0.0005 0.0003 0.0004 0.0003 0.9991
0.0002 0.0003 0.0002 0.9993 0.0001 0.0004 0.9990 0.0005 0.0002 0.9993 0.0003 0.0002 0.0002 0.9992 0.0004 0.0002
0.0002 0.9995 0.0002 0.0001 0.9991 0.0004 0.0001 0.0003 0.9992 0.0004 0.0001 0.0003 0.0002 0.9993 0.0003 0.0002
0.0002 0.9993 0.0003 0.0002 0.0002 0.9994 0.0003 0.0001 0.0002 0.9994 0.0003 0.0001 0.0002 0.9994 0.0003 0.0001
0.0001 0.0003 0.9993 0.0003 0.9993 0.0003 0.0001 0.0002 0.0002 0.0002 0.0002 0.9994 0.0002 0.0003 0.9992 0.0003
0.0002 0.0002 0.0002 0.9994 0.9993 0.0003 0.0001 0.0002 0.0002 0.9994 0.0003 0.0001 0.0002 0.9993 0.0003 0.0001
0.0002 0.0002 0.0002 0.9994 0.0002 0.0002 0.0002 0.9994 0.0002 0.9994 0.0003 0.0001 0.9994 0.0003 0.0001 0.0002
0.9993 0.0003 0.0001 0.0002 0.9994 0.0003 0.0001 0.0002 0.0002 0.9993 0.0003 0.0001 0.9994 0.0002 0.0001 0.0002
0.0002 0.9994 0.0003 0.0001 0.0002 0.9993 0.0003 0.0001 0.0002 0.9994 0.0003 0.0001 0.9994 0.0003 0.0001 0.0002
0.0002 0.9994 0.0003 0.0001 0.0002 0.9993 0.0003 0.0001 0.0002 0.0003 0.9993 0.0003 0.9994 0.0003 0.0001 0.0002
0.0002 0.9994 0.0003 0.0001 0.0002 0.9993 0.0003 0.0001 0.0002 0.9994 0.0003 0.0001 0.0002 0.0002 0.0002 0.9993
0.0002 0.0002 0.0002 0.9993 0.0002 0.0003 0.9993 0.0003 0.0002 0.9994 0.0003 0.0001 0.0002 0.9994 0.0003 0.0001
0.0002 0.0003 0.9993 0.0003 0.0002 0.0002 0.0002 0.9994 0.0002 0.0003 0.9993 0.0002 0.0002 0.0002 0.0002 0.9994
0.0002 0.0003 0.9993 0.0002 0.0002 0.9994 0.0003 0.0001 0.9994 0.0003 0.0001 0.0002 0.0002 0.9994 0.0003 0.0001
0.9994 0.0002 0.0001 0.0002 0.0002 0.0003 0.9993 0.0003 0.9994 0.0002 0.0001 0.0002 0.9993 0.0003 0.0001 0.0002
0.0003 0.0002 0.0002 0.9993 0.0002 0.0003 0.9992 0.0003 0.0002 0.0003 0.9993 0.0002 0.0002 0.9994 0.0003 0.0001
0.0002 0.0003 0.9993 0.0002 0.0002 0.0002 0.0002 0.9993 0.0002 0.9994 0.0003 0.0001 0.0002 0.9994 0.0003 0.0001
0.9994 0.0003 0.0001 0.0002 0.9993 0.0003 0.0001 0.0002 0.0002 0.9993 0.0003 0.0001 0.0002 0.0002 0.0002 0.9993
0.0002 0.0002 0.0002 0.9994 0.0002 0.0003 0.9993 0.0003 0.0002 0.0003 0.9993 0.0003 0.0002 0.0002 0.0002 0.9994
0.0002 0.0003 0.9993 0.0002 0.0002 0.9994 0.0003 0.0001 0.9994 0.0003 0.0001 0.0002 0.0002 0.0003 0.9993 0.0003
0.9994 0.0002 0.0001 0.0002 0.9993 0.0003 0.0001 0.0002 0.9994 0.0002 0.0001 0.0002 0.0002 0.9993 0.0003 0.0001
0.0003 0.0002 0.0002 0.9993 0.0002 0.0003 0.9993 0.0003 0.0002 0.0002 0.0002 0.9994 0.0002 0.0003 0.9993 0.0002
0.0002 0.0003 0.9993 0.0002 0.0002 0.0002 0.0002 0.9993 0.0002 0.0003 0.9993 0.0002 0.0002 0.0003 0.9993 0.0003
0.9994 0.0003 0.0001 0.0002 0.9993 0.0003 0.0001 0.0002 0.0002 0.0003 0.9992 0.0003 0.9994 0.0002 0.0001 0.0002
0.0002 0.0003 0.9993 0.0002 0.0003 0.0002 0.0002 0.9993 0.9994 0.0003 0.0001 0.0002 0.0002 0.9994 0.0003 0.0001
0.0002 0.0003 0.9992 0.0003 0.0002 0.0002 0.0002 0.9994 0.9994 0.0003 0.0001 0.0002 0.0002 0.9994 0.0003 0.0001
0.0003 0.0002 0.0002 0.9993 0.0002 0.0002 0.0002 0.9994 0.9994 0.0002 0.0001 0.0002 0.0002 0.0003 0.9993 0.0003
0.9994 0.0003 0.0001 0.0002 0.0002 0.0002 0.0002 0.9994 0.0002 0.0003 0.9992 0.0003 0.0002 0.0003 0.9993 0.0003
0.9994 0.0003 0.0001 0.0002 0.9993 0.0003 0.0001 0.0002 0.0002 0.0003 0.9992 0.0003 0.0002 0.0002 0.0002 0.9993
0.0002 0.0002 0.0002 0.9994 0.0002 0.9994 0.0003 0.0001 0.0002 0.9994 0.0003 0.0001 0.9993 0.0003 0.0001 0.0002
0.0002 0.0003 0.9993 0.0003 0.0002 0.0003 0.9992 0.0003 0.0002 0.0003 0.9993 0.0002 0.0002 0.0003 0.9993 0.0002
0.0002 0.0003 0.9993 0.0002 0.0002 0.0002 0.0002 0.9994 0.0002 0.9994 0.0003 0.0001 0.0002 0.0002 0.0002 0.9994
0.0002 0.9994 0.0003 0.0001 0.9994 0.0003 0.0001 0.0002 0.9994 0.0003 0.0001 0.0002 0.0002 0.9994 0.0003 0.0001
0.0002 0.0003 0.9992 0.0003 0.0002 0.0002 0.0002 0.9994 0.0002 0.0002 0.0002 0.9994 0.0001 0.0003 0.9993 0.0003
0.9994 0.0002 0.0001 0.0002 0.9993 0.0003 0.0001 0.0002 0.0002 0.9993 0.0003 0.0001 0.0002 0.9994 0.0003 0.0001
0.9994 0.0003 0.0001 0.0002 0.9994 0.0003 0.0001 0.0002 0.0002 0.0003 0.9992 0.0003 0.9994 0.0003 0.0001 0.0002
0.9994 0.0003 0.0001 0.0002 0.0002 0.0003 0.9992 0.0003 0.0002 0.0003 0.9992 0.0003 0.9994 0.0003 0.0001 0.0002
0.0002 0.0003 0.9993 0.0002 0.0003 0.0002 0.0002 0.9993 0.0002 0.9994 0.0003 0.0001 0.0002 0.9994 0.0003 0.0001
0.0002 0.0002 0.0002 0.9993 0.9994 0.0003 0.0001 0.0002 0.9994 0.0003 0.0001 0.0002 0.0002 0.0003 0.9992 0.0003
0.0002 0.0003 0.9992 0.0003 0.9994 0.0003 0.0001 0.0002 0.0002 0.0003 0.9993 0.0002 0.9994 0.0002 0.0001 0.0002
0.0002 0.0003 0.9993 0.0002 0.0002 0.9993 0.0003 0.0001 0.0002 0.0003 0.9993 0.0002 0.9994 0.0003 0.0001 0.0002
0.0002 0.9994 0.0003 0.0001 0.0002 0.9993 0.0003 0.0001 0.0002 0.9994 0.0003 0.0001 0.0002 0.9994 0.0003 0.0001
0.0002 0.0003 0.9993 0.0003 0.0002 0.0002 0.0002 0.9993 0.0002 0.0002 0.0002 0.9994 0.0002 0.0003 0.9993 0.0003
0.0002 0.0003 0.9993 0.0003 0.0002 0.9994 0.0003 0.0001 0.0002 0.0003 0.9993 0.0002 0.0002 0.0002 0.0002 0.9994
0.9994 0.0003 0.0001 0.0002 0.9994 0.0003 0.0001 0.0002 0.0002 0.9993 0.0003 0.0001 0.0002 0.9993 0.0003 0.0001
0.0002 0.0002 0.0002 0.9994 0.0002 0.0002 0.0002 0.9994 0.0002 0.0002 0.0002 0.9994 0.0002 0.9994 0.0003 0.0001
0.0002 0.9994 0.0003 0.0001 0.0002 0.0003 0.9993 0.0003 0.0002 0.0003 0.9993 0.0003 0.0002 0.0003 0.9993 0.0002
0.0002 0.9994 0.0003 0.0001 0.0002 0.0003 0.9993 0.0002 0.0002 0.0003 0.9993 0.0003 0.0002 0.0002 0.0002 0.9993
0.9993 0.0003 0.0001 0.0002 0.0002 0.0003 0.9993 0.0003 0.0003 0.0002 0.0002 0.9993 0.9993 0.0003 0.0001 0.0002
0.0002 0.9994 0.0003 0.0001 0.0002 0.0003 0.9992 0.0003 0.0002 0.0003 0.9993 0.0003 0.9994 0.0003 0.0001 0.0002
0.0002 0.0003 0.9993 0.0002 0.0003 0.0002 0.0002 0.9993 0.9994 0.0003 0.0001 0.0002 0.0002 0.0003 0.9993 0.0002
0.0002 0.0003 0.9992 0.0003 0.0002 0.0003 0.9993 0.0002 0.0002 0.9994 0.0003 0.0001 0.0002 0.0003 0.9993 0.0002
0.0002 0.9994 0.0003 0.0001 0.0002 0.0003 0.9993 0.0002 0.0002 0.0003 0.9993 0.0003 0.0002 0.0002 0.0002 0.9994
0.0002 0.0003 0.9993 0.0002 0.0002 0.0002 0.0002 0.9994 0.0002 0.9993 0.0003 0.0001 0.0002 0.9994 0.0003 0.0001
0.0002 0.0003 0.9993 0.0003 0.0002 0.0002 0.0002 0.9994 0.0002 0.0002 0.0002 0.9994 0.9994 0.0003 0.0001 0.0002
0.0002 0.9994 0.0003 0.0001 0.9994 0.0003 0.0001 0.0002 0.0002 0.0002 0.0002 0.9994 0.0002 0.9993 0.0003 0.0001
0.9994 0.0003 0.0001 0.0002 0.9994 0.0003 0.0001 0.0002 0.0002 0.0003 0.9992 0.0003 0.0003 0.0002 0.0002 0.9993
0.0002 0.0002 0.0002 0.9994 0.0002 0.0003 0.9993 0.0002 0.0002 0.0003 0.9993 0.0003 0.0002 0.0002 0.0002 0.9994
0.0002 0.9994 0.0003 0.0001 0.0002 0.9994 0.0003 0.0001 0.9994 0.0003 0.0001 0.0002 0.0002 0.0003 0.9993 0.0003
0.0002 0.0003 0.9992 0.0003 0.9993 0.0003 0.0001 0.0002 0.9994 0.0003 0.0001 0.0002 0.9994 0.0002 0.0001 0.0002
0.0003 0.0002 0.0002 0.9993 0.0002 0.0003 0.9992 0.0003 0.0002 0.0003 0.9993 0.0002 0.0002 0.0002 0.0002 0.9994
0.0002 0.0003 0.9993 0.0002 0.0002 0.0002 0.0002 0.9994 0.0002 0.0003 0.9993 0.0002 0.0002 0.0002 0.0002 0.9994
0.0002 0.0003 0.9993 0.0002 0.0002 0.9994 0.0003 0.0001 0.0002 0.9994 0.0003 0.0001 0.0002 0.9994 0.0003 0.0001
0.9994 0.0003 0.0001 0.0002 0.0002 0.0003 0.9993 0.0003 0.0002 0.9993 0.0003 0.0001 0.9993 0.0003 0.0001 0.0002
0.0002 0.0003 0.9993 0.0003 0.0003 0.0002 0.0002 0.9993 0.0002 0.0003 0.9993 0.0002 0.0002 0.0002 0.0002 0.9994
0.9994 0.0003 0.0001 0.0002 0.9994 0.0003 0.0001 0.0002 0.9994 0.0002 0.0001 0.0002 0.0002 0.0003 0.9992 0.0003
0.9994 0.0002 0.0001 0.0002 0.0002 0.9994 0.0003 0.0001 0.0002 0.0003 0.9992 0.0003 0.0002 0.0003 0.9993 0.0003
0.0002 0.0002 0.0002 0.9994 0.9994 0.0003 0.0001 0.0002 0.0002 0.9994 0.0003 0.0001 0.9994 0.0002 0.0001 0.0002
0.9994 0.0003 0.0001 0.0002 0.0002 0.0003 0.9992 0.0003 0.0002 0.9994 0.0003 0.0001 0.0002 0.0003 0.9993 0.0002
0.0002 0.9994 0.0003 0.0001 0.9994 0.0003 0.0001 0.0002 0.0002 0.0003 0.9993 0.0003 0.0003 0.0002 0.0002 0.9993
0.0002 0.0002 0.0002 0.9994 0.9994 0.0002 0.0001 0.0002 0.0002 0.0002 0.0002 0.9994 0.9994 0.0003 0.0001 0.0002
0.0002 0.0002 0.0002 0.9994 0.0003 0.0002 0.0002 0.9993 0.9994 0.0003 0.0001 0.0002 0.9994 0.0002 0.0001 0.0002
0.0002 0.0003 0.9992 0.0003 0.0002 0.0002 0.0002 0.9993 0.9994 0.0003 0.0001 0.0002 0.0002 0.9994 0.0003 0.0001
0.0002 0.0003 0.9992 0.0003 0.0002 0.0002 0.0002 0.9994 0.9994 0.0003 0.0001 0.0002 0.9994 0.0003 0.0001 0.0002
0.0002 0.9994 0.0003 0.0001 0.0002 0.9993 0.0003 0.0001 0.0002 0.0003 0.9993 0.0003 0.0002 0.9994 0.0003 0.0001
0.9994 0.0003 0.0001 0.0002 0.9994 0.0003 0.0001 0.0002 0.9994 0.0002 0.0001 0.0002 0.9994 0.0003 0.0001 0.0002
0.9994 0.0002 0.0001 0.0002 0.9994 0.0002 0.0001 0.0002 0.0003 0.0002 0.0002 0.9993 0.9994 0.0003 0.0001 0.0002
0.0002 0.0002 0.0002 0.9994 0.0003 0.0002 0.0002 0.9993 0.0002 0.0003 0.9993 0.0002 0.9994 0.0002 0.0001 0.0002
0.9993 0.0003 0.0001 0.0002 0.9994 0.0003 0.0001 0.0002 0.9994 0.0002 0.0001 0.0002 0.0002 0.0003 0.9992 0.0003
0.0003 0.0002 0.0002 0.9993 0.9994 0.0003 0.0001 0.0002 0.0002 0.0003 0.9993 0.0002 0.0002 0.0003 0.9992 0.0003
0.0002 0.0002 0.0002 0.9994 0.9994 0.0003 0.0001 0.0002 0.0002 0.0003 0.9993 0.0003 0.9994 0.0002 0.0001 0.0002
0.0002 0.0002 0.0002 0.9994 0.0002 0.0003 0.9992 0.0003 0.9994 0.0002 0.0001 0.0002 0.9994 0.0003 0.0001 0.0002
0.0002 0.0003 0.9992 0.0003 0.0003 0.0002 0.0002 0.9993 0.0002 0.0003 0.9993 0.0002 0.0002 0.0003 0.9993 0.0002
0.0002 0.0003 0.9993 0.0002 0.0002 0.0003 0.9993 0.0002 0.0002 0.0003 0.9993 0.0002 0.9994 0.0003 0.0001 0.0002
0.0002 0.9994 0.0003 0.0001 0.0002 0.9994 0.0003 0.0001 0.9994 0.0003 0.0001 0.0002 0.0002 0.0003 0.9993 0.0003
0.0002 0.0003 0.9992 0.0003 0.0002 0.0003 0.9993 0.0002 0.0002 0.0003 0.9993 0.0002 0.0002 0.9994 0.0003 0.0001
0.0002 0.9994 0.0003 0.0001 0.0002 0.9994 0.0003 0.0001 0.0002 0.0002 0.0002 0.9993 0.0002 0.9994 0.0003 0.0001
0.0002 0.0002 0.0002 0.9994 0.0002 0.0003 0.9993 0.0003 0.0002 0.0003 0.9993 0.0003 0.0002 0.9994 0.0003 0.0001
0.0002 0.0003 0.9993 0.0002 0.0002 0.9994 0.0003 0.0001 0.0002 0.0002 0.0002 0.9994 0.9993 0.0003 0.0001 0.0002
0.0002 0.0003 0.9993 0.0003 0.0003 0.0002 0.0002 0.9993 0.9993 0.0003 0.0001 0.0002 0.0002 0.9994 0.0003 0.0001
0.0002 0.9994 0.0003 0.0001 0.0002 0.9994 0.0003 0.0001 0.0002 0.0003 0.9993 0.0003 0.0002 0.0002 0.0002 0.9994
0.0002 0.9994 0.0003 0.0001 0.0002 0.9994 0.0003 0.0001 0.0002 0.0003 0.9993 0.0003 0.0002 0.0003 0.9993 0.0003
0.0002 0.0003 0.9993 0.0002 0.0002 0.9994 0.0003 0.0001 0.0002 0.0003 0.9993 0.0002 0.0002 0.0002 0.0002 0.9993
0.9994 0.0003 0.0001 0.0002 0.9994 0.0003 0.0001 0.0002 0.0002 0.0003 0.9992 0.0003 0.0002 0.9993 0.0003 0.0001
0.0002 0.0003 0.9993 0.0002 0.0002 0.0002 0.0002 0.9994 0.0002 0.0002 0.0002 0.9994 0.0001 0.0003 0.9993 0.0003
0.0002 0.9994 0.0003 0.0001 0.0002 0.0002 0.0002 0.9994 0.0002 0.0003 0.9993 0.0003 0.9994 0.0003 0.0001 0.0002
0.0002 0.0002 0.0002 0.9994 0.0002 0.9993 0.0003 0.0001 0.0002 0.9994 0.0003 0.0001 0.0002 0.9994 0.0003 0.0001
0.0002 0.9994 0.0003 0.0001 0.0002 0.9994 0.0003 0.0001 0.0002 0.0003 0.9993 0.0003 0.9994 0.0003 0.0001 0.0002
0.0002 0.0002 0.0002 0.9994 0.0002 0.0003 0.9992 0.0003 0.0002 0.0003 0.9993 0.0003 0.0002 0.0002 0.0002 0.9994
0.0002 0.9994 0.0003 0.0001 0.0002 0.0002 0.0002 0.9994 0.0002 0.0003 0.9993 0.0003 0.0002 0.0002 0.0002 0.9994
0.0002 0.9994 0.0003 0.0001 0.0001 0.0003 0.9993 0.0003 0.9994 0.0003 0.0001 0.0002 0.9993 0.0003 0.0001 0.0002
0.0003 0.0002 0.0002 0.9993 0.0002 0.0003 0.9992 0.0003 0.9994 0.0002 0.0001 0.0002 0.0002 0.0002 0.0002 0.9994
0.9994 0.0003 0.0001 0.0002 0.9994 0.0002 0.0001 0.0002 0.0002 0.0003 0.9992 0.0003 0.0002 0.0003 0.9992 0.0003
0.0002 0.0002 0.0002 0.9994 0.9994 0.0003 0.0001 0.0002 0.0002 0.0003 0.9993 0.0003 0.0002 0.0003 0.9992 0.0003
0.0002 0.9994 0.0003 0.0001 0.0002 0.9994 0.0003 0.0001 0.0002 0.9994 0.0003 0.0001 0.0002 0.9994 0.0003 0.0001
0.0002 0.0002 0.0002 0.9994 0.0002 0.0003 0.9993 0.0003 0.9994 0.0003 0.0001 0.0002 0.0002 0.0003 0.9993 0.0002
0.9994 0.0003 0.0001 0.0002 0.9994 0.0003 0.0001 0.0002 0.0003 0.0002 0.0002 0.9993 0.0002 0.0003 0.9992 0.0003
0.0002 0.0002 0.0002 0.9994 0.0002 0.0002 0.0002 0.9994 0.0002 0.9994 0.0003 0.0001 0.0002 0.9994 0.0003 0.0001
0.0002 0.9994 0.0003 0.0001 0.0002 0.0003 0.9993 0.0003 0.0002 0.9994 0.0003 0.0001 0.0002 0.0003 0.9993 0.0002
0.0002 0.0003 0.9993 0.0003 0.0002 0.9994 0.0003 0.0001 0.0002 0.0002 0.0002 0.9994 0.0002 0.0003 0.9993 0.0003
0.0002 0.0003 0.9993 0.0003 0.9993 0.0003 0.0001 0.0002 0.9993 0.0003 0.0001 0.0002 0.9994 0.0002 0.0001 0.0002
0.0002 0.0002 0.0002 0.9993 0.0003 0.0002 0.0002 0.9993 0.0002 0.0003 0.9993 0.0003 0.9994 0.0002 0.0001 0.0002
0.0002 0.0002 0.0002 0.9994 0.0002 0.9993 0.0003 0.0001 0.0002 0.0002 0.0002 0.9994 0.9994 0.0003 0.0001 0.0002
0.0002 0.0002 0.0002 0.9994 0.0002 0.0002 0.0002 0.9993 0.0002 0.0002 0.0002 0.9995 0.0002 0.9994 0.0003 0.0001
0.0002 0.0002 0.0002 0.9995 0.0002 0.9994 0.0003 0.0001 0.9994 0.0003 0.0001 0.0002 0.0002 0.9994 0.0003 0.0001
0.9994 0.0003 0.0001 0.0002 0.9994 0.0003 0.0001 0.0002 0.0002 0.0002 0.0002 0.9993 0.9994 0.0003 0.0001 0.0002
0.0002 0.0003 0.9993 0.0002 0.0003 0.0002 0.0002 0.9993 0.9993 0.0003 0.0001 0.0002 0.0002 0.9994 0.0003 0.0001
0.0003 0.0002 0.0002 0.9993 0.0002 0.9994 0.0003 0.0001 0.9994 0.0002 0.0001 0.0002 0.9994 0.0003 0.0001 0.0002
0.0002 0.0002 0.0002 0.9993 0.0002 0.0003 0.9992 0.0003 0.0002 0.9994 0.0003 0.0001 0.0002 0.9994 0.0003 0.0001
0.0002 0.0003 0.9993 0.0003 0.0002 0.0003 0.9993 0.0003 0.0002 0.0002 0.0002 0.9994 0.9994 0.0003 0.0001 0.0002
0.0002 0.0002 0.0002 0.9994 0.0002 0.9993 0.0003 0.0001 0.0002 0.9994 0.0003 0.0001 0.9994 0.0003 0.0001 0.0002
0.0002 0.0003 0.9993 0.0003 0.0003 0.0002 0.0002 0.9993 0.9993 0.0003 0.0001 0.0002 0.0002 0.0002 0.0002 0.9994
0.9994 0.0002 0.0001 0.0002 0.9994 0.0003 0.0001 0.0002 0.0002 0.0003 0.9992 0.0003 0.0002 0.0002 0.0002 0.9994
0.9994 0.0003 0.0001 0.0002 0.9994 0.0002 0.0001 0.0002 0.0002 0.0003 0.9992 0.0003 0.9994 0.0003 0.0001 0.0002
0.0002 0.9994 0.0003 0.0001 0.0003 0.0002 0.0002 0.9993 0.9994 0.0003 0.0001 0.0002 0.0002 0.0002 0.0002 0.9994
0.0002 0.9993 0.0003 0.0001 0.0002 0.9994 0.0003 0.0001 0.9994 0.0003 0.0001 0.0002 0.0002 0.0002 0.0002 0.9994
0.0002 0.9993 0.0003 0.0001 0.0002 0.9994 0.0003 0.0001 0.0002 0.0002 0.0002 0.9993 0.0002 0.0003 0.9993 0.0003
0.9994 0.0003 0.0001 0.0002 0.0002 0.9994 0.0003 0.0001 0.0002 0.0003 0.9992 0.0003 0.0002 0.0003 0.9993 0.0003
0.0002 0.9994 0.0003 0.0001 0.9993 0.0003 0.0001 0.0002 0.9994 0.0003 0.0001 0.0002 0.0003 0.0002 0.0002 0.9993
0.0003 0.0002 0.0002 0.9993 0.0002 0.9994 0.0003 0.0001 0.0002 0.9994 0.0003 0.0001 0.9993 0.0003 0.0001 0.0002
0.9994 0.0003 0.0001 0.0002 0.0002 0.0002 0.0002 0.9993 0.0002 0.0003 0.9992 0.0003 0.0002 0.0002 0.0002 0.9994
0.9994 0.0003 0.0001 0.0002 0.0002 0.9994 0.0003 0.0001 0.0003 0.0002 0.0002 0.9993 0.0002 0.0002 0.0002 0.9994
0.0002 0.0003 0.9993 0.0002 0.9994 0.0003 0.0001 0.0002 0.0002 0.0002 0.0002 0.9994 0.0002 0.0003 0.9992 0.0003
0.0002 0.0003 0.9993 0.0003 0.0002 0.9994 0.0003 0.0001 0.0002 0.9994 0.0003 0.0001 0.9994 0.0003 0.0001 0.0002
0.0002 0.0003 0.9993 0.0003 0.0003 0.0002 0.0002 0.9993 0.0002 0.9994 0.0003 0.0001 0.0002 0.0002 0.0002 0.9994
0.9994 0.0003 0.0001 0.0002 0.9994 0.0003 0.0001 0.0002 0.0002 0.9993 0.0003 0.0001 0.0002 0.9993 0.0003 0.0001
0.0002 0.9994 0.0003 0.0001 0.0002 0.0003 0.9993 0.0003 0.0002 0.9994 0.0003 0.0001 0.0002 0.9994 0.0003 0.0001
0.0002 0.0002 0.0002 0.9993 0.0002 0.0003 0.9993 0.0003 0.0002 0.0002 0.0002 0.9994 0.0002 0.9994 0.0003 0.0001
0.0002 0.0003 0.9993 0.0003 0.0002 0.9994 0.0003 0.0001 0.9993 0.0003 0.0001 0.0002 0.0002 0.0002 0.0002 0.9993
0.0002 0.0003 0.9992 0.0003 0.0002 0.9994 0.0003 0.0001 0.0002 0.0002 0.0002 0.9994 0.0002 0.9994 0.0003 0.0001
0.9994 0.0002 0.0001 0.0002 0.9993 0.0003 0.0001 0.0002 0.0002 0.0002 0.0002 0.9993 0.9994 0.0003 0.0001 0.0002
0.9994 0.0002 0.0001 0.0002 0.9994 0.0002 0.0001 0.0002 0.0002 0.0002 0.0002 0.9993 0.0002 0.0003 0.9992 0.0003
0.0002 0.0002 0.0002 0.9994 0.0002 0.0003 0.9993 0.0002 0.0002 0.9994 0.0003 0.0001 0.0002 0.9994 0.0003 0.0001
0.0002 0.0002 0.0002 0.9994 0.0002 0.9994 0.0003 0.0001 0.9994 0.0003 0.0001 0.0002 0.9994 0.0003 0.0001 0.0002
0.0002 0.0003 0.9992 0.0003 0.0003 0.0002 0.0002 0.9993 0.9994 0.0003 0.0001 0.0002 0.9994 0.0002 0.0001 0.0002
0.0003 0.0002 0.0002 0.9993 0.9994 0.0003 0.0001 0.0002 0.9994 0.0002 0.0001 0.0002 0.9994 0.0002 0.0001 0.0002
0.0002 0.0003 0.9992 0.0003 0.0003 0.0002 0.0002 0.9993 0.0002 0.9994 0.0003 0.0001 0.0002 0.9994 0.0003 0.0001
0.0002 0.0003 0.9993 0.0003 0.0002 0.0003 0.9993 0.0003 0.9994 0.0003 0.0001 0.0002 0.0002 0.0003 0.9993 0.0002
0.0003 0.0002 0.0002 0.9993 0.0002 0.0002 0.0002 0.9994 0.0002 0.0003 0.9993 0.0002 0.0002 0.9994 0.0003 0.0001
0.0002 0.0002 0.0002 0.9994 0.0002 0.0002 0.0002 0.9994 0.0002 0.0002 0.0002 0.9994 0.0001 0.0003 0.9993 0.0003
0.0002 0.9994 0.0003 0.0001 0.0002 0.9994 0.0003 0.0001 0.0002 0.9994 0.0003 0.0001 0.0002 0.9994 0.0003 0.0001
0.0002 0.0003 0.9993 0.0003 0.0002 0.9994 0.0003 0.0001 0.0002 0.0002 0.0002 0.9994 0.0002 0.0003 0.9993 0.0003
0.0002 0.9994 0.0003 0.0001 0.0002 0.9994 0.0003 0.0001 0.0002 0.0003 0.9993 0.0003 0.0002 0.0003 0.9993 0.0003
0.9993 0.0003 0.0001 0.0002 0.0002 0.0003 0.9993 0.0002 0.0002 0.9993 0.0003 0.0001 0.0002 0.9993 0.0003 0.0001
0.0002 0.0002 0.0002 0.9994 0.0002 0.0003 0.9993 0.0003 0.0002 0.9994 0.0003 0.0001 0.0002 0.0003 0.9993 0.0002
0.0002 0.9994 0.0003 0.0001 0.0002 0.0002 0.0002 0.9993 0.9993 0.0003 0.0001 0.0002 0.9994 0.0003 0.0001 0.0002
0.9994 0.0003 0.0001 0.0002 0.0002 0.0003 0.9992 0.0003 0.0002 0.0003 0.9992 0.0003 0.9994 0.0003 0.0001 0.0002
0.0002 0.0003 0.9993 0.0002 0.0002 0.9994 0.0003 0.0001 0.9994 0.0003 0.0001 0.0002 0.9994 0.0003 0.0001 0.0002
0.0003 0.0002 0.0002 0.9993 0.0002 0.9993 0.0003 0.0001 0.0002 0.0002 0.0002 0.9994 0.0002 0.0003 0.9993 0.0003
0.0002 0.0002 0.0002 0.9994 0.0002 0.9994 0.0003 0.0001 0.0002 0.9994 0.0003 0.0001 0.0002 0.9994 0.0003 0.0001
0.0002 0.9994 0.0003 0.0001 0.0002 0.9994 0.0003 0.0001 0.0002 0.0002 0.0002 0.9994 0.0002 0.9994 0.0003 0.0001
0.9994 0.0003 0.0001 0.0002 0.0002 0.0003 0.9993 0.0003 0.9994 0.0003 0.0001 0.0002 0.0002 0.0003 0.9993 0.0002
0.0003 0.0002 0.0002 0.9993 0.0002 0.0003 0.9993 0.0002 0.9994 0.0003 0.0001 0.0002 0.9994 0.0003 0.0001 0.0002
0.9994 0.0003 0.0001 0.0002 0.9994 0.0002 0.0001 0.0002 0.0003 0.0002 0.0002 0.9993 0.0002 0.0003 0.9992 0.0003
0.0002 0.0003 0.9993 0.0002 0.0002 0.0003 0.9993 0.0002 0.0002 0.9994 0.0003 0.0001 0.0002 0.0003 0.9993 0.0002
0.0002 0.9994 0.0003 0.0001 0.0002 0.9994 0.0003 0.0001 0.0002 0.0003 0.9993 0.0003 0.0002 0.0002 0.0002 0.9994
0.9993 0.0003 0.0001 0.0002 0.0002 0.0002 0.0002 0.9994 0.9994 0.0002 0.0001 0.0002 0.9994 0.0003 0.0001 0.0002
0.9994 0.0002 0.0001 0.0002 0.0002 0.0002 0.0002 0.9993 0.0002 0.0003 0.9992 0.0003 0.9994 0.0003 0.0001 0.0002
0.9994 0.0003 0.0001 0.0002 0.0002 0.9993 0.0003 0.0001 0.0002 0.9994 0.0003 0.0001 0.9994 0.0003 0.0001 0.0002
0.9994 0.0003 0.0001 0.0002 0.0002 0.0003 0.9992 0.0003 0.9994 0.0003 0.0001 0.0002 0.0002 0.9994 0.0003 0.0001
0.9994 0.0002 0.0001 0.0002 0.0002 0.0003 0.9993 0.0003 0.0002 0.9993 0.0003 0.0001 0.9994 0.0003 0.0001 0.0002
0.0002 0.0003 0.9993 0.0003 0.0002 0.9993 0.0003 0.0001 0.0002 0.9994 0.0003 0.0001 0.0002 0.9994 0.0003 0.0001
0.0002 0.9994 0.0003 0.0001 0.0002 0.9994 0.0003 0.0001 0.0002 0.0002 0.0002 0.9993 0.0002 0.0002 0.0002 0.9993
0.0002 0.0003 0.9993 0.0003 0.0002 0.0002 0.0002 0.9994 0.0002 0.9994 0.0003 0.0001 0.0002 0.9994 0.0003 0.0001
0.9994 0.0003 0.0001 0.0002 0.9993 0.0003 0.0001 0.0002 0.0002 0.0002 0.0002 0.9993 0.0002 0.0002 0.0002 0.9993
0.0002 0.0003 0.9993 0.0003 0.0002 0.0003 0.9993 0.0003 0.0002 0.0003 0.9993 0.0002 0.0002 0.0002 0.0002 0.9994
0.0002 0.0002 0.0002 0.9994 0.0002 0.0003 0.9993 0.0003 0.0002 0.0002 0.0002 0.9994 0.0002 0.0003 0.9993 0.0002
0.0002 0.9994 0.0003 0.0001 0.0002 0.9994 0.0003 0.0001 0.0002 0.0002 0.0002 0.9994 0.0002 0.0002 0.0002 0.9994
0.9994 0.0003 0.0001 0.0002 0.0002 0.0002 0.0002 0.9994 0.0002 0.9993 0.0003 0.0001 0.9994 0.0003 0.0001 0.0002
0.0002 0.9994 0.0003 0.0001 0.0002 0.0003 0.9992 0.0003 0.0002 0.0003 0.9993 0.0003 0.0002 0.9994 0.0003 0.0001
0.0002 0.0003 0.9993 0.0002 0.9994 0.0003 0.0001 0.0002 0.0002 0.0002 0.0002 0.9993 0.0003 0.0002 0.0002 0.9993
0.0002 0.9994 0.0003 0.0001 0.0002 0.9994 0.0003 0.0001 0.0002 0.9994 0.0003 0.0001 0.0002 0.0003 0.9993 0.0003
0.9993 0.0003 0.0001 0.0002 0.0002 0.0003 0.9993 0.0002 0.0002 0.9993 0.0003 0.0001 0.9994 0.0003 0.0001 0.0002
0.0002 0.9994 0.0003 0.0001 0.0002 0.9993 0.0003 0.0001 0.0002 0.0003 0.9993 0.0003 0.0002 0.9994 0.0003 0.0001
0.9993 0.0003 0.0001 0.0002 0.9994 0.0003 0.0001 0.0002 0.0002 0.9993 0.0003 0.0001 0.0002 0.9993 0.0003 0.0001
0.0002 0.0002 0.0002 0.9994 0.0002 0.9994 0.0003 0.0001 0.0002 0.9994 0.0003 0.0001 0.0002 0.9994 0.0003 0.0001
0.0002 0.9994 0.0003 0.0001 0.0002 0.0003 0.9993 0.0003 0.0002 0.0003 0.9993 0.0003 0.0002 0.0003 0.9993 0.0002
0.0002 0.0002 0.0002 0.9994 0.0002 0.0003 0.9993 0.0002 0.0002 0.0002 0.0002 0.9994 0.0002 0.0002 0.0002 0.9993
0.0002 0.0002 0.0002 0.9994 0.0002 0.9994 0.0003 0.0001 0.0002 0.0002 0.0002 0.9995 0.0002 0.0003 0.9993 0.0003
0.0002 0.9994 0.0003 0.0001 0.0002 0.0003 0.9993 0.0002 0.0002 0.9994 0.0003 0.0001 0.0002 0.9994 0.0003 0.0001
0.0002 0.9994 0.0003 0.0001 0.0002 0.9994 0.0003 0.0001 0.9993 0.0003 0.0001 0.0002 0.0002 0.0003 0.9993 0.0003
0.0002 0.9993 0.0003 0.0001 0.0002 0.0002 0.0002 0.9994 0.0002 0.9994 0.0003 0.0001 0.0002 0.9994 0.0003 0.0001
0.9994 0.0003 0.0001 0.0002 0.0002 0.0003 0.9993 0.0003 0.0002 0.0003 0.9992 0.0003 0.0002 0.9994 0.0003 0.0001
0.0002 0.9994 0.0003 0.0001 0.0002 0.9994 0.0003 0.0001 0.0002 0.9994 0.0003 0.0001 0.0002 0.9994 0.0003 0.0001
0.0002 0.0003 0.9993 0.0003 0.0002 0.9994 0.0003 0.0001 0.0002 0.9994 0.0003 0.0001 0.0002 0.9994 0.0003 0.0001
0.0002 0.9994 0.0003 0.0001 0.0002 0.9994 0.0003 0.0001 0.0002 0.0003 0.9993 0.0003 0.0002 0.0003 0.9993 0.0003
0.0002 0.0002 0.0002 0.9994 0.0002 0.0003 0.9993 0.0002 0.0002 0.0003 0.9993 0.0003 0.0002 0.0003 0.9993 0.0002
0.0002 0.9994 0.0003 0.0001 0.0002 0.0003 0.9993 0.0002 0.0002 0.9994 0.0003 0.0001 0.0002 0.9994 0.0003 0.0001
0.0002 0.0003 0.9993 0.0003 0.0002 0.0002 0.0002 0.9993 0.0002 0.9994 0.0003 0.0001 0.0002 0.0002 0.0002 0.9994
0.0002 0.0002 0.0002 0.9993 0.0001 0.0003 0.9993 0.0003 0.0002 0.0003 0.9993 0.0003 0.9993 0.0003 0.0001 0.0002
0.0002 0.9994 0.0003 0.0001 0.0002 0.9994 0.0003 0.0001 0.0002 0.0003 0.9993 0.0003 0.0002 0.0002 0.0002 0.9994
0.9993 0.0003 0.0001 0.0002 0.0002 0.0002 0.0002 0.9994 0.9994 0.0002 0.0001 0.0002 0.0002 0.0002 0.0002 0.9994
0.9994 0.0002 0.0001 0.0002 0.0002 0.9994 0.0003 0.0001 0.0002 0.9993 0.0003 0.0001 0.0002 0.0003 0.9993 0.0003
0.0002 0.0003 0.9993 0.0003 0.9993 0.0003 0.0001 0.0002 0.9994 0.0003 0.0001 0.0002 0.0003 0.0002 0.0002 0.9993
0.0003 0.0002 0.0002 0.9993 0.0002 0.0002 0.0002 0.9994 0.9994 0.0002 0.0001 0.0002 0.0001 0.0003 0.9993 0.0003
0.9994 0.0003 0.0001 0.0002 0.9993 0.0003 0.0001 0.0002 0.0002 0.0003 0.9992 0.0003 0.0002 0.0002 0.0002 0.9993
0.9994 0.0003 0.0001 0.0002 0.0002 0.9994 0.0003 0.0001 0.0002 0.0003 0.9992 0.0003 0.0002 0.0002 0.0002 0.9994
0.9994 0.0003 0.0001 0.0002 0.9994 0.0003 0.0001 0.0002 0.9994 0.0002 0.0001 0.0002 0.9994 0.0003 0.0001 0.0002
0.0002 0.9993 0.0003 0.0001 0.0002 0.9993 0.0003 0.0001 0.0002 0.9994 0.0003 0.0001 0.9994 0.0003 0.0001 0.0002
0.9994 0.0003 0.0001 0.0002 0.9994 0.0003 0.0001 0.0002 0.0002 0.9993 0.0003 0.0001 0.9994 0.0002 0.0001 0.0002
0.0002 0.9994 0.0003 0.0001 0.9994 0.0003 0.0001 0.0002 0.0002 0.0002 0.0002 0.9993 0.0002 0.0003 0.9992 0.0003
0.0002 0.0003 0.9993 0.0003 0.0002 0.0003 0.9993 0.0002 0.9993 0.0003 0.0001 0.0002 0.0002 0.0002 0.0002 0.9994
0.0002 0.9994 0.0003 0.0001 0.9994 0.0002 0.0001 0.0002 0.0002 0.9994 0.0003 0.0001 0.0002 0.9993 0.0003 0.0001
0.0002 0.0003 0.9993 0.0003 0.9994 0.0003 0.0001 0.0002 0.0002 0.9994 0.0003 0.0001 0.0002 0.0002 0.0002 0.9993
0.0003 0.0002 0.0002 0.9993 0.9994 0.0002 0.0001 0.0002 0.0002 0.0002 0.0002 0.9994 0.0002 0.9993 0.0003 0.0001
0.0002 0.9994 0.0003 0.0001 0.0002 0.9994 0.0003 0.0001 0.0002 0.0002 0.0002 0.9994 0.9994 0.0003 0.0001 0.0002
0.0002 0.0002 0.0002 0.9994 0.0002 0.0003 0.9992 0.0003 0.0002 0.9994 0.0003 0.0001 0.0002 0.9994 0.0003 0.0001
0.0002 0.0002 0.0002 0.9994 0.0002 0.0003 0.9993 0.0003 0.0002 0.9994 0.0003 0.0001 0.0002 0.9994 0.0003 0.0001
0.0001 0.0003 0.9993 0.0003 0.0002 0.0002 0.0002 0.9993 0.0002 0.0003 0.9993 0.0002 0.0002 0.0002 0.0002 0.9994
0.0002 0.0003 0.9993 0.0002 0.0002 0.9994 0.0003 0.0001 0.0002 0.0002 0.0002 0.9993 0.0002 0.0003 0.9993 0.0003
0.0002 0.9994 0.0003 0.0001 0.0002 0.9994 0.0003 0.0001 0.0002 0.9994 0.0003 0.0001 0.0002 0.0002 0.0002 0.9994
0.0002 0.0003 0.9993 0.0003 0.0002 0.9994 0.0003 0.0001 0.0002 0.0003 0.9993 0.0002 0.0002 0.0002 0.0002 0.9994
0.9994 0.0003 0.0001 0.0002 0.9994 0.0003 0.0001 0.0002 0.0003 0.0002 0.0002 0.9993 0.0002 0.0003 0.9992 0.0003
0.0002 0.9994 0.0003 0.0001 0.0002 0.0003 0.9993 0.0002 0.9993 0.0003 0.0001 0.0002 0.9994 0.0003 0.0001 0.0002
0.0002 0.9993 0.0003 0.0001 0.0002 0.9993 0.0003 0.0001 0.9994 0.0003 0.0001 0.0002 0.9994 0.0003 0.0001 0.0002
0.9994 0.0003 0.0001 0.0002 0.9994 0.0003 0.0001 0.0002 0.0002 0.0003 0.9992 0.0003 0.0002 0.0003 0.9992 0.0003
0.0002 0.0003 0.9993 0.0002 0.0002 0.0002 0.0002 0.9994 0.0002 0.9994 0.0003 0.0001 0.0002 0.9994 0.0003 0.0001
0.9994 0.0003 0.0001 0.0002 0.9994 0.0003 0.0001 0.0002 0.0002 0.0003 0.9992 0.0003 0.0002 0.9994 0.0003 0.0001
0.0002 0.9994 0.0003 0.0001 0.0002 0.0002 0.0002 0.9994 0.9994 0.0003 0.0001 0.0002 0.0002 0.0002 0.0002 0.9994
0.0002 0.0003 0.9992 0.0003 0.0002 0.9994 0.0003 0.0001 0.0002 0.0002 0.0002 0.9994 0.0002 0.0003 0.9993 0.0003
0.0002 0.0002 0.0002 0.9994 0.0002 0.0003 0.9993 0.0002 0.0002 0.9994 0.0003 0.0001 0.0002 0.0003 0.9993 0.0002
0.0002 0.0003 0.9993 0.0003 0.0002 0.0003 0.9993 0.0002 0.0002 0.0003 0.9993 0.0002 0.0002 0.0002 0.0002 0.9994
0.0002 0.0002 0.0002 0.9994 0.0002 0.9994 0.0003 0.0001 0.9994 0.0003 0.0001 0.0002 0.0002 0.0003 0.9993 0.0003
0.0002 0.9993 0.0003 0.0001 0.0002 0.0002 0.0002 0.9994 0.0002 0.9994 0.0003 0.0001 0.0002 0.9994 0.0003 0.0001
0.0002 0.9994 0.0003 0.0001 0.0002 0.9994 0.0003 0.0001 0.0002 0.0002 0.0002 0.9993 0.0002 0.0002 0.0002 0.9994
0.0002 0.9994 0.0003 0.0001 0.0002 0.9994 0.0003 0.0001 0.0002 0.9994 0.0003 0.0001 0.0002 0.9994 0.0003 0.0001
0.9993 0.0003 0.0001 0.0002 0.9993 0.0003 0.0001 0.0002 0.0002 0.0003 0.9992 0.0003 0.0002 0.0002 0.0002 0.9993
0.0002 0.0003 0.9993 0.0002 0.0002 0.0003 0.9993 0.0003 0.0002 0.9994 0.0003 0.0001 0.9993 0.0003 0.0001 0.0002
0.0002 0.0003 0.9993 0.0003 0.0003 0.0002 0.0002 0.9993 0.0002 0.0003 0.9993 0.0002 0.0002 0.0002 0.0002 0.9994
0.0002 0.0002 0.0002 0.9993 0.0002 0.0002 0.0002 0.9994 0.9994 0.0003 0.0001 0.0002 0.0002 0.0002 0.0002 0.9994
0.0002 0.0002 0.0002 0.9993 0.0001 0.0003 0.9993 0.0003 0.0002 0.0003 0.9993 0.0003 0.0002 0.0002 0.0002 0.9994
0.0002 0.9994 0.0003 0.0001 0.0002 0.0002 0.0002 0.9994 0.0002 0.0002 0.0002 0.9994 0.9994 0.0003 0.0001 0.0002
0.0002 0.0002 0.0002 0.9994 0.0002 0.9994 0.0003 0.0001 0.0002 0.0002 0.0002 0.9994 0.0002 0.0003 0.9993 0.0003
0.0002 0.0002 0.0002 0.9994 0.9993 0.0003 0.0001 0.0002 0.0002 0.9994 0.0003 0.0001 0.0002 0.9993 0.0003 0.0001
0.9993 0.0003 0.0001 0.0002 0.9994 0.0003 0.0001 0.0002 0.0002 0.9994 0.0003 0.0001 0.0002 0.9993 0.0003 0.0001
0.0002 0.0003 0.9993 0.0003 0.0002 0.0003 0.9993 0.0003 0.0002 0.0003 0.9993 0.0002 0.9994 0.0003 0.0001 0.0002
0.0002 0.0002 0.0002 0.9993 0.0002 0.9993 0.0003 0.0001 0.0002 0.0002 0.0002 0.9994 0.0002 0.0002 0.0002 0.9994
0.0002 0.0003 0.9993 0.0003 0.0002 0.0002 0.0002 0.9994 0.0002 0.0003 0.9993 0.0002 0.0002 0.0002 0.0002 0.9994
0.0002 0.9994 0.0003 0.0001 0.0002 0.9994 0.0003 0.0001 0.0002 0.0003 0.9993 0.0003 0.0002 0.0002 0.0002 0.9994
0.9993 0.0003 0.0001 0.0002 0.9994 0.0003 0.0001 0.0002 0.0002 0.9993 0.0003 0.0001 0.0002 0.9993 0.0003 0.0001
0.0002 0.0002 0.0002 0.9994 0.0002 0.9994 0.0003 0.0001 0.0002 0.9994 0.0003 0.0001 0.0002 0.9994 0.0003 0.0001
0.0002 0.0002 0.0002 0.9994 0.0002 0.0002 0.0002 0.9993 0.0002 0.0003 0.9993 0.0003 0.0002 0.9994 0.0003 0.0001
0.0002 0.0002 0.0002 0.9994 0.9993 0.0003 0.0001 0.0002 0.9994 0.0003 0.0001 0.0002 0.9994 0.0003 0.0001 0.0002
0.9994 0.0003 0.0001 0.0002 0.0002 0.9993 0.0003 0.0001 0.0003 0.0002 0.0002 0.9993 0.0002 0.0003 0.9993 0.0003
0.0002 0.0002 0.0002 0.9994 0.0002 0.0003 0.9993 0.0002 0.0002 0.0002 0.0002 0.9994 0.9994 0.0003 0.0001 0.0002
0.0002 0.0002 0.0002 0.9994 0.0002 0.0003 0.9992 0.0003 0.0002 0.9994 0.0003 0.0001 0.0002 0.9994 0.0003 0.0001
0.9993 0.0003 0.0001 0.0002 0.0002 0.9994 0.0003 0.0001 0.0002 0.0002 0.0002 0.9994 0.0002 0.9994 0.0003 0.0001
0.0002 0.9994 0.0003 0.0001 0.0002 0.0003 0.9993 0.0003 0.0002 0.0003 0.9993 0.0003 0.0002 0.0002 0.0002 0.9994
0.0002 0.0002 0.0002 0.9994 0.9994 0.0003 0.0001 0.0002 0.0002 0.0003 0.9993 0.0003 0.0002 0.0002 0.0002 0.9993
0.0002 0.0002 0.0002 0.9994 0.0002 0.9994 0.0003 0.0001 0.9994 0.0003 0.0001 0.0002 0.9993 0.0003 0.0001 0.0002
0.0002 0.0003 0.9992 0.0003 0.0002 0.0002 0.0002 0.9993 0.0002 0.9994 0.0003 0.0001 0.0002 0.0003 0.9993 0.0002
0.0002 0.0002 0.0002 0.9994 0.0002 0.0003 0.9993 0.0002 0.0002 0.0002 0.0002 0.9994 0.9994 0.0003 0.0001 0.0002
0.0002 0.9994 0.0003 0.0001 0.0003 0.0002 0.0002 0.9993 0.0002 0.0003 0.9993 0.0003 0.0002 0.0002 0.0002 0.9994
0.0002 0.0002 0.0002 0.9994 0.0002 0.9994 0.0003 0.0001 0.9994 0.0003 0.0001 0.0002 0.9993 0.0003 0.0001 0.0002
0.9994 0.0003 0.0001 0.0002 0.9994 0.0003 0.0001 0.0002 0.0002 0.0003 0.9992 0.0003 0.0002 0.0003 0.9992 0.0003
0.9994 0.0003 0.0001 0.0002 0.9994 0.0003 0.0001 0.0002 0.9994 0.0002 0.0001 0.0002 0.0002 0.9994 0.0003 0.0001
0.0002 0.0003 0.9992 0.0003 0.0002 0.0003 0.9993 0.0003 0.0002 0.0003 0.9993 0.0002 0.0002 0.0003 0.9993 0.0002
0.0002 0.0002 0.0002 0.9994 0.0002 0.0003 0.9993 0.0002 0.0002 0.0003 0.9993 0.0003 0.0002 0.0002 0.0002 0.9993
0.9994 0.0003 0.0001 0.0002 0.9994 0.0002 0.0001 0.0002 0.0002 0.9994 0.0003 0.0001 0.0002 0.0003 0.9992 0.0003
0.9994 0.0003 0.0001 0.0002 0.9994 0.0003 0.0001 0.0002 0.0002 0.0003 0.9992 0.0003 0.0003 0.0002 0.0002 0.9993
0.9994 0.0003 0.0001 0.0002 0.9994 0.0002 0.0001 0.0002 0.9994 0.0002 0.0001 0.0002 0.9994 0.0003 0.0001 0.0002
0.0002 0.0003 0.9992 0.0003 0.0002 0.0003 0.9992 0.0003 0.0002 0.9994 0.0003 0.0001 0.0002 0.9994 0.0003 0.0001
0.9994 0.0003 0.0001 0.0002 0.0002 0.9994 0.0003 0.0001 0.0002 0.9993 0.0003 0.0001 0.9994 0.0003 0.0001 0.0002
0.0002 0.9994 0.0003 0.0001 0.0002 0.0003 0.9992 0.0003 0.0002 0.0003 0.9993 0.0003 0.0002 0.0002 0.0002 0.9994
0.0002 0.9994 0.0003 0.0001 0.0002 0.9994 0.0003 0.0001 0.0002 0.9994 0.0003 0.0001 0.0002 0.0002 0.0002 0.9994
0.9994 0.0003 0.0001 0.0002 0.0002 0.0002 0.0002 0.9994 0.0003 0.0002 0.0002 0.9993 0.0002 0.0002 0.0002 0.9994
0.0002 0.0002 0.0002 0.9994 0.9994 0.0003 0.0001 0.0002 0.9994 0.0003 0.0001 0.0002 0.9994 0.0003 0.0001 0.0002
0.9994 0.0003 0.0001 0.0002 0.9994 0.0003 0.0001 0.0002 0.9994 0.0003 0.0001 0.0002 0.9994 0.0003 0.0001 0.0002
0.0002 0.0003 0.9992 0.0003 0.0002 0.9993 0.0003 0.0001 0.9994 0.0003 0.0001 0.0002 0.0002 0.9994 0.0003 0.0001
0.0002 0.9994 0.0003 0.0001 0.0002 0.9994 0.0003 0.0001 0.0002 0.0002 0.0002 0.9994 0.0002 0.0003 0.9993 0.0003
0.0002 0.0003 0.9993 0.0003 0.0002 0.0002 0.0002 0.9994 0.0002 0.0002 0.0002 0.9994 0.0002 0.0003 0.9993 0.0003
0.9994 0.0002 0.0001 0.0002 0.9993 0.0003 0.0001 0.0002 0.9994 0.0003 0.0001 0.0002 0.0002 0.0003 0.9992 0.0003
0.0002 0.9993 0.0003 0.0001 0.0002 0.9994 0.0003 0.0001 0.9994 0.0003 0.0001 0.0002 0.9994 0.0003 0.0001 0.0002
0.0002 0.0003 0.9992 0.0003 0.0003 0.0002 0.0002 0.9993 0.0002 0.0003 0.9993 0.0002 0.0002 0.0002 0.0002 0.9994
0.9994 0.0003 0.0001 0.0002 0.0002 0.0002 0.0002 0.9994 0.9994 0.0002 0.0001 0.0002 0.9994 0.0003 0.0001 0.0002
0.0003 0.0002 0.0002 0.9993 0.0002 0.0003 0.9992 0.0003 0.0002 0.0002 0.0002 0.9994 0.0002 0.9994 0.0003 0.0001
0.0002 0.0003 0.9993 0.0002 0.0002 0.9994 0.0003 0.0001 0.0002 0.9994 0.0003 0.0001 0.0002 0.9994 0.0003 0.0001
0.9994 0.0003 0.0001 0.0002 0.9994 0.0003 0.0001 0.0002 0.9994 0.0003 0.0001 0.0002 0.0003 0.0002 0.0002 0.9993
0.0003 0.0002 0.0002 0.9993 0.0002 0.9994 0.0003 0.0001 0.0002 0.0003 0.9993 0.0002 0.9993 0.0003 0.0001 0.0002
0.0002 0.0003 0.9993 0.0002 0.0002 0.0002 0.0002 0.9993 0.0002 0.0003 0.9993 0.0002 0.0002 0.0002 0.0002 0.9994
0.9994 0.0003 0.0001 0.0002 0.0002 0.9994 0.0003 0.0001 0.0002 0.0003 0.9992 0.0003 0.0002 0.9994 0.0003 0.0001
0.9994 0.0003 0.0001 0.0002 0.0002 0.9994 0.0003 0.0001 0.0002 0.9994 0.0003 0.0001 0.0002 0.9994 0.0003 0.0001
0.9994 0.0003 0.0001 0.0002 0.0002 0.0002 0.0002 0.9993 0.0002 0.0003 0.9992 0.0003 0.0002 0.0002 0.0002 0.9994
0.0002 0.0003 0.9993 0.0002 0.0002 0.0003 0.9993 0.0003 0.0002 0.9994 0.0003 0.0001 0.0002 0.9994 0.0003 0.0001
0.0003 0.0002 0.0002 0.9993 0.0002 0.0003 0.9993 0.0003 0.0002 0.0002 0.0002 0.9994 0.9993 0.0003 0.0001 0.0002
0.0002 0.0003 0.9993 0.0003 0.9994 0.0002 0.0001 0.0002 0.0002 0.0003 0.9993 0.0002 0.0002 0.0003 0.9992 0.0003
0.0002 0.9994 0.0003 0.0001 0.0002 0.0002 0.0002 0.9994 0.0002 0.0002 0.0002 0.9994 0.0002 0.0002 0.0002 0.9994
0.0002 0.0003 0.9993 0.0003 0.0002 0.0002 0.0002 0.9994 0.0002 0.9994 0.0003 0.0001 0.0002 0.0002 0.0002 0.9994
0.0002 0.0003 0.9993 0.0003 0.0002 0.9994 0.0003 0.0001 0.0002 0.0002 0.0002 0.9994 0.0002 0.0002 0.0002 0.9994
0.0002 0.9994 0.0003 0.0001 0.0002 0.9994 0.0003 0.0001 0.0002 0.0003 0.9993 0.0003 0.0002 0.0002 0.0002 0.9994
0.0002 0.9994 0.0003 0.0001 0.0002 0.9994 0.0003 0.0001 0.0002 0.9994 0.0003 0.0001 0.9993 0.0003 0.0001 0.0002
0.0002 0.0002 0.0002 0.9993 0.9994 0.0003 0.0001 0.0002 0.0001 0.0003 0.9993 0.0003 0.0003 0.0002 0.0002 0.9993
0.0002 0.0003 0.9993 0.0002 0.9994 0.0002 0.0001 0.0002 0.0002 0.0003 0.9993 0.0002 0.9994 0.0003 0.0001 0.0002
0.0002 0.0002 0.0002 0.9994 0.0002 0.0003 0.9992 0.0003 0.0002 0.0003 0.9993 0.0003 0.0002 0.0002 0.0002 0.9994
0.9993 0.0003 0.0001 0.0002 0.0002 0.9994 0.0003 0.0001 0.0002 0.0003 0.9992 0.0003 0.0002 0.0003 0.9993 0.0003
0.0002 0.0003 0.9993 0.0002 0.9993 0.0003 0.0001 0.0002 0.0002 0.0002 0.0002 0.9994 0.0003 0.0002 0.0002 0.9993
0.0002 0.0002 0.0002 0.9994 0.0002 0.9994 0.0003 0.0001 0.0002 0.9994 0.0003 0.0001 0.0002 0.9994 0.0003 0.0001
0.9993 0.0003 0.0001 0.0002 0.0002 0.9994 0.0003 0.0001 0.0002 0.0002 0.0002 0.9993 0.9994 0.0003 0.0001 0.0002
0.0002 0.9994 0.0003 0.0001 0.0003 0.0002 0.0002 0.9993 0.0002 0.0003 0.9993 0.0003 0.0002 0.0002 0.0002 0.9994
0.0002 0.9994 0.0003 0.0001 0.9994 0.0003 0.0001 0.0002 0.9994 0.0003 0.0001 0.0002 0.9994 0.0003 0.0001 0.0002
0.9994 0.0003 0.0001 0.0002 0.9994 0.0003 0.0001 0.0002 0.0002 0.0003 0.9992 0.0003 0.0003 0.0002 0.0002 0.9993
0.0002 0.0003 0.9993 0.0002 0.0002 0.9994 0.0003 0.0001 0.0002 0.9994 0.0003 0.0001 0.0002 0.9994 0.0003 0.0001
0.0002 0.0002 0.0002 0.9993 0.9994 0.0003 0.0001 0.0002 0.0002 0.0002 0.0002 0.9994 0.0002 0.0003 0.9992 0.0003
0.0002 0.9994 0.0003 0.0001 0.0002 0.9994 0.0003 0.0001 0.0002 0.9994 0.0003 0.0001 0.0002 0.0003 0.9993 0.0003
0.0002 0.9994 0.0003 0.0001 0.0002 0.0003 0.9993 0.0002 0.0002 0.0003 0.9993 0.0003 0.0002 0.0002 0.0002 0.9993
0.0002 0.9994 0.0003 0.0001 0.0002 0.9994 0.0003 0.0001 0.9994 0.0003 0.0001 0.0002 0.9993 0.0003 0.0001 0.0002
0.9994 0.0003 0.0001 0.0002 0.9994 0.0003 0.0001 0.0002 0.0002 0.9993 0.0003 0.0001 0.0002 0.9993 0.0003 0.0001
0.0002 0.0002 0.0002 0.9994 0.0002 0.9994 0.0003 0.0001 0.0002 0.0002 0.0002 0.9994 0.0002 0.0003 0.9993 0.0003
0.0002 0.0003 0.9993 0.0003 0.0002 0.9994 0.0003 0.0001 0.9993 0.0003 0.0001 0.0002 0.0003 0.0002 0.0002 0.9993
0.0002 0.0003 0.9992 0.0003 0.0002 0.9994 0.0003 0.0001 0.0002 0.9994 0.0003 0.0001 0.0002 0.9994 0.0003 0.0001
0.0002 0.0002 0.0002 0.9994 0.0002 0.0003 0.9993 0.0003 0.0002 0.9994 0.0003 0.0001 0.0002 0.0003 0.9993 0.0002
0.0002 0.9994 0.0003 0.0001 0.0002 0.9993 0.0003 0.0001 0.9994 0.0003 0.0001 0.0002 0.9994 0.0003 0.0001 0.0002
0.9994 0.0003 0.0001 0.0002 0.9994 0.0003 0.0001 0.0002 0.0003 0.0002 0.0002 0.9993 0.0002 0.0003 0.9992 0.0003
0.9994 0.0002 0.0001 0.0002 0.0002 0.0002 0.0002 0.9994 0.0002 0.0003 0.9992 0.0003 0.9994 0.0002 0.0001 0.0002
0.0002 0.9994 0.0003 0.0001 0.9994 0.0003 0.0001 0.0002 0.0002 0.0002 0.0002 0.9994 0.9994 0.0002 0.0001 0.0002
0.0002 0.9994 0.0003 0.0001 0.0002 0.9993 0.0003 0.0001 0.9993 0.0003 0.0001 0.0002 0.9994 0.0003 0.0001 0.0002
0.9994 0.0003 0.0001 0.0002 0.9994 0.0003 0.0001 0.0002 0.0002 0.0003 0.9992 0.0003 0.0003 0.0002 0.0002 0.9993
0.0002 0.0002 0.0002 0.9994 0.0002 0.0002 0.0002 0.9994 0.9994 0.0002 0.0001 0.0002 0.9994 0.0003 0.0001 0.0002
0.0002 0.0003 0.9992 0.0003 0.0002 0.0003 0.9992 0.0003 0.0002 0.0002 0.0002 0.9994 0.0002 0.0003 0.9993 0.0002
0.0002 0.0002 0.0002 0.9994 0.0002 0.0003 0.9993 0.0002 0.0002 0.0003 0.9993 0.0003 0.0002 0.0003 0.9993 0.0002
0.9993 0.0003 0.0001 0.0002 0.9994 0.0003 0.0001 0.0002 0.0002 0.9994 0.0003 0.0001 0.9994 0.0002 0.0001 0.0002
0.0002 0.9994 0.0003 0.0001 0.0002 0.9993 0.0003 0.0001 0.0002 0.0002 0.0002 0.9994 0.0002 0.0002 0.0002 0.9994
0.0002 0.0003 0.9993 0.0003 0.0002 0.0002 0.0002 0.9994 0.9993 0.0003 0.0001 0.0002 0.0002 0.9994 0.0003 0.0001
0.9994 0.0002 0.0001 0.0002 0.9993 0.0003 0.0001 0.0002 0.0002 0.9993 0.0003 0.0001 0.0002 0.9994 0.0003 0.0001
0.0002 0.0002 0.0002 0.9994 0.9994 0.0003 0.0001 0.0002 0.0002 0.0003 0.9993 0.0003 0.0002 0.0003 0.9992 0.0003
0.0002 0.0003 0.9993 0.0002 0.0002 0.0002 0.0002 0.9994 0.0002 0.0002 0.0002 0.9994 0.0002 0.0003 0.9993 0.0003
0.9994 0.0003 0.0001 0.0002 0.9993 0.0003 0.0001 0.0002 0.0002 0.0003 0.9992 0.0003 0.0002 0.9994 0.0003 0.0001
0.9994 0.0003 0.0001 0.0002 0.9994 0.0003 0.0001 0.0002 0.0003 0.0002 0.0002 0.9993 0.0002 0.0003 0.9992 0.0003
0.0002 0.0002 0.0002 0.9994 0.0002 0.0002 0.0002 0.9994 0.0002 0.0003 0.9993 0.0002 0.0002 0.0002 0.0002 0.9994
0.0002 0.9994 0.0003 0.0001 0.0002 0.0003 0.9993 0.0003 0.9994 0.0003 0.0001 0.0002 0.9993 0.0003 0.0001 0.0002
0.0002 0.0002 0.0002 0.9993 0.9994 0.0003 0.0001 0.0002 0.0002 0.0003 0.9993 0.0002 0.9994 0.0003 0.0001 0.0002
0.0002 0.0003 0.9993 0.0002 0.0003 0.0002 0.0002 0.9993 0.0002 0.0003 0.9993 0.0002 0.0002 0.0003 0.9993 0.0002
0.0002 0.0002 0.0002 0.9994 0.0002 0.0003 0.9993 0.0002 0.0002 0.9994 0.0003 0.0001 0.0002 0.9994 0.0003 0.0001
0.0002 0.0002 0.0002 0.9994 0.0002 0.0003 0.9993 0.0003 0.0001 0.0003 0.9993 0.0003 0.0002 0.0002 0.0002 0.9994
0.0002 0.9994 0.0003 0.0001 0.9994 0.0002 0.0001 0.0002 0.9994 0.0003 0.0001 0.0002 0.0002 0.0003 0.9992 0.0003
0.0002 0.0002 0.0002 0.9993 0.0002 0.0003 0.9993 0.0002 0.9994 0.0002 0.0001 0.0002 0.0002 0.0002 0.0002 0.9994
0.0002 0.9993 0.0003 0.0001 0.0002 0.0003 0.9993 0.0003 0.9994 0.0003 0.0001 0.0002 0.0002 0.0003 0.9993 0.0002
0.0002 0.9993 0.0003 0.0001 0.0002 0.9994 0.0003 0.0001 0.0002 0.0002 0.0002 0.9994 0.0002 0.0002 0.0002 0.9994
0.0002 0.9994 0.0003 0.0001 0.0002 0.9994 0.0003 0.0001 0.0002 0.0003 0.9993 0.0003 0.0002 0.9994 0.0003 0.0001
0.9993 0.0003 0.0001 0.0002 0.9993 0.0003 0.0001 0.0002 0.9994 0.0002 0.0001 0.0002 0.9994 0.0003 0.0001 0.0002
0.0002 0.0003 0.9992 0.0003 0.9994 0.0002 0.0001 0.0002 0.0002 0.0002 0.0002 0.9994 0.0002 0.0003 0.9992 0.0003
0.0002 0.0003 0.9993 0.0003 0.0002 0.0002 0.0002 0.9994 0.9994 0.0003 0.0001 0.0002 0.0002 0.0003 0.9993 0.0003
0.9994 0.0002 0.0001 0.0002 0.0002 0.0003 0.9993 0.0002 0.9994 0.0002 0.0001 0.0002 0.9994 0.0003 0.0001 0.0002
0.0002 0.0003 0.9992 0.0003 0.0002 0.9994 0.0003 0.0001 0.0002 0.0002 0.0002 0.9994 0.0002 0.9994 0.0003 0.0001
