0.1027 0.0872 0.7019 0.1082 0.1242 0.0640 0.0796 0.7322 0.0437 0.0175 0.2197 0.7190 0.0097 0.0028 0.0039 0.9836
0.9162 0.0029 0.0074 0.0735 0.8419 0.0025 0.0018 0.1539 0.0192 0.0014 0.9730 0.0063 0.0426 0.9451 0.0023 0.0100
0.9982 0.0003 0.0009 0.0006 0.0002 0.9994 0.0002 0.0001 0.9997 0.0001 0.0001 0.0001 0.9984 0.0011 0.0001 0.0003
0.0003 0.0001 0.0001 0.9995 0.0002 0.9995 0.0002 0.0001 0.0001 0.9996 0.0002 0.0002 0.0001 0.0001 0.0001 0.9997
0.0001 0.0001 0.0001 0.9997 0.0001 0.0001 0.9996 0.0002 0.0001 0.9997 0.0001 0.0001 0.0001 0.9997 0.0002 0.0001
0.0001 0.9998 0.0001 0.0001 0.9997 0.0002 0.0001 0.0001 0.9997 0.0001 0.0001 0.0001 0.0001 0.9997 0.0001 0.0001
0.0001 0.9997 0.0001 0.0001 0.0001 0.9998 0.0001 0.0000 0.0001 0.9998 0.0001 0.0000 0.0001 0.9998 0.0001 0.0000
0.0001 0.0001 0.9997 0.0001 0.9997 0.0001 0.0001 0.0001 0.0001 0.0001 0.0001 0.9998 0.0001 0.0001 0.9997 0.0001
0.0001 0.0001 0.0001 0.9998 0.9998 0.0001 0.0001 0.0001 0.0001 0.9998 0.0001 0.0001 0.0001 0.9998 0.0001 0.0001
0.0001 0.0001 0.0001 0.9998 0.0001 0.0001 0.0001 0.9998 0.0001 0.9998 0.0001 0.0001 0.9998 0.0001 0.0001 0.0001
0.9997 0.0001 0.0001 0.0001 0.9998 0.0001 0.0001 0.0001 0.0001 0.9998 0.0001 0.0001 0.9998 0.0001 0.0001 0.0001
0.0001 0.9998 0.0001 0.0000 0.0001 0.9997 0.0001 0.0001 0.0001 0.9998 0.0001 0.0000 0.9998 0.0001 0.0001 0.0001
0.0001 0.9998 0.0001 0.0000 0.0001 0.9997 0.0001 0.0001 0.0001 0.0001 0.9997 0.0001 0.9998 0.0001 0.0001 0.0001
0.0001 0.9998 0.0001 0.0001 0.0001 0.9997 0.0001 0.0001 0.0001 0.9998 0.0001 0.0000 0.0001 0.0001 0.0001 0.9998
0.0001 0.0001 0.0001 0.9998 0.0001 0.0001 0.9997 0.0001 0.0001 0.9998 0.0001 0.0001 0.0001 0.9998 0.0001 0.0001
0.0001 0.0001 0.9997 0.0001 0.0001 0.0001 0.0001 0.9998 0.0001 0.0001 0.9997 0.0001 0.0001 0.0001 0.0001 0.9998
0.0001 0.0001 0.9997 0.0001 0.0001 0.9998 0.0001 0.0001 0.9998 0.0001 0.0001 0.0001 0.0001 0.9998 0.0001 0.0001
0.9998 0.0001 0.0000 0.0001 0.0001 0.0001 0.9997 0.0001 0.9998 0.0001 0.0001 0.0001 0.9997 0.0001 0.0001 0.0001
0.0001 0.0001 0.0001 0.9997 0.0001 0.0001 0.9997 0.0001 0.0001 0.0001 0.9997 0.0001 0.0001 0.9998 0.0001 0.0001
0.0001 0.0001 0.9997 0.0001 0.0001 0.0001 0.0001 0.9998 0.0001 0.9998 0.0001 0.0001 0.0001 0.9998 0.0001 0.0001
0.9998 0.0001 0.0001 0.0001 0.9997 0.0001 0.0001 0.0001 0.0001 0.9997 0.0001 0.0001 0.0001 0.0001 0.0001 0.9998
0.0001 0.0001 0.0001 0.9998 0.0001 0.0001 0.9997 0.0001 0.0001 0.0001 0.9997 0.0001 0.0001 0.0001 0.0001 0.9998
0.0001 0.0001 0.9997 0.0001 0.0001 0.9998 0.0001 0.0001 0.9998 0.0001 0.0001 0.0001 0.0001 0.0001 0.9997 0.0001
0.9998 0.0001 0.0000 0.0001 0.9998 0.0001 0.0001 0.0001 0.9998 0.0001 0.0001 0.0001 0.0001 0.9998 0.0001 0.0001
0.0001 0.0001 0.0001 0.9997 0.0001 0.0001 0.9997 0.0001 0.0001 0.0001 0.0001 0.9998 0.0001 0.0001 0.9997 0.0001
0.0001 0.0001 0.9997 0.0001 0.0001 0.0001 0.0001 0.9998 0.0001 0.0001 0.9997 0.0001 0.0001 0.0001 0.9997 0.0001
0.9998 0.0001 0.0001 0.0001 0.9997 0.0001 0.0001 0.0001 0.0001 0.0001 0.9997 0.0001 0.9998 0.0001 0.0000 0.0001
0.0001 0.0001 0.9997 0.0001 0.0001 0.0001 0.0001 0.9997 0.9998 0.0001 0.0001 0.0001 0.0001 0.9998 0.0001 0.0001
0.0001 0.0001 0.9997 0.0001 0.0001 0.0001 0.0001 0.9998 0.9998 0.0001 0.0001 0.0001 0.0001 0.9998 0.0001 0.0001
0.0001 0.0001 0.0001 0.9997 0.0001 0.0001 0.0001 0.9998 0.9998 0.0001 0.0000 0.0001 0.0001 0.0001 0.9997 0.0001
0.9998 0.0001 0.0001 0.0001 0.0001 0.0001 0.0001 0.9998 0.0001 0.0001 0.9997 0.0001 0.0001 0.0001 0.9997 0.0001
0.9998 0.0001 0.0001 0.0001 0.9997 0.0001 0.0001 0.0001 0.0001 0.0001 0.9997 0.0001 0.0001 0.0001 0.0001 0.9998
0.0001 0.0001 0.0001 0.9998 0.0001 0.9998 0.0001 0.0001 0.0001 0.9998 0.0001 0.0001 0.9998 0.0001 0.0001 0.0001
0.0001 0.0001 0.9997 0.0001 0.0001 0.0001 0.9997 0.0001 0.0001 0.0001 0.9997 0.0001 0.0001 0.0001 0.9997 0.0001
0.0001 0.0001 0.9997 0.0001 0.0001 0.0001 0.0001 0.9998 0.0001 0.9998 0.0001 0.0001 0.0001 0.0001 0.0001 0.9998
0.0001 0.9998 0.0001 0.0000 0.9998 0.0001 0.0001 0.0001 0.9998 0.0001 0.0001 0.0001 0.0001 0.9998 0.0001 0.0001
0.0001 0.0001 0.9997 0.0001 0.0001 0.0001 0.0001 0.9998 0.0001 0.0001 0.0001 0.9998 0.0001 0.0001 0.9997 0.0001
0.9998 0.0001 0.0000 0.0001 0.9997 0.0001 0.0001 0.0001 0.0001 0.9997 0.0001 0.0001 0.0001 0.9998 0.0001 0.0001
0.9998 0.0001 0.0001 0.0001 0.9998 0.0001 0.0001 0.0001 0.0001 0.0001 0.9997 0.0001 0.9998 0.0001 0.0001 0.0001
0.9998 0.0001 0.0001 0.0001 0.0001 0.0001 0.9997 0.0001 0.0001 0.0001 0.9997 0.0001 0.9998 0.0001 0.0001 0.0001
0.0001 0.0001 0.9997 0.0001 0.0001 0.0001 0.0001 0.9997 0.0001 0.9998 0.0001 0.0001 0.0001 0.9998 0.0001 0.0001
0.0001 0.0001 0.0001 0.9998 0.9998 0.0001 0.0001 0.0001 0.9998 0.0001 0.0000 0.0001 0.0001 0.0001 0.9997 0.0001
0.0001 0.0001 0.9997 0.0001 0.9998 0.0001 0.0001 0.0001 0.0001 0.0001 0.9997 0.0001 0.9998 0.0001 0.0000 0.0001
0.0001 0.0001 0.9997 0.0001 0.0001 0.9997 0.0001 0.0001 0.0001 0.0001 0.9997 0.0001 0.9998 0.0001 0.0001 0.0001
0.0001 0.9998 0.0001 0.0001 0.0001 0.9997 0.0001 0.0001 0.0001 0.9998 0.0001 0.0000 0.0001 0.9998 0.0001 0.0000
0.0001 0.0001 0.9997 0.0001 0.0001 0.0001 0.0001 0.9998 0.0001 0.0001 0.0001 0.9998 0.0001 0.0001 0.9997 0.0001
0.0001 0.0001 0.9997 0.0001 0.0001 0.9998 0.0001 0.0001 0.0001 0.0001 0.9997 0.0001 0.0001 0.0001 0.0001 0.9998
0.9998 0.0001 0.0001 0.0001 0.9998 0.0001 0.0001 0.0001 0.0001 0.9998 0.0001 0.0001 0.0001 0.9997 0.0001 0.0001
0.0001 0.0001 0.0001 0.9998 0.0001 0.0001 0.0001 0.9998 0.0001 0.0001 0.0001 0.9998 0.0001 0.9998 0.0001 0.0001
0.0001 0.9998 0.0001 0.0001 0.0001 0.0001 0.9997 0.0001 0.0001 0.0001 0.9997 0.0001 0.0001 0.0001 0.9997 0.0001
0.0001 0.9998 0.0001 0.0001 0.0001 0.0001 0.9997 0.0001 0.0001 0.0001 0.9997 0.0001 0.0001 0.0001 0.0001 0.9998
0.9998 0.0001 0.0001 0.0001 0.0001 0.0001 0.9997 0.0001 0.0001 0.0001 0.0001 0.9997 0.9997 0.0001 0.0001 0.0001
0.0001 0.9998 0.0001 0.0001 0.0001 0.0001 0.9997 0.0001 0.0001 0.0001 0.9997 0.0001 0.9998 0.0001 0.0001 0.0001
0.0001 0.0001 0.9997 0.0001 0.0001 0.0001 0.0001 0.9997 0.9998 0.0001 0.0001 0.0001 0.0001 0.0001 0.9997 0.0001
0.0001 0.0001 0.9997 0.0001 0.0001 0.0001 0.9997 0.0001 0.0001 0.9998 0.0001 0.0001 0.0001 0.0001 0.9997 0.0001
0.0001 0.9998 0.0001 0.0000 0.0001 0.0001 0.9997 0.0001 0.0001 0.0001 0.9997 0.0001 0.0001 0.0001 0.0001 0.9998
0.0001 0.0001 0.9997 0.0001 0.0001 0.0001 0.0001 0.9998 0.0001 0.9998 0.0001 0.0001 0.0001 0.9998 0.0001 0.0001
0.0001 0.0001 0.9997 0.0001 0.0001 0.0001 0.0001 0.9998 0.0001 0.0001 0.0001 0.9998 0.9998 0.0001 0.0001 0.0001
0.0001 0.9998 0.0001 0.0001 0.9998 0.0001 0.0001 0.0001 0.0001 0.0001 0.0001 0.9998 0.0001 0.9997 0.0001 0.0001
0.9998 0.0001 0.0001 0.0001 0.9998 0.0001 0.0001 0.0001 0.0001 0.0001 0.9997 0.0001 0.0001 0.0001 0.0001 0.9997
0.0001 0.0001 0.0001 0.9998 0.0001 0.0001 0.9997 0.0001 0.0001 0.0001 0.9997 0.0001 0.0001 0.0001 0.0001 0.9998
0.0001 0.9998 0.0001 0.0001 0.0001 0.9998 0.0001 0.0001 0.9998 0.0001 0.0001 0.0001 0.0001 0.0001 0.9997 0.0001
0.0001 0.0001 0.9997 0.0001 0.9998 0.0001 0.0001 0.0001 0.9998 0.0001 0.0001 0.0001 0.9998 0.0001 0.0000 0.0001
0.0001 0.0001 0.0001 0.9997 0.0001 0.0001 0.9997 0.0001 0.0001 0.0001 0.9997 0.0001 0.0001 0.0001 0.0001 0.9998
0.0001 0.0001 0.9997 0.0001 0.0001 0.0001 0.0001 0.9998 0.0001 0.0001 0.9997 0.0001 0.0001 0.0001 0.0001 0.9998
0.0001 0.0001 0.9997 0.0001 0.0001 0.9998 0.0001 0.0001 0.0001 0.9998 0.0001 0.0001 0.0001 0.9998 0.0001 0.0001
0.9998 0.0001 0.0001 0.0001 0.0001 0.0001 0.9997 0.0001 0.0001 0.9997 0.0001 0.0001 0.9997 0.0001 0.0001 0.0001
0.0001 0.0001 0.9997 0.0001 0.0001 0.0001 0.0001 0.9997 0.0001 0.0001 0.9997 0.0001 0.0001 0.0001 0.0001 0.9998
0.9998 0.0001 0.0001 0.0001 0.9998 0.0001 0.0001 0.0001 0.9998 0.0001 0.0000 0.0001 0.0001 0.0001 0.9997 0.0001
0.9998 0.0001 0.0001 0.0001 0.0001 0.9998 0.0001 0.0001 0.0001 0.0001 0.9997 0.0001 0.0001 0.0001 0.9997 0.0001
0.0001 0.0001 0.0001 0.9998 0.9998 0.0001 0.0001 0.0001 0.0001 0.9998 0.0001 0.0001 0.9998 0.0001 0.0000 0.0001
0.9998 0.0001 0.0001 0.0001 0.0001 0.0001 0.9997 0.0001 0.0001 0.9998 0.0001 0.0001 0.0001 0.0001 0.9997 0.0001
0.0001 0.9998 0.0001 0.0000 0.9998 0.0001 0.0001 0.0001 0.0001 0.0001 0.9997 0.0001 0.0001 0.0001 0.0001 0.9997
0.0001 0.0001 0.0001 0.9998 0.9998 0.0001 0.0000 0.0001 0.0001 0.0001 0.0001 0.9998 0.9998 0.0001 0.0001 0.0001
0.0001 0.0001 0.0001 0.9998 0.0001 0.0001 0.0001 0.9997 0.9998 0.0001 0.0001 0.0001 0.9998 0.0001 0.0000 0.0001
0.0001 0.0001 0.9997 0.0001 0.0001 0.0001 0.0001 0.9997 0.9998 0.0001 0.0001 0.0001 0.0001 0.9998 0.0001 0.0001
0.0001 0.0001 0.9997 0.0001 0.0001 0.0001 0.0001 0.9998 0.9998 0.0001 0.0001 0.0001 0.9998 0.0001 0.0001 0.0001
0.0001 0.9998 0.0001 0.0001 0.0001 0.9997 0.0001 0.0001 0.0001 0.0001 0.9997 0.0001 0.0001 0.9998 0.0001 0.0000
0.9998 0.0001 0.0001 0.0001 0.9998 0.0001 0.0001 0.0001 0.9998 0.0001 0.0000 0.0001 0.9998 0.0001 0.0001 0.0001
0.9998 0.0001 0.0001 0.0001 0.9998 0.0001 0.0001 0.0001 0.0001 0.0001 0.0001 0.9997 0.9998 0.0001 0.0001 0.0001
0.0001 0.0001 0.0001 0.9998 0.0001 0.0001 0.0001 0.9997 0.0001 0.0001 0.9997 0.0001 0.9998 0.0001 0.0000 0.0001
0.9998 0.0001 0.0001 0.0001 0.9998 0.0001 0.0001 0.0001 0.9998 0.0001 0.0000 0.0001 0.0001 0.0001 0.9997 0.0001
0.0001 0.0001 0.0001 0.9997 0.9998 0.0001 0.0001 0.0001 0.0001 0.0001 0.9997 0.0001 0.0001 0.0001 0.9997 0.0001
0.0001 0.0001 0.0001 0.9998 0.9998 0.0001 0.0001 0.0001 0.0001 0.0001 0.9997 0.0001 0.9998 0.0001 0.0000 0.0001
0.0001 0.0001 0.0001 0.9998 0.0001 0.0001 0.9997 0.0001 0.9998 0.0001 0.0000 0.0001 0.9998 0.0001 0.0001 0.0001
0.0001 0.0001 0.9997 0.0001 0.0001 0.0001 0.0001 0.9997 0.0001 0.0001 0.9997 0.0001 0.0001 0.0001 0.9997 0.0001
0.0001 0.0001 0.9997 0.0001 0.0001 0.0001 0.9997 0.0001 0.0001 0.0001 0.9997 0.0001 0.9998 0.0001 0.0001 0.0001
0.0001 0.9998 0.0001 0.0001 0.0001 0.9998 0.0001 0.0001 0.9998 0.0001 0.0001 0.0001 0.0001 0.0001 0.9997 0.0001
0.0001 0.0001 0.9997 0.0001 0.0001 0.0001 0.9997 0.0001 0.0001 0.0001 0.9997 0.0001 0.0001 0.9998 0.0001 0.0001
0.0001 0.9998 0.0001 0.0001 0.0001 0.9998 0.0001 0.0000 0.0001 0.0001 0.0001 0.9998 0.0001 0.9998 0.0001 0.0000
0.0001 0.0001 0.0001 0.9998 0.0001 0.0001 0.9997 0.0001 0.0001 0.0001 0.9997 0.0001 0.0001 0.9998 0.0001 0.0001
0.0001 0.0001 0.9997 0.0001 0.0001 0.9998 0.0001 0.0000 0.0001 0.0001 0.0001 0.9998 0.9998 0.0001 0.0001 0.0001
0.0001 0.0001 0.9997 0.0001 0.0001 0.0001 0.0001 0.9997 0.9997 0.0001 0.0001 0.0001 0.0001 0.9998 0.0001 0.0001
0.0001 0.9998 0.0001 0.0001 0.0001 0.9998 0.0001 0.0000 0.0001 0.0001 0.9997 0.0001 0.0001 0.0001 0.0001 0.9998
0.0001 0.9998 0.0001 0.0001 0.0001 0.9998 0.0001 0.0001 0.0001 0.0001 0.9997 0.0001 0.0001 0.0001 0.9997 0.0001
0.0001 0.0001 0.9997 0.0001 0.0001 0.9998 0.0001 0.0001 0.0001 0.0001 0.9997 0.0001 0.0001 0.0001 0.0001 0.9998
0.9998 0.0001 0.0001 0.0001 0.9998 0.0001 0.0001 0.0001 0.0001 0.0001 0.9997 0.0001 0.0001 0.9997 0.0001 0.0001
0.0001 0.0001 0.9997 0.0001 0.0001 0.0001 0.0001 0.9998 0.0001 0.0001 0.0001 0.9998 0.0001 0.0001 0.9997 0.0001
0.0001 0.9998 0.0001 0.0001 0.0001 0.0001 0.0001 0.9998 0.0001 0.0001 0.9997 0.0001 0.9998 0.0001 0.0000 0.0001
0.0001 0.0001 0.0001 0.9998 0.0001 0.9997 0.0001 0.0001 0.0001 0.9998 0.0001 0.0001 0.0001 0.9998 0.0001 0.0000
0.0001 0.9998 0.0001 0.0000 0.0001 0.9998 0.0001 0.0000 0.0001 0.0001 0.9997 0.0001 0.9998 0.0001 0.0001 0.0001
0.0001 0.0001 0.0001 0.9998 0.0001 0.0001 0.9997 0.0001 0.0001 0.0001 0.9997 0.0001 0.0001 0.0001 0.0001 0.9998
0.0001 0.9998 0.0001 0.0001 0.0001 0.0001 0.0001 0.9998 0.0001 0.0001 0.9997 0.0001 0.0001 0.0001 0.0001 0.9998
0.0001 0.9998 0.0001 0.0001 0.0001 0.0001 0.9997 0.0001 0.9998 0.0001 0.0001 0.0001 0.9997 0.0001 0.0001 0.0001
0.0001 0.0001 0.0001 0.9997 0.0001 0.0001 0.9997 0.0001 0.9998 0.0001 0.0000 0.0001 0.0001 0.0001 0.0001 0.9998
0.9998 0.0001 0.0001 0.0001 0.9998 0.0001 0.0000 0.0001 0.0001 0.0001 0.9997 0.0001 0.0001 0.0001 0.9997 0.0001
0.0001 0.0001 0.0001 0.9998 0.9998 0.0001 0.0001 0.0001 0.0001 0.0001 0.9997 0.0001 0.0001 0.0001 0.9997 0.0001
0.0001 0.9998 0.0001 0.0001 0.0001 0.9998 0.0001 0.0001 0.0001 0.9998 0.0001 0.0000 0.0001 0.9998 0.0001 0.0000
0.0001 0.0001 0.0001 0.9998 0.0001 0.0001 0.9997 0.0001 0.9998 0.0001 0.0001 0.0001 0.0001 0.0001 0.9997 0.0001
0.9998 0.0001 0.0001 0.0001 0.9998 0.0001 0.0001 0.0001 0.0001 0.0001 0.0001 0.9997 0.0001 0.0001 0.9997 0.0001
0.0001 0.0001 0.0001 0.9998 0.0001 0.0001 0.0001 0.9998 0.0001 0.9998 0.0001 0.0001 0.0001 0.9998 0.0001 0.0001
0.0001 0.9998 0.0001 0.0001 0.0001 0.0001 0.9997 0.0001 0.0001 0.9998 0.0001 0.0000 0.0001 0.0001 0.9997 0.0001
0.0001 0.0001 0.9997 0.0001 0.0001 0.9998 0.0001 0.0001 0.0001 0.0001 0.0001 0.9998 0.0001 0.0001 0.9997 0.0001
0.0001 0.0001 0.9997 0.0001 0.9998 0.0001 0.0001 0.0001 0.9997 0.0001 0.0001 0.0001 0.9998 0.0001 0.0000 0.0001
0.0001 0.0001 0.0001 0.9998 0.0001 0.0001 0.0001 0.9997 0.0001 0.0001 0.9997 0.0001 0.9998 0.0001 0.0000 0.0001
0.0001 0.0001 0.0001 0.9998 0.0001 0.9998 0.0001 0.0001 0.0001 0.0001 0.0001 0.9998 0.9998 0.0001 0.0001 0.0001
0.0001 0.0001 0.0001 0.9998 0.0001 0.0001 0.0001 0.9997 0.0001 0.0001 0.0001 0.9998 0.0001 0.9998 0.0001 0.0001
0.0001 0.0001 0.0001 0.9998 0.0001 0.9998 0.0001 0.0000 0.9998 0.0001 0.0001 0.0001 0.0001 0.9998 0.0001 0.0000
0.9998 0.0001 0.0001 0.0001 0.9998 0.0001 0.0001 0.0001 0.0001 0.0001 0.0001 0.9997 0.9998 0.0001 0.0001 0.0001
0.0001 0.0001 0.9997 0.0001 0.0001 0.0001 0.0001 0.9997 0.9998 0.0001 0.0001 0.0001 0.0001 0.9998 0.0001 0.0001
0.0001 0.0001 0.0001 0.9998 0.0001 0.9998 0.0001 0.0000 0.9998 0.0001 0.0000 0.0001 0.9998 0.0001 0.0001 0.0001
0.0001 0.0001 0.0001 0.9998 0.0001 0.0001 0.9997 0.0001 0.0001 0.9998 0.0001 0.0001 0.0001 0.9998 0.0001 0.0001
0.0001 0.0001 0.9997 0.0001 0.0001 0.0001 0.9997 0.0001 0.0001 0.0001 0.0001 0.9998 0.9998 0.0001 0.0001 0.0001
0.0001 0.0001 0.0001 0.9998 0.0001 0.9997 0.0001 0.0001 0.0001 0.9998 0.0001 0.0001 0.9998 0.0001 0.0001 0.0001
0.0001 0.0001 0.9997 0.0001 0.0001 0.0001 0.0001 0.9997 0.9997 0.0001 0.0001 0.0001 0.0001 0.0001 0.0001 0.9998
0.9998 0.0001 0.0000 0.0001 0.9998 0.0001 0.0001 0.0001 0.0001 0.0001 0.9997 0.0001 0.0001 0.0001 0.0001 0.9998
0.9998 0.0001 0.0001 0.0001 0.9998 0.0001 0.0000 0.0001 0.0001 0.0001 0.9997 0.0001 0.9998 0.0001 0.0001 0.0001
0.0001 0.9998 0.0001 0.0001 0.0001 0.0001 0.0001 0.9997 0.9998 0.0001 0.0001 0.0001 0.0001 0.0001 0.0001 0.9998
0.0001 0.9997 0.0001 0.0001 0.0001 0.9998 0.0001 0.0001 0.9998 0.0001 0.0001 0.0001 0.0001 0.0001 0.0001 0.9998
0.0001 0.9997 0.0001 0.0001 0.0001 0.9998 0.0001 0.0001 0.0001 0.0001 0.0001 0.9998 0.0001 0.0001 0.9997 0.0001
0.9998 0.0001 0.0001 0.0001 0.0001 0.9998 0.0001 0.0001 0.0001 0.0001 0.9997 0.0001 0.0001 0.0001 0.9997 0.0001
0.0001 0.9998 0.0001 0.0001 0.9998 0.0001 0.0001 0.0001 0.9998 0.0001 0.0001 0.0001 0.0001 0.0001 0.0001 0.9997
0.0001 0.0001 0.0001 0.9997 0.0001 0.9998 0.0001 0.0001 0.0001 0.9998 0.0001 0.0001 0.9998 0.0001 0.0001 0.0001
0.9998 0.0001 0.0001 0.0001 0.0001 0.0001 0.0001 0.9998 0.0001 0.0001 0.9997 0.0001 0.0001 0.0001 0.0001 0.9998
0.9998 0.0001 0.0001 0.0001 0.0001 0.9998 0.0001 0.0001 0.0001 0.0001 0.0001 0.9997 0.0001 0.0001 0.0001 0.9998
0.0001 0.0001 0.9997 0.0001 0.9998 0.0001 0.0001 0.0001 0.0001 0.0001 0.0001 0.9998 0.0001 0.0001 0.9997 0.0001
0.0001 0.0001 0.9997 0.0001 0.0001 0.9998 0.0001 0.0001 0.0001 0.9998 0.0001 0.0001 0.9998 0.0001 0.0001 0.0001
0.0001 0.0001 0.9997 0.0001 0.0001 0.0001 0.0001 0.9997 0.0001 0.9998 0.0001 0.0001 0.0001 0.0001 0.0001 0.9998
0.9998 0.0001 0.0001 0.0001 0.9998 0.0001 0.0001 0.0001 0.0001 0.9997 0.0001 0.0001 0.0001 0.9998 0.0001 0.0001
0.0001 0.9998 0.0001 0.0000 0.0001 0.0001 0.9997 0.0001 0.0001 0.9998 0.0001 0.0000 0.0001 0.9998 0.0001 0.0001
0.0001 0.0001 0.0001 0.9998 0.0001 0.0001 0.9997 0.0001 0.0001 0.0001 0.0001 0.9998 0.0001 0.9998 0.0001 0.0001
0.0001 0.0001 0.9997 0.0001 0.0001 0.9998 0.0001 0.0000 0.9997 0.0001 0.0001 0.0001 0.0001 0.0001 0.0001 0.9998
0.0001 0.0001 0.9997 0.0001 0.0001 0.9998 0.0001 0.0001 0.0001 0.0001 0.0001 0.9998 0.0001 0.9998 0.0001 0.0000
0.9998 0.0001 0.0000 0.0001 0.9997 0.0001 0.0001 0.0001 0.0001 0.0001 0.0001 0.9998 0.9998 0.0001 0.0001 0.0001
0.9998 0.0001 0.0000 0.0001 0.9998 0.0001 0.0001 0.0001 0.0001 0.0001 0.0001 0.9998 0.0001 0.0001 0.9997 0.0001
0.0001 0.0001 0.0001 0.9998 0.0001 0.0001 0.9997 0.0001 0.0001 0.9998 0.0001 0.0001 0.0001 0.9998 0.0001 0.0001
0.0001 0.0001 0.0001 0.9998 0.0001 0.9998 0.0001 0.0000 0.9998 0.0001 0.0001 0.0001 0.9998 0.0001 0.0001 0.0001
0.0001 0.0001 0.9997 0.0001 0.0001 0.0001 0.0001 0.9997 0.9998 0.0001 0.0001 0.0001 0.9998 0.0001 0.0000 0.0001
0.0001 0.0001 0.0001 0.9997 0.9998 0.0001 0.0001 0.0001 0.9998 0.0001 0.0000 0.0001 0.9998 0.0001 0.0001 0.0001
0.0001 0.0001 0.9997 0.0001 0.0001 0.0001 0.0001 0.9997 0.0001 0.9998 0.0001 0.0001 0.0001 0.9998 0.0001 0.0001
0.0001 0.0001 0.9997 0.0001 0.0001 0.0001 0.9997 0.0001 0.9998 0.0001 0.0001 0.0001 0.0001 0.0001 0.9997 0.0001
0.0001 0.0001 0.0001 0.9997 0.0001 0.0001 0.0001 0.9998 0.0001 0.0001 0.9997 0.0001 0.0001 0.9998 0.0001 0.0001
0.0001 0.0001 0.0001 0.9998 0.0001 0.0001 0.0001 0.9998 0.0001 0.0001 0.0001 0.9998 0.0001 0.0001 0.9997 0.0001
0.0001 0.9998 0.0001 0.0001 0.0001 0.9998 0.0001 0.0001 0.0001 0.9998 0.0001 0.0001 0.0001 0.9998 0.0001 0.0000
0.0001 0.0001 0.9997 0.0001 0.0001 0.9998 0.0001 0.0000 0.0001 0.0001 0.0001 0.9998 0.0001 0.0001 0.9997 0.0001
0.0001 0.9998 0.0001 0.0001 0.0001 0.9998 0.0001 0.0001 0.0001 0.0001 0.9997 0.0001 0.0001 0.0001 0.9997 0.0001
0.9997 0.0001 0.0001 0.0001 0.0001 0.0001 0.9997 0.0001 0.0001 0.9998 0.0001 0.0001 0.0001 0.9998 0.0001 0.0001
0.0001 0.0001 0.0001 0.9998 0.0001 0.0001 0.9997 0.0001 0.0001 0.9998 0.0001 0.0001 0.0001 0.0001 0.9997 0.0001
0.0001 0.9998 0.0001 0.0000 0.0001 0.0001 0.0001 0.9998 0.9998 0.0001 0.0001 0.0001 0.9998 0.0001 0.0000 0.0001
0.9998 0.0001 0.0001 0.0001 0.0001 0.0001 0.9997 0.0001 0.0001 0.0001 0.9997 0.0001 0.9998 0.0001 0.0001 0.0001
0.0001 0.0001 0.9997 0.0001 0.0001 0.9998 0.0001 0.0001 0.9998 0.0001 0.0001 0.0001 0.9998 0.0001 0.0001 0.0001
0.0001 0.0001 0.0001 0.9997 0.0001 0.9997 0.0001 0.0001 0.0001 0.0001 0.0001 0.9998 0.0001 0.0001 0.9997 0.0001
0.0001 0.0001 0.0001 0.9998 0.0001 0.9998 0.0001 0.0001 0.0001 0.9998 0.0001 0.0001 0.0001 0.9998 0.0001 0.0000
0.0001 0.9998 0.0001 0.0001 0.0001 0.9998 0.0001 0.0000 0.0001 0.0001 0.0001 0.9998 0.0001 0.9998 0.0001 0.0000
0.9998 0.0001 0.0001 0.0001 0.0001 0.0001 0.9997 0.0001 0.9998 0.0001 0.0001 0.0001 0.0001 0.0001 0.9997 0.0001
0.0001 0.0001 0.0001 0.9997 0.0001 0.0001 0.9997 0.0001 0.9998 0.0001 0.0000 0.0001 0.9998 0.0001 0.0001 0.0001
0.9998 0.0001 0.0001 0.0001 0.9998 0.0001 0.0000 0.0001 0.0001 0.0001 0.0001 0.9997 0.0001 0.0001 0.9997 0.0001
0.0001 0.0001 0.9997 0.0001 0.0001 0.0001 0.9997 0.0001 0.0001 0.9998 0.0001 0.0001 0.0001 0.0001 0.9997 0.0001
0.0001 0.9998 0.0001 0.0000 0.0001 0.9998 0.0001 0.0001 0.0001 0.0001 0.9997 0.0001 0.0001 0.0001 0.0001 0.9998
0.9998 0.0001 0.0001 0.0001 0.0001 0.0001 0.0001 0.9998 0.9998 0.0001 0.0000 0.0001 0.9998 0.0001 0.0001 0.0001
0.9998 0.0001 0.0001 0.0001 0.0001 0.0001 0.0001 0.9998 0.0001 0.0001 0.9997 0.0001 0.9998 0.0001 0.0000 0.0001
0.9998 0.0001 0.0001 0.0001 0.0001 0.9998 0.0001 0.0001 0.0001 0.9998 0.0001 0.0001 0.9998 0.0001 0.0001 0.0001
0.9998 0.0001 0.0001 0.0001 0.0001 0.0001 0.9997 0.0001 0.9998 0.0001 0.0001 0.0001 0.0001 0.9998 0.0001 0.0001
0.9998 0.0001 0.0001 0.0001 0.0001 0.0001 0.9997 0.0001 0.0001 0.9997 0.0001 0.0001 0.9998 0.0001 0.0001 0.0001
0.0001 0.0001 0.9997 0.0001 0.0001 0.9997 0.0001 0.0001 0.0001 0.9998 0.0001 0.0001 0.0001 0.9998 0.0001 0.0000
0.0001 0.9998 0.0001 0.0000 0.0001 0.9998 0.0001 0.0000 0.0001 0.0001 0.0001 0.9998 0.0001 0.0001 0.0001 0.9998
0.0001 0.0001 0.9997 0.0001 0.0001 0.0001 0.0001 0.9998 0.0001 0.9998 0.0001 0.0001 0.0001 0.9998 0.0001 0.0001
0.9998 0.0001 0.0001 0.0001 0.9997 0.0001 0.0001 0.0001 0.0001 0.0001 0.0001 0.9997 0.0001 0.0001 0.0001 0.9998
0.0001 0.0001 0.9997 0.0001 0.0001 0.0001 0.9997 0.0001 0.0001 0.0001 0.9997 0.0001 0.0001 0.0001 0.0001 0.9998
0.0001 0.0001 0.0001 0.9998 0.0001 0.0001 0.9997 0.0001 0.0001 0.0001 0.0001 0.9998 0.0001 0.0001 0.9997 0.0001
0.0001 0.9998 0.0001 0.0001 0.0001 0.9998 0.0001 0.0001 0.0001 0.0001 0.0001 0.9998 0.0001 0.0001 0.0001 0.9998
0.9998 0.0001 0.0001 0.0001 0.0001 0.0001 0.0001 0.9998 0.0001 0.9997 0.0001 0.0001 0.9998 0.0001 0.0001 0.0001
0.0001 0.9998 0.0001 0.0000 0.0001 0.0001 0.9997 0.0001 0.0001 0.0001 0.9997 0.0001 0.0001 0.9998 0.0001 0.0001
0.0001 0.0001 0.9997 0.0001 0.9998 0.0001 0.0001 0.0001 0.0001 0.0001 0.0001 0.9998 0.0001 0.0001 0.0001 0.9997
0.0001 0.9998 0.0001 0.0001 0.0001 0.9998 0.0001 0.0001 0.0001 0.9998 0.0001 0.0000 0.0001 0.0001 0.9997 0.0001
0.9998 0.0001 0.0001 0.0001 0.0001 0.0001 0.9997 0.0001 0.0001 0.9997 0.0001 0.0001 0.9998 0.0001 0.0001 0.0001
0.0001 0.9998 0.0001 0.0000 0.0001 0.9998 0.0001 0.0001 0.0001 0.0001 0.9997 0.0001 0.0001 0.9998 0.0001 0.0000
0.9998 0.0001 0.0001 0.0001 0.9998 0.0001 0.0001 0.0001 0.0001 0.9997 0.0001 0.0001 0.0001 0.9997 0.0001 0.0001
0.0001 0.0001 0.0001 0.9998 0.0001 0.9998 0.0001 0.0000 0.0001 0.9998 0.0001 0.0001 0.0001 0.9998 0.0001 0.0000
0.0001 0.9998 0.0001 0.0000 0.0001 0.0001 0.9997 0.0001 0.0001 0.0001 0.9997 0.0001 0.0001 0.0001 0.9997 0.0001
0.0001 0.0001 0.0001 0.9998 0.0001 0.0001 0.9997 0.0001 0.0001 0.0001 0.0001 0.9998 0.0001 0.0001 0.0001 0.9998
0.0001 0.0001 0.0001 0.9998 0.0001 0.9998 0.0001 0.0001 0.0001 0.0001 0.0001 0.9998 0.0001 0.0001 0.9997 0.0001
0.0001 0.9998 0.0001 0.0001 0.0001 0.0001 0.9997 0.0001 0.0001 0.9998 0.0001 0.0001 0.0001 0.9998 0.0001 0.0001
0.0001 0.9998 0.0001 0.0001 0.0001 0.9998 0.0001 0.0000 0.9997 0.0001 0.0001 0.0001 0.0001 0.0001 0.9997 0.0001
0.0001 0.9997 0.0001 0.0001 0.0001 0.0001 0.0001 0.9998 0.0001 0.9998 0.0001 0.0000 0.0001 0.9998 0.0001 0.0001
0.9998 0.0001 0.0001 0.0001 0.0001 0.0001 0.9997 0.0001 0.0001 0.0001 0.9997 0.0001 0.0001 0.9998 0.0001 0.0001
0.0001 0.9998 0.0001 0.0001 0.0001 0.9998 0.0001 0.0000 0.0001 0.9998 0.0001 0.0000 0.0001 0.9998 0.0001 0.0000
0.0001 0.0001 0.9997 0.0001 0.0001 0.9998 0.0001 0.0000 0.0001 0.9998 0.0001 0.0001 0.0001 0.9998 0.0001 0.0000
0.0001 0.9998 0.0001 0.0000 0.0001 0.9998 0.0001 0.0000 0.0001 0.0001 0.9997 0.0001 0.0001 0.0001 0.9997 0.0001
0.0001 0.0001 0.0001 0.9998 0.0001 0.0001 0.9997 0.0001 0.0001 0.0001 0.9997 0.0001 0.0001 0.0001 0.9997 0.0001
0.0001 0.9998 0.0001 0.0001 0.0001 0.0001 0.9997 0.0001 0.0001 0.9998 0.0001 0.0000 0.0001 0.9998 0.0001 0.0001
0.0001 0.0001 0.9997 0.0001 0.0001 0.0001 0.0001 0.9998 0.0001 0.9998 0.0001 0.0001 0.0001 0.0001 0.0001 0.9998
0.0001 0.0001 0.0001 0.9998 0.0001 0.0001 0.9997 0.0001 0.0001 0.0001 0.9997 0.0001 0.9997 0.0001 0.0001 0.0001
0.0001 0.9998 0.0001 0.0001 0.0001 0.9998 0.0001 0.0001 0.0001 0.0001 0.9997 0.0001 0.0001 0.0001 0.0001 0.9998
0.9997 0.0001 0.0001 0.0001 0.0001 0.0001 0.0001 0.9998 0.9998 0.0001 0.0000 0.0001 0.0001 0.0001 0.0001 0.9998
0.9998 0.0001 0.0001 0.0001 0.0001 0.9998 0.0001 0.0001 0.0001 0.9997 0.0001 0.0001 0.0001 0.0001 0.9997 0.0001
0.0001 0.0001 0.9997 0.0001 0.9997 0.0001 0.0001 0.0001 0.9998 0.0001 0.0001 0.0001 0.0001 0.0001 0.0001 0.9997
0.0001 0.0001 0.0001 0.9997 0.0001 0.0001 0.0001 0.9998 0.9998 0.0001 0.0000 0.0001 0.0001 0.0001 0.9997 0.0001
0.9998 0.0001 0.0001 0.0001 0.9997 0.0001 0.0001 0.0001 0.0001 0.0001 0.9997 0.0001 0.0001 0.0001 0.0001 0.9998
0.9998 0.0001 0.0001 0.0001 0.0001 0.9998 0.0001 0.0001 0.0001 0.0001 0.9997 0.0001 0.0001 0.0001 0.0001 0.9998
0.9998 0.0001 0.0001 0.0001 0.9998 0.0001 0.0001 0.0001 0.9998 0.0001 0.0000 0.0001 0.9998 0.0001 0.0001 0.0001
0.0001 0.9997 0.0001 0.0001 0.0001 0.9997 0.0001 0.0001 0.0001 0.9998 0.0001 0.0000 0.9998 0.0001 0.0001 0.0001
0.9998 0.0001 0.0001 0.0001 0.9998 0.0001 0.0001 0.0001 0.0001 0.9997 0.0001 0.0001 0.9998 0.0001 0.0001 0.0001
0.0001 0.9998 0.0001 0.0000 0.9998 0.0001 0.0001 0.0001 0.0001 0.0001 0.0001 0.9998 0.0001 0.0001 0.9997 0.0001
0.0001 0.0001 0.9997 0.0001 0.0001 0.0001 0.9997 0.0001 0.9997 0.0001 0.0001 0.0001 0.0001 0.0001 0.0001 0.9998
0.0001 0.9998 0.0001 0.0001 0.9998 0.0001 0.0000 0.0001 0.0001 0.9998 0.0001 0.0000 0.0001 0.9998 0.0001 0.0001
0.0001 0.0001 0.9997 0.0001 0.9998 0.0001 0.0001 0.0001 0.0001 0.9998 0.0001 0.0001 0.0001 0.0001 0.0001 0.9997
0.0001 0.0001 0.0001 0.9998 0.9998 0.0001 0.0000 0.0001 0.0001 0.0001 0.0001 0.9998 0.0001 0.9997 0.0001 0.0001
0.0001 0.9998 0.0001 0.0001 0.0001 0.9998 0.0001 0.0000 0.0001 0.0001 0.0001 0.9998 0.9998 0.0001 0.0001 0.0001
0.0001 0.0001 0.0001 0.9998 0.0001 0.0001 0.9997 0.0001 0.0001 0.9998 0.0001 0.0001 0.0001 0.9998 0.0001 0.0001
0.0001 0.0001 0.0001 0.9998 0.0001 0.0001 0.9997 0.0001 0.0001 0.9998 0.0001 0.0001 0.0001 0.9998 0.0001 0.0001
0.0001 0.0001 0.9997 0.0001 0.0001 0.0001 0.0001 0.9998 0.0001 0.0001 0.9997 0.0001 0.0001 0.0001 0.0001 0.9998
0.0001 0.0001 0.9997 0.0001 0.0001 0.9998 0.0001 0.0001 0.0001 0.0001 0.0001 0.9998 0.0001 0.0001 0.9997 0.0001
0.0001 0.9998 0.0001 0.0001 0.0001 0.9998 0.0001 0.0001 0.0001 0.9998 0.0001 0.0000 0.0001 0.0001 0.0001 0.9998
0.0001 0.0001 0.9997 0.0001 0.0001 0.9998 0.0001 0.0001 0.0001 0.0001 0.9997 0.0001 0.0001 0.0001 0.0001 0.9998
0.9998 0.0001 0.0001 0.0001 0.9998 0.0001 0.0001 0.0001 0.0001 0.0001 0.0001 0.9997 0.0001 0.0001 0.9997 0.0001
0.0001 0.9998 0.0001 0.0001 0.0001 0.0001 0.9997 0.0001 0.9998 0.0001 0.0001 0.0001 0.9998 0.0001 0.0001 0.0001
0.0001 0.9998 0.0001 0.0001 0.0001 0.9998 0.0001 0.0001 0.9998 0.0001 0.0001 0.0001 0.9998 0.0001 0.0001 0.0001
0.9998 0.0001 0.0001 0.0001 0.9998 0.0001 0.0001 0.0001 0.0001 0.0001 0.9997 0.0001 0.0001 0.0001 0.9997 0.0001
0.0001 0.0001 0.9997 0.0001 0.0001 0.0001 0.0001 0.9998 0.0001 0.9998 0.0001 0.0001 0.0001 0.9998 0.0001 0.0001
0.9998 0.0001 0.0001 0.0001 0.9998 0.0001 0.0001 0.0001 0.0001 0.0001 0.9997 0.0001 0.0001 0.9998 0.0001 0.0001
0.0001 0.9998 0.0001 0.0001 0.0001 0.0001 0.0001 0.9998 0.9998 0.0001 0.0001 0.0001 0.0001 0.0001 0.0001 0.9998
0.0001 0.0001 0.9997 0.0001 0.0001 0.9998 0.0001 0.0001 0.0001 0.0001 0.0001 0.9998 0.0001 0.0001 0.9997 0.0001
0.0001 0.0001 0.0001 0.9998 0.0001 0.0001 0.9997 0.0001 0.0001 0.9998 0.0001 0.0001 0.0001 0.0001 0.9997 0.0001
0.0001 0.0001 0.9997 0.0001 0.0001 0.0001 0.9997 0.0001 0.0001 0.0001 0.9997 0.0001 0.0001 0.0001 0.0001 0.9998
0.0001 0.0001 0.0001 0.9998 0.0001 0.9998 0.0001 0.0001 0.9998 0.0001 0.0000 0.0001 0.0001 0.0001 0.9997 0.0001
0.0001 0.9997 0.0001 0.0001 0.0001 0.0001 0.0001 0.9998 0.0001 0.9998 0.0001 0.0000 0.0001 0.9998 0.0001 0.0001
0.0001 0.9998 0.0001 0.0000 0.0001 0.9998 0.0001 0.0000 0.0001 0.0001 0.0001 0.9998 0.0001 0.0001 0.0001 0.9998
0.0001 0.9998 0.0001 0.0001 0.0001 0.9998 0.0001 0.0001 0.0001 0.9998 0.0001 0.0000 0.0001 0.9998 0.0001 0.0000
0.9998 0.0001 0.0001 0.0001 0.9997 0.0001 0.0001 0.0001 0.0001 0.0001 0.9997 0.0001 0.0001 0.0001 0.0001 0.9997
0.0001 0.0001 0.9997 0.0001 0.0001 0.0001 0.9997 0.0001 0.0001 0.9998 0.0001 0.0001 0.9997 0.0001 0.0001 0.0001
0.0001 0.0001 0.9997 0.0001 0.0001 0.0001 0.0001 0.9997 0.0001 0.0001 0.9997 0.0001 0.0001 0.0001 0.0001 0.9998
0.0001 0.0001 0.0001 0.9998 0.0001 0.0001 0.0001 0.9998 0.9998 0.0001 0.0000 0.0001 0.0001 0.0001 0.0001 0.9998
0.0001 0.0001 0.0001 0.9998 0.0001 0.0001 0.9997 0.0001 0.0001 0.0001 0.9997 0.0001 0.0001 0.0001 0.0001 0.9998
0.0001 0.9998 0.0001 0.0001 0.0001 0.0001 0.0001 0.9998 0.0001 0.0001 0.0001 0.9998 0.9998 0.0001 0.0001 0.0001
0.0001 0.0001 0.0001 0.9998 0.0001 0.9998 0.0001 0.0001 0.0001 0.0001 0.0001 0.9998 0.0001 0.0001 0.9997 0.0001
0.0001 0.0001 0.0001 0.9998 0.9998 0.0001 0.0001 0.0001 0.0001 0.9998 0.0001 0.0001 0.0001 0.9998 0.0001 0.0001
0.9997 0.0001 0.0001 0.0001 0.9998 0.0001 0.0001 0.0001 0.0001 0.9998 0.0001 0.0001 0.0001 0.9997 0.0001 0.0001
0.0001 0.0001 0.9997 0.0001 0.0001 0.0001 0.9997 0.0001 0.0001 0.0001 0.9997 0.0001 0.9998 0.0001 0.0001 0.0001
0.0001 0.0001 0.0001 0.9998 0.0001 0.9997 0.0001 0.0001 0.0001 0.0001 0.0001 0.9998 0.0001 0.0001 0.0001 0.9998
0.0001 0.0001 0.9997 0.0001 0.0001 0.0001 0.0001 0.9998 0.0001 0.0001 0.9997 0.0001 0.0001 0.0001 0.0001 0.9998
0.0001 0.9998 0.0001 0.0001 0.0001 0.9998 0.0001 0.0001 0.0001 0.0001 0.9997 0.0001 0.0001 0.0001 0.0001 0.9998
0.9998 0.0001 0.0001 0.0001 0.9998 0.0001 0.0001 0.0001 0.0001 0.9997 0.0001 0.0001 0.0001 0.9997 0.0001 0.0001
0.0001 0.0001 0.0001 0.9998 0.0001 0.9998 0.0001 0.0000 0.0001 0.9998 0.0001 0.0001 0.0001 0.9998 0.0001 0.0000
0.0001 0.0001 0.0001 0.9998 0.0001 0.0001 0.0001 0.9998 0.0001 0.0001 0.9997 0.0001 0.0001 0.9998 0.0001 0.0001
0.0001 0.0001 0.0001 0.9998 0.9997 0.0001 0.0001 0.0001 0.9998 0.0001 0.0000 0.0001 0.9998 0.0001 0.0001 0.0001
0.9998 0.0001 0.0001 0.0001 0.0001 0.9997 0.0001 0.0001 0.0001 0.0001 0.0001 0.9997 0.0001 0.0001 0.9997 0.0001
0.0001 0.0001 0.0001 0.9998 0.0001 0.0001 0.9997 0.0001 0.0001 0.0001 0.0001 0.9998 0.9998 0.0001 0.0001 0.0001
0.0001 0.0001 0.0001 0.9998 0.0001 0.0001 0.9997 0.0001 0.0001 0.9998 0.0001 0.0001 0.0001 0.9998 0.0001 0.0001
0.9997 0.0001 0.0001 0.0001 0.0001 0.9998 0.0001 0.0000 0.0001 0.0001 0.0001 0.9998 0.0001 0.9998 0.0001 0.0000
0.0001 0.9998 0.0001 0.0001 0.0001 0.0001 0.9997 0.0001 0.0001 0.0001 0.9997 0.0001 0.0001 0.0001 0.0001 0.9998
0.0001 0.0001 0.0001 0.9998 0.9998 0.0001 0.0000 0.0001 0.0001 0.0001 0.9997 0.0001 0.0001 0.0001 0.0001 0.9997
0.0001 0.0001 0.0001 0.9998 0.0001 0.9998 0.0001 0.0001 0.9998 0.0001 0.0000 0.0001 0.9997 0.0001 0.0001 0.0001
0.0001 0.0001 0.9997 0.0001 0.0001 0.0001 0.0001 0.9998 0.0001 0.9998 0.0001 0.0001 0.0001 0.0001 0.9997 0.0001
0.0001 0.0001 0.0001 0.9998 0.0001 0.0001 0.9997 0.0001 0.0001 0.0001 0.0001 0.9998 0.9998 0.0001 0.0001 0.0001
0.0001 0.9998 0.0001 0.0001 0.0001 0.0001 0.0001 0.9997 0.0001 0.0001 0.9997 0.0001 0.0001 0.0001 0.0001 0.9998
0.0001 0.0001 0.0001 0.9998 0.0001 0.9998 0.0001 0.0001 0.9998 0.0001 0.0000 0.0001 0.9998 0.0001 0.0001 0.0001
0.9998 0.0001 0.0001 0.0001 0.9998 0.0001 0.0001 0.0001 0.0001 0.0001 0.9997 0.0001 0.0001 0.0001 0.9997 0.0001
0.9998 0.0001 0.0001 0.0001 0.9998 0.0001 0.0001 0.0001 0.9998 0.0001 0.0000 0.0001 0.0001 0.9998 0.0001 0.0001
0.0001 0.0001 0.9997 0.0001 0.0001 0.0001 0.9997 0.0001 0.0001 0.0001 0.9997 0.0001 0.0001 0.0001 0.9997 0.0001
0.0001 0.0001 0.0001 0.9998 0.0001 0.0001 0.9997 0.0001 0.0001 0.0001 0.9997 0.0001 0.0001 0.0001 0.0001 0.9998
0.9998 0.0001 0.0001 0.0001 0.9998 0.0001 0.0000 0.0001 0.0001 0.9998 0.0001 0.0001 0.0001 0.0001 0.9997 0.0001
0.9998 0.0001 0.0001 0.0001 0.9998 0.0001 0.0001 0.0001 0.0001 0.0001 0.9997 0.0001 0.0001 0.0001 0.0001 0.9997
0.9998 0.0001 0.0001 0.0001 0.9998 0.0001 0.0000 0.0001 0.9998 0.0001 0.0000 0.0001 0.9998 0.0001 0.0001 0.0001
0.0001 0.0001 0.9997 0.0001 0.0001 0.0001 0.9997 0.0001 0.0001 0.9998 0.0001 0.0001 0.0001 0.9998 0.0001 0.0001
0.9998 0.0001 0.0001 0.0001 0.0001 0.9998 0.0001 0.0000 0.0001 0.9997 0.0001 0.0001 0.9998 0.0001 0.0001 0.0001
0.0001 0.9998 0.0001 0.0000 0.0001 0.0001 0.9997 0.0001 0.0001 0.0001 0.9997 0.0001 0.0001 0.0001 0.0001 0.9998
0.0001 0.9998 0.0001 0.0001 0.0001 0.9998 0.0001 0.0001 0.0001 0.9998 0.0001 0.0000 0.0001 0.0001 0.0001 0.9998
0.9998 0.0001 0.0001 0.0001 0.0001 0.0001 0.0001 0.9998 0.0001 0.0001 0.0001 0.9997 0.0001 0.0001 0.0001 0.9998
0.0001 0.0001 0.0001 0.9998 0.9998 0.0001 0.0001 0.0001 0.9998 0.0001 0.0001 0.0001 0.9998 0.0001 0.0001 0.0001
0.9998 0.0001 0.0001 0.0001 0.9998 0.0001 0.0001 0.0001 0.9998 0.0001 0.0001 0.0001 0.9998 0.0001 0.0001 0.0001
0.0001 0.0001 0.9997 0.0001 0.0001 0.9997 0.0001 0.0001 0.9998 0.0001 0.0001 0.0001 0.0001 0.9998 0.0001 0.0000
0.0001 0.9998 0.0001 0.0001 0.0001 0.9998 0.0001 0.0000 0.0001 0.0001 0.0001 0.9998 0.0001 0.0001 0.9997 0.0001
0.0001 0.0001 0.9997 0.0001 0.0001 0.0001 0.0001 0.9998 0.0001 0.0001 0.0001 0.9998 0.0001 0.0001 0.9997 0.0001
0.9998 0.0001 0.0000 0.0001 0.9997 0.0001 0.0001 0.0001 0.9998 0.0001 0.0001 0.0001 0.0001 0.0001 0.9997 0.0001
0.0001 0.9997 0.0001 0.0001 0.0001 0.9998 0.0001 0.0001 0.9998 0.0001 0.0001 0.0001 0.9998 0.0001 0.0001 0.0001
0.0001 0.0001 0.9997 0.0001 0.0001 0.0001 0.0001 0.9997 0.0001 0.0001 0.9997 0.0001 0.0001 0.0001 0.0001 0.9998
0.9998 0.0001 0.0001 0.0001 0.0001 0.0001 0.0001 0.9998 0.9998 0.0001 0.0000 0.0001 0.9998 0.0001 0.0001 0.0001
0.0001 0.0001 0.0001 0.9997 0.0001 0.0001 0.9997 0.0001 0.0001 0.0001 0.0001 0.9998 0.0001 0.9998 0.0001 0.0001
0.0001 0.0001 0.9997 0.0001 0.0001 0.9998 0.0001 0.0000 0.0001 0.9998 0.0001 0.0001 0.0001 0.9998 0.0001 0.0000
0.9998 0.0001 0.0001 0.0001 0.9998 0.0001 0.0001 0.0001 0.9998 0.0001 0.0001 0.0001 0.0001 0.0001 0.0001 0.9997
0.0001 0.0001 0.0001 0.9997 0.0001 0.9998 0.0001 0.0001 0.0001 0.0001 0.9997 0.0001 0.9998 0.0001 0.0001 0.0001
0.0001 0.0001 0.9997 0.0001 0.0001 0.0001 0.0001 0.9998 0.0001 0.0001 0.9997 0.0001 0.0001 0.0001 0.0001 0.9998
0.9998 0.0001 0.0001 0.0001 0.0001 0.9998 0.0001 0.0001 0.0001 0.0001 0.9997 0.0001 0.0001 0.9998 0.0001 0.0001
0.9998 0.0001 0.0001 0.0001 0.0001 0.9998 0.0001 0.0000 0.0001 0.9998 0.0001 0.0001 0.0001 0.9998 0.0001 0.0000
0.9998 0.0001 0.0001 0.0001 0.0001 0.0001 0.0001 0.9998 0.0001 0.0001 0.9997 0.0001 0.0001 0.0001 0.0001 0.9998
0.0001 0.0001 0.9997 0.0001 0.0001 0.0001 0.9997 0.0001 0.0001 0.9998 0.0001 0.0001 0.0001 0.9998 0.0001 0.0001
0.0001 0.0001 0.0001 0.9998 0.0001 0.0001 0.9997 0.0001 0.0001 0.0001 0.0001 0.9998 0.9997 0.0001 0.0001 0.0001
0.0001 0.0001 0.9997 0.0001 0.9998 0.0001 0.0000 0.0001 0.0001 0.0001 0.9997 0.0001 0.0001 0.0001 0.9997 0.0001
0.0001 0.9998 0.0001 0.0001 0.0001 0.0001 0.0001 0.9998 0.0001 0.0001 0.0001 0.9998 0.0001 0.0001 0.0001 0.9998
0.0001 0.0001 0.9997 0.0001 0.0001 0.0001 0.0001 0.9998 0.0001 0.9998 0.0001 0.0001 0.0001 0.0001 0.0001 0.9998
0.0001 0.0001 0.9997 0.0001 0.0001 0.9998 0.0001 0.0001 0.0001 0.0001 0.0001 0.9998 0.0001 0.0001 0.0001 0.9998
0.0001 0.9998 0.0001 0.0001 0.0001 0.9998 0.0001 0.0001 0.0001 0.0001 0.9997 0.0001 0.0001 0.0001 0.0001 0.9998
0.0001 0.9998 0.0001 0.0001 0.0001 0.9998 0.0001 0.0001 0.0001 0.9998 0.0001 0.0000 0.9997 0.0001 0.0001 0.0001
0.0001 0.0001 0.0001 0.9998 0.9998 0.0001 0.0001 0.0001 0.0001 0.0001 0.9997 0.0001 0.0001 0.0001 0.0001 0.9997
0.0001 0.0001 0.9997 0.0001 0.9998 0.0001 0.0000 0.0001 0.0001 0.0001 0.9997 0.0001 0.9998 0.0001 0.0001 0.0001
0.0001 0.0001 0.0001 0.9998 0.0001 0.0001 0.9997 0.0001 0.0001 0.0001 0.9997 0.0001 0.0001 0.0001 0.0001 0.9998
0.9997 0.0001 0.0001 0.0001 0.0001 0.9998 0.0001 0.0001 0.0001 0.0001 0.9997 0.0001 0.0001 0.0001 0.9997 0.0001
0.0001 0.0001 0.9997 0.0001 0.9998 0.0001 0.0001 0.0001 0.0001 0.0001 0.0001 0.9998 0.0001 0.0001 0.0001 0.9997
0.0001 0.0001 0.0001 0.9998 0.0001 0.9998 0.0001 0.0001 0.0001 0.9998 0.0001 0.0001 0.0001 0.9998 0.0001 0.0000
0.9997 0.0001 0.0001 0.0001 0.0001 0.9998 0.0001 0.0000 0.0001 0.0001 0.0001 0.9998 0.9998 0.0001 0.0001 0.0001
0.0001 0.9998 0.0001 0.0001 0.0001 0.0001 0.0001 0.9997 0.0001 0.0001 0.9997 0.0001 0.0001 0.0001 0.0001 0.9998
0.0001 0.9998 0.0001 0.0001 0.9998 0.0001 0.0001 0.0001 0.9998 0.0001 0.0001 0.0001 0.9998 0.0001 0.0001 0.0001
0.9998 0.0001 0.0001 0.0001 0.9998 0.0001 0.0001 0.0001 0.0001 0.0001 0.9997 0.0001 0.0001 0.0001 0.0001 0.9997
0.0001 0.0001 0.9997 0.0001 0.0001 0.9998 0.0001 0.0001 0.0001 0.9998 0.0001 0.0001 0.0001 0.9998 0.0001 0.0001
0.0001 0.0001 0.0001 0.9998 0.9998 0.0001 0.0001 0.0001 0.0001 0.0001 0.0001 0.9998 0.0001 0.0001 0.9997 0.0001
0.0001 0.9998 0.0001 0.0001 0.0001 0.9998 0.0001 0.0001 0.0001 0.9998 0.0001 0.0001 0.0001 0.0001 0.9997 0.0001
0.0001 0.9998 0.0001 0.0000 0.0001 0.0001 0.9997 0.0001 0.0001 0.0001 0.9997 0.0001 0.0001 0.0001 0.0001 0.9998
0.0001 0.9998 0.0001 0.0001 0.0001 0.9998 0.0001 0.0001 0.9998 0.0001 0.0001 0.0001 0.9997 0.0001 0.0001 0.0001
0.9998 0.0001 0.0001 0.0001 0.9998 0.0001 0.0001 0.0001 0.0001 0.9997 0.0001 0.0001 0.0001 0.9997 0.0001 0.0001
0.0001 0.0001 0.0001 0.9998 0.0001 0.9998 0.0001 0.0000 0.0001 0.0001 0.0001 0.9998 0.0001 0.0001 0.9997 0.0001
0.0001 0.0001 0.9997 0.0001 0.0001 0.9998 0.0001 0.0001 0.9997 0.0001 0.0001 0.0001 0.0001 0.0001 0.0001 0.9998
0.0001 0.0001 0.9997 0.0001 0.0001 0.9998 0.0001 0.0001 0.0001 0.9998 0.0001 0.0001 0.0001 0.9998 0.0001 0.0000
0.0001 0.0001 0.0001 0.9998 0.0001 0.0001 0.9997 0.0001 0.0001 0.9998 0.0001 0.0001 0.0001 0.0001 0.9997 0.0001
0.0001 0.9998 0.0001 0.0000 0.0001 0.9998 0.0001 0.0001 0.9998 0.0001 0.0001 0.0001 0.9998 0.0001 0.0001 0.0001
0.9998 0.0001 0.0001 0.0001 0.9998 0.0001 0.0001 0.0001 0.0001 0.0001 0.0001 0.9997 0.0001 0.0001 0.9997 0.0001
0.9998 0.0001 0.0000 0.0001 0.0001 0.0001 0.0001 0.9998 0.0001 0.0001 0.9997 0.0001 0.9998 0.0001 0.0000 0.0001
0.0001 0.9998 0.0001 0.0001 0.9998 0.0001 0.0001 0.0001 0.0001 0.0001 0.0001 0.9998 0.9998 0.0001 0.0001 0.0001
0.0001 0.9998 0.0001 0.0001 0.0001 0.9997 0.0001 0.0001 0.9998 0.0001 0.0001 0.0001 0.9998 0.0001 0.0001 0.0001
0.9998 0.0001 0.0001 0.0001 0.9998 0.0001 0.0001 0.0001 0.0001 0.0001 0.9997 0.0001 0.0001 0.0001 0.0001 0.9997
0.0001 0.0001 0.0001 0.9998 0.0001 0.0001 0.0001 0.9998 0.9998 0.0001 0.0000 0.0001 0.9998 0.0001 0.0001 0.0001
0.0001 0.0001 0.9997 0.0001 0.0001 0.0001 0.9997 0.0001 0.0001 0.0001 0.0001 0.9998 0.0001 0.0001 0.9997 0.0001
0.0001 0.0001 0.0001 0.9998 0.0001 0.0001 0.9997 0.0001 0.0001 0.0001 0.9997 0.0001 0.0001 0.0001 0.9997 0.0001
0.9997 0.0001 0.0001 0.0001 0.9998 0.0001 0.0001 0.0001 0.0001 0.9998 0.0001 0.0001 0.9998 0.0001 0.0000 0.0001
0.0001 0.9998 0.0001 0.0001 0.0001 0.9997 0.0001 0.0001 0.0001 0.0001 0.0001 0.9998 0.0001 0.0001 0.0001 0.9998
0.0001 0.0001 0.9997 0.0001 0.0001 0.0001 0.0001 0.9998 0.9997 0.0001 0.0001 0.0001 0.0001 0.9998 0.0001 0.0001
0.9998 0.0001 0.0000 0.0001 0.9997 0.0001 0.0001 0.0001 0.0001 0.9997 0.0001 0.0001 0.0001 0.9998 0.0001 0.0001
0.0001 0.0001 0.0001 0.9998 0.9998 0.0001 0.0001 0.0001 0.0001 0.0001 0.9997 0.0001 0.0001 0.0001 0.9997 0.0001
0.0001 0.0001 0.9997 0.0001 0.0001 0.0001 0.0001 0.9998 0.0001 0.0001 0.0001 0.9998 0.0001 0.0001 0.9997 0.0001
0.9998 0.0001 0.0000 0.0001 0.9998 0.0001 0.0001 0.0001 0.0001 0.0001 0.9997 0.0001 0.0001 0.9998 0.0001 0.0001
0.9998 0.0001 0.0001 0.0001 0.9998 0.0001 0.0001 0.0001 0.0001 0.0001 0.0001 0.9997 0.0001 0.0001 0.9997 0.0001
0.0001 0.0001 0.0001 0.9998 0.0001 0.0001 0.0001 0.9998 0.0001 0.0001 0.9997 0.0001 0.0001 0.0001 0.0001 0.9998
0.0001 0.9998 0.0001 0.0001 0.0001 0.0001 0.9997 0.0001 0.9998 0.0001 0.0001 0.0001 0.9997 0.0001 0.0001 0.0001
0.0001 0.0001 0.0001 0.9998 0.9998 0.0001 0.0000 0.0001 0.0001 0.0001 0.9997 0.0001 0.9998 0.0001 0.0001 0.0001
0.0001 0.0001 0.9997 0.0001 0.0001 0.0001 0.0001 0.9997 0.0001 0.0001 0.9997 0.0001 0.0001 0.0001 0.9997 0.0001
0.0001 0.0001 0.0001 0.9998 0.0001 0.0001 0.9997 0.0001 0.0001 0.9998 0.0001 0.0001 0.0001 0.9998 0.0001 0.0001
0.0001 0.0001 0.0001 0.9998 0.0001 0.0001 0.9997 0.0001 0.0001 0.0001 0.9997 0.0001 0.0001 0.0001 0.0001 0.9998
0.0001 0.9998 0.0001 0.0001 0.9998 0.0001 0.0000 0.0001 0.9998 0.0001 0.0001 0.0001 0.0001 0.0001 0.9997 0.0001
0.0001 0.0001 0.0001 0.9997 0.0001 0.0001 0.9997 0.0001 0.9998 0.0001 0.0000 0.0001 0.0001 0.0001 0.0001 0.9998
0.0001 0.9997 0.0001 0.0001 0.0001 0.0001 0.9997 0.0001 0.9998 0.0001 0.0001 0.0001 0.0001 0.0001 0.9997 0.0001
0.0001 0.9997 0.0001 0.0001 0.0001 0.9998 0.0001 0.0001 0.0001 0.0001 0.0001 0.9998 0.0001 0.0001 0.0001 0.9998
0.0001 0.9998 0.0001 0.0001 0.0001 0.9998 0.0001 0.0001 0.0001 0.0001 0.9997 0.0001 0.0001 0.9998 0.0001 0.0000
0.9998 0.0001 0.0001 0.0001 0.9998 0.0001 0.0001 0.0001 0.9998 0.0001 0.0000 0.0001 0.9998 0.0001 0.0001 0.0001
0.0001 0.0001 0.9997 0.0001 0.9998 0.0001 0.0001 0.0001 0.0001 0.0001 0.0001 0.9998 0.0001 0.0001 0.9997 0.0001
0.0001 0.0001 0.9997 0.0001 0.0001 0.0001 0.0001 0.9998 0.9998 0.0001 0.0001 0.0001 0.0001 0.0001 0.9997 0.0001
0.9998 0.0001 0.0000 0.0001 0.0001 0.0001 0.9997 0.0001 0.9998 0.0001 0.0001 0.0001 0.9998 0.0001 0.0001 0.0001
0.0001 0.0001 0.9997 0.0001 0.0001 0.9998 0.0001 0.0001 0.0001 0.0001 0.0001 0.9998 0.0001 0.9998 0.0001 0.0000
