0.0764 0.0846 0.7988 0.0402 0.0837 0.0963 0.0401 0.7799 0.0265 0.0498 0.0977 0.8260 0.0045 0.0071 0.0010 0.9874
0.9700 0.0006 0.0040 0.0253 0.8533 0.0015 0.0021 0.1430 0.0077 0.0012 0.9903 0.0008 0.0006 0.9929 0.0017 0.0048
0.9967 0.0000 0.0026 0.0006 0.0000 0.9992 0.0003 0.0004 0.9990 0.0000 0.0005 0.0004 0.9979 0.0001 0.0009 0.0011
0.0013 0.0006 0.0002 0.9980 0.0000 0.9987 0.0007 0.0006 0.0000 0.9988 0.0004 0.0007 0.0003 0.0006 0.0001 0.9990
0.0004 0.0006 0.0001 0.9990 0.0007 0.0006 0.9985 0.0002 0.0000 0.9990 0.0004 0.0006 0.0000 0.9990 0.0006 0.0003
0.0000 0.9991 0.0004 0.0004 0.9989 0.0000 0.0005 0.0006 0.9988 0.0000 0.0006 0.0006 0.0000 0.9988 0.0006 0.0006
0.0000 0.9988 0.0006 0.0006 0.0000 0.9991 0.0004 0.0005 0.0000 0.9991 0.0004 0.0005 0.0000 0.9991 0.0004 0.0004
0.0005 0.0005 0.9989 0.0001 0.9989 0.0000 0.0005 0.0006 0.0005 0.0004 0.0001 0.9990 0.0006 0.0005 0.9987 0.0002
0.0004 0.0003 0.0001 0.9992 0.9991 0.0000 0.0005 0.0004 0.0000 0.9990 0.0004 0.0005 0.0000 0.9990 0.0005 0.0005
0.0004 0.0004 0.0001 0.9991 0.0003 0.0004 0.0001 0.9992 0.0000 0.9990 0.0004 0.0005 0.9990 0.0000 0.0004 0.0006
0.9988 0.0000 0.0006 0.0006 0.9990 0.0000 0.0005 0.0005 0.0000 0.9988 0.0006 0.0006 0.9990 0.0000 0.0005 0.0005
0.0000 0.9991 0.0004 0.0005 0.0000 0.9989 0.0006 0.0005 0.0000 0.9991 0.0004 0.0004 0.9988 0.0000 0.0005 0.0006
0.0000 0.9991 0.0004 0.0005 0.0000 0.9989 0.0006 0.0005 0.0005 0.0005 0.9989 0.0001 0.9988 0.0000 0.0005 0.0006
0.0000 0.9991 0.0005 0.0003 0.0000 0.9989 0.0006 0.0005 0.0000 0.9991 0.0004 0.0004 0.0004 0.0004 0.0001 0.9992
0.0004 0.0004 0.0001 0.9991 0.0007 0.0005 0.9986 0.0001 0.0000 0.9991 0.0004 0.0005 0.0000 0.9991 0.0006 0.0003
0.0004 0.0005 0.9990 0.0001 0.0004 0.0004 0.0001 0.9992 0.0004 0.0004 0.9991 0.0001 0.0005 0.0003 0.0001 0.9991
0.0004 0.0004 0.9990 0.0001 0.0000 0.9990 0.0004 0.0005 0.9992 0.0000 0.0005 0.0003 0.0000 0.9991 0.0004 0.0004
0.9990 0.0000 0.0005 0.0005 0.0005 0.0005 0.9989 0.0001 0.9990 0.0000 0.0005 0.0005 0.9991 0.0000 0.0006 0.0004
0.0006 0.0005 0.0001 0.9988 0.0006 0.0006 0.9987 0.0002 0.0007 0.0006 0.9985 0.0002 0.0000 0.9992 0.0005 0.0003
0.0004 0.0004 0.9991 0.0001 0.0004 0.0004 0.0001 0.9991 0.0000 0.9992 0.0005 0.0003 0.0000 0.9991 0.0004 0.0005
0.9989 0.0000 0.0005 0.0006 0.9988 0.0000 0.0006 0.0006 0.0000 0.9989 0.0006 0.0006 0.0006 0.0004 0.0001 0.9989
0.0003 0.0004 0.0001 0.9992 0.0006 0.0006 0.9986 0.0002 0.0007 0.0005 0.9986 0.0002 0.0005 0.0004 0.0001 0.9989
0.0004 0.0004 0.9991 0.0001 0.0000 0.9991 0.0004 0.0005 0.9991 0.0000 0.0005 0.0003 0.0004 0.0005 0.9989 0.0001
0.9990 0.0000 0.0005 0.0005 0.9991 0.0000 0.0006 0.0003 0.9990 0.0000 0.0005 0.0005 0.0000 0.9989 0.0005 0.0005
0.0006 0.0005 0.0001 0.9988 0.0005 0.0005 0.9988 0.0002 0.0004 0.0004 0.0001 0.9991 0.0004 0.0004 0.9991 0.0001
0.0006 0.0006 0.9987 0.0002 0.0005 0.0004 0.0001 0.9990 0.0004 0.0004 0.9991 0.0001 0.0007 0.0006 0.9986 0.0002
0.9991 0.0000 0.0005 0.0003 0.9991 0.0000 0.0006 0.0004 0.0006 0.0006 0.9987 0.0002 0.9990 0.0000 0.0005 0.0005
0.0004 0.0004 0.9991 0.0001 0.0006 0.0004 0.0001 0.9989 0.9992 0.0000 0.0005 0.0003 0.0000 0.9991 0.0004 0.0005
0.0006 0.0006 0.9987 0.0002 0.0004 0.0004 0.0001 0.9991 0.9991 0.0000 0.0005 0.0004 0.0000 0.9991 0.0004 0.0005
0.0005 0.0004 0.0001 0.9989 0.0003 0.0004 0.0001 0.9992 0.9989 0.0000 0.0004 0.0007 0.0007 0.0005 0.9986 0.0002
0.9990 0.0000 0.0005 0.0005 0.0005 0.0004 0.0001 0.9990 0.0007 0.0006 0.9986 0.0002 0.0007 0.0006 0.9986 0.0002
0.9991 0.0000 0.0005 0.0004 0.9991 0.0000 0.0006 0.0004 0.0006 0.0006 0.9986 0.0001 0.0006 0.0004 0.0001 0.9989
0.0005 0.0004 0.0001 0.9990 0.0000 0.9991 0.0004 0.0005 0.0000 0.9992 0.0004 0.0005 0.9988 0.0000 0.0006 0.0006
0.0004 0.0005 0.9989 0.0001 0.0007 0.0005 0.9987 0.0002 0.0004 0.0004 0.9991 0.0001 0.0004 0.0004 0.9991 0.0001
0.0004 0.0004 0.9990 0.0001 0.0005 0.0004 0.0001 0.9990 0.0000 0.9992 0.0005 0.0003 0.0004 0.0003 0.0001 0.9992
0.0000 0.9992 0.0004 0.0004 0.9989 0.0000 0.0004 0.0006 0.9989 0.0000 0.0005 0.0006 0.0000 0.9988 0.0006 0.0005
0.0006 0.0005 0.9987 0.0002 0.0004 0.0004 0.0001 0.9991 0.0005 0.0004 0.0001 0.9990 0.0007 0.0005 0.9986 0.0002
0.9991 0.0000 0.0004 0.0005 0.9990 0.0000 0.0006 0.0004 0.0000 0.9988 0.0006 0.0005 0.0000 0.9989 0.0005 0.0005
0.9988 0.0000 0.0005 0.0006 0.9988 0.0000 0.0005 0.0007 0.0007 0.0005 0.9987 0.0002 0.9990 0.0000 0.0005 0.0005
0.9991 0.0000 0.0005 0.0004 0.0007 0.0006 0.9986 0.0002 0.0006 0.0006 0.9987 0.0001 0.9991 0.0000 0.0005 0.0003
0.0004 0.0004 0.9991 0.0001 0.0005 0.0004 0.0001 0.9989 0.0000 0.9992 0.0005 0.0003 0.0000 0.9991 0.0004 0.0005
0.0003 0.0004 0.0001 0.9992 0.9988 0.0000 0.0006 0.0006 0.9990 0.0000 0.0004 0.0006 0.0007 0.0005 0.9987 0.0002
0.0006 0.0005 0.9987 0.0001 0.9991 0.0000 0.0005 0.0004 0.0004 0.0004 0.9991 0.0001 0.9990 0.0000 0.0005 0.0005
0.0004 0.0005 0.9990 0.0001 0.0000 0.9989 0.0006 0.0006 0.0004 0.0005 0.9990 0.0001 0.9988 0.0000 0.0005 0.0006
0.0000 0.9992 0.0005 0.0003 0.0000 0.9989 0.0006 0.0005 0.0000 0.9992 0.0004 0.0004 0.0000 0.9991 0.0004 0.0005
0.0005 0.0005 0.9989 0.0001 0.0004 0.0004 0.0001 0.9991 0.0005 0.0004 0.0001 0.9990 0.0007 0.0005 0.9987 0.0002
0.0006 0.0006 0.9986 0.0002 0.0000 0.9991 0.0006 0.0003 0.0004 0.0004 0.9991 0.0001 0.0004 0.0004 0.0001 0.9992
0.9991 0.0000 0.0005 0.0003 0.9990 0.0000 0.0004 0.0006 0.0000 0.9990 0.0005 0.0005 0.0000 0.9988 0.0006 0.0005
0.0003 0.0004 0.0001 0.9991 0.0004 0.0004 0.0001 0.9991 0.0005 0.0004 0.0001 0.9991 0.0000 0.9991 0.0004 0.0005
0.0000 0.9990 0.0004 0.0005 0.0004 0.0005 0.9990 0.0001 0.0004 0.0005 0.9990 0.0001 0.0004 0.0004 0.9991 0.0001
0.0000 0.9991 0.0006 0.0003 0.0004 0.0004 0.9990 0.0001 0.0005 0.0005 0.9989 0.0001 0.0005 0.0004 0.0001 0.9990
0.9991 0.0000 0.0005 0.0003 0.0006 0.0006 0.9986 0.0002 0.0005 0.0004 0.0001 0.9990 0.9991 0.0000 0.0006 0.0004
0.0000 0.9991 0.0004 0.0005 0.0006 0.0006 0.9987 0.0001 0.0004 0.0005 0.9989 0.0001 0.9991 0.0000 0.0005 0.0004
0.0004 0.0004 0.9991 0.0001 0.0006 0.0004 0.0001 0.9989 0.9991 0.0000 0.0005 0.0003 0.0007 0.0006 0.9986 0.0002
0.0006 0.0006 0.9987 0.0002 0.0004 0.0004 0.9991 0.0001 0.0000 0.9992 0.0005 0.0003 0.0004 0.0004 0.9990 0.0001
0.0000 0.9992 0.0004 0.0004 0.0004 0.0005 0.9990 0.0001 0.0005 0.0005 0.9989 0.0001 0.0005 0.0004 0.0001 0.9990
0.0004 0.0004 0.9991 0.0001 0.0004 0.0003 0.0001 0.9992 0.0000 0.9992 0.0005 0.0003 0.0000 0.9990 0.0004 0.0005
0.0005 0.0005 0.9989 0.0001 0.0003 0.0004 0.0001 0.9991 0.0005 0.0004 0.0001 0.9990 0.9990 0.0000 0.0004 0.0006
0.0000 0.9991 0.0004 0.0005 0.9990 0.0000 0.0005 0.0005 0.0003 0.0004 0.0001 0.9992 0.0000 0.9988 0.0006 0.0006
0.9990 0.0000 0.0004 0.0006 0.9988 0.0000 0.0005 0.0006 0.0006 0.0005 0.9987 0.0001 0.0006 0.0004 0.0001 0.9989
0.0005 0.0004 0.0001 0.9989 0.0007 0.0006 0.9986 0.0002 0.0007 0.0006 0.9986 0.0002 0.0005 0.0004 0.0001 0.9989
0.0000 0.9991 0.0006 0.0003 0.0000 0.9991 0.0004 0.0005 0.9989 0.0000 0.0005 0.0006 0.0004 0.0005 0.9989 0.0001
0.0007 0.0005 0.9987 0.0002 0.9991 0.0000 0.0006 0.0003 0.9991 0.0000 0.0005 0.0004 0.9990 0.0000 0.0005 0.0005
0.0005 0.0004 0.0001 0.9989 0.0007 0.0006 0.9986 0.0002 0.0007 0.0006 0.9986 0.0002 0.0005 0.0004 0.0001 0.9989
0.0004 0.0004 0.9991 0.0001 0.0004 0.0004 0.0001 0.9991 0.0004 0.0004 0.9990 0.0001 0.0004 0.0003 0.0001 0.9992
0.0004 0.0005 0.9990 0.0001 0.0000 0.9990 0.0004 0.0005 0.0000 0.9992 0.0005 0.0003 0.0000 0.9991 0.0004 0.0004
0.9989 0.0000 0.0005 0.0006 0.0005 0.0005 0.9989 0.0001 0.0000 0.9989 0.0006 0.0006 0.9991 0.0000 0.0006 0.0004
0.0005 0.0005 0.9989 0.0001 0.0005 0.0004 0.0001 0.9990 0.0005 0.0004 0.9991 0.0001 0.0004 0.0004 0.0001 0.9992
0.9991 0.0000 0.0005 0.0003 0.9989 0.0000 0.0004 0.0006 0.9990 0.0000 0.0005 0.0005 0.0006 0.0005 0.9987 0.0001
0.9990 0.0000 0.0005 0.0005 0.0000 0.9991 0.0005 0.0003 0.0007 0.0006 0.9986 0.0002 0.0005 0.0006 0.9988 0.0001
0.0005 0.0004 0.0001 0.9989 0.9991 0.0000 0.0005 0.0003 0.0000 0.9992 0.0004 0.0004 0.9990 0.0000 0.0005 0.0005
0.9988 0.0000 0.0006 0.0006 0.0007 0.0006 0.9986 0.0002 0.0000 0.9988 0.0006 0.0006 0.0004 0.0004 0.9990 0.0001
0.0000 0.9991 0.0004 0.0005 0.9992 0.0000 0.0005 0.0003 0.0005 0.0005 0.9989 0.0001 0.0005 0.0004 0.0001 0.9989
0.0005 0.0004 0.0001 0.9990 0.9989 0.0000 0.0004 0.0007 0.0004 0.0003 0.0001 0.9992 0.9990 0.0000 0.0005 0.0005
0.0004 0.0003 0.0001 0.9992 0.0006 0.0004 0.0001 0.9988 0.9989 0.0000 0.0004 0.0006 0.9989 0.0000 0.0004 0.0006
0.0006 0.0005 0.9987 0.0001 0.0006 0.0004 0.0001 0.9988 0.9991 0.0000 0.0006 0.0004 0.0000 0.9991 0.0004 0.0005
0.0006 0.0006 0.9986 0.0001 0.0004 0.0004 0.0001 0.9991 0.9991 0.0000 0.0005 0.0004 0.9990 0.0000 0.0004 0.0006
0.0000 0.9990 0.0005 0.0005 0.0000 0.9988 0.0006 0.0005 0.0005 0.0006 0.9988 0.0002 0.0000 0.9991 0.0004 0.0005
0.9991 0.0000 0.0005 0.0003 0.9989 0.0000 0.0005 0.0006 0.9990 0.0000 0.0005 0.0005 0.9990 0.0000 0.0005 0.0005
0.9990 0.0000 0.0005 0.0005 0.9990 0.0000 0.0005 0.0005 0.0006 0.0005 0.0001 0.9988 0.9990 0.0000 0.0005 0.0005
0.0004 0.0004 0.0001 0.9991 0.0006 0.0005 0.0001 0.9988 0.0006 0.0005 0.9987 0.0002 0.9990 0.0000 0.0004 0.0006
0.9991 0.0000 0.0006 0.0003 0.9990 0.0000 0.0005 0.0005 0.9990 0.0000 0.0005 0.0005 0.0007 0.0006 0.9986 0.0002
0.0006 0.0004 0.0001 0.9988 0.9991 0.0000 0.0005 0.0004 0.0007 0.0006 0.9985 0.0002 0.0006 0.0006 0.9986 0.0001
0.0005 0.0004 0.0001 0.9989 0.9991 0.0000 0.0005 0.0004 0.0007 0.0006 0.9986 0.0002 0.9990 0.0000 0.0005 0.0005
0.0005 0.0004 0.0001 0.9990 0.0007 0.0006 0.9986 0.0002 0.9990 0.0000 0.0004 0.0006 0.9991 0.0000 0.0005 0.0004
0.0006 0.0005 0.9987 0.0001 0.0006 0.0004 0.0001 0.9989 0.0004 0.0004 0.9991 0.0001 0.0007 0.0006 0.9986 0.0002
0.0004 0.0005 0.9990 0.0001 0.0004 0.0004 0.9991 0.0001 0.0004 0.0005 0.9990 0.0001 0.9991 0.0000 0.0005 0.0003
0.0000 0.9992 0.0005 0.0003 0.0000 0.9990 0.0005 0.0005 0.9989 0.0000 0.0005 0.0006 0.0005 0.0006 0.9988 0.0002
0.0006 0.0005 0.9987 0.0002 0.0004 0.0004 0.9991 0.0001 0.0004 0.0004 0.9991 0.0001 0.0000 0.9992 0.0005 0.0003
0.0000 0.9992 0.0005 0.0003 0.0000 0.9992 0.0004 0.0004 0.0003 0.0004 0.0001 0.9992 0.0000 0.9991 0.0004 0.0004
0.0005 0.0003 0.0001 0.9991 0.0005 0.0005 0.9989 0.0001 0.0006 0.0005 0.9987 0.0002 0.0000 0.9991 0.0005 0.0003
0.0004 0.0004 0.9992 0.0001 0.0000 0.9991 0.0004 0.0004 0.0005 0.0004 0.0001 0.9990 0.9989 0.0000 0.0005 0.0006
0.0007 0.0006 0.9986 0.0002 0.0006 0.0004 0.0001 0.9989 0.9991 0.0000 0.0006 0.0004 0.0000 0.9991 0.0004 0.0005
0.0000 0.9989 0.0005 0.0005 0.0000 0.9991 0.0004 0.0004 0.0004 0.0006 0.9988 0.0002 0.0004 0.0004 0.0001 0.9991
0.0000 0.9991 0.0005 0.0003 0.0000 0.9991 0.0004 0.0005 0.0005 0.0005 0.9989 0.0001 0.0004 0.0005 0.9990 0.0001
0.0004 0.0004 0.9991 0.0001 0.0000 0.9991 0.0006 0.0003 0.0004 0.0005 0.9990 0.0001 0.0004 0.0004 0.0001 0.9992
0.9992 0.0000 0.0005 0.0003 0.9990 0.0000 0.0004 0.0006 0.0006 0.0006 0.9987 0.0002 0.0000 0.9988 0.0006 0.0005
0.0004 0.0004 0.9991 0.0001 0.0004 0.0004 0.0001 0.9991 0.0005 0.0004 0.0001 0.9990 0.0007 0.0005 0.9986 0.0002
0.0000 0.9992 0.0004 0.0005 0.0005 0.0004 0.0001 0.9990 0.0004 0.0005 0.9989 0.0001 0.9991 0.0000 0.0004 0.0006
0.0006 0.0004 0.0001 0.9989 0.0000 0.9988 0.0006 0.0005 0.0000 0.9991 0.0004 0.0005 0.0000 0.9991 0.0004 0.0004
0.0000 0.9991 0.0004 0.0004 0.0000 0.9991 0.0004 0.0004 0.0005 0.0005 0.9989 0.0001 0.9989 0.0000 0.0005 0.0006
0.0005 0.0004 0.0001 0.9990 0.0006 0.0005 0.9987 0.0002 0.0006 0.0006 0.9986 0.0002 0.0005 0.0004 0.0001 0.9990
0.0000 0.9991 0.0006 0.0003 0.0004 0.0004 0.0001 0.9991 0.0005 0.0005 0.9989 0.0001 0.0004 0.0003 0.0001 0.9992
0.0000 0.9991 0.0005 0.0003 0.0006 0.0005 0.9987 0.0002 0.9989 0.0000 0.0005 0.0006 0.9990 0.0000 0.0006 0.0003
0.0006 0.0004 0.0001 0.9989 0.0006 0.0006 0.9987 0.0001 0.9989 0.0000 0.0004 0.0007 0.0005 0.0004 0.0001 0.9990
0.9990 0.0000 0.0005 0.0005 0.9991 0.0000 0.0004 0.0006 0.0007 0.0006 0.9986 0.0002 0.0006 0.0005 0.9987 0.0001
0.0005 0.0004 0.0001 0.9989 0.9991 0.0000 0.0006 0.0004 0.0007 0.0006 0.9986 0.0002 0.0006 0.0006 0.9986 0.0001
0.0000 0.9991 0.0006 0.0003 0.0000 0.9992 0.0005 0.0003 0.0000 0.9992 0.0004 0.0004 0.0000 0.9992 0.0004 0.0004
0.0004 0.0004 0.0001 0.9991 0.0005 0.0005 0.9989 0.0001 0.9990 0.0000 0.0004 0.0006 0.0004 0.0004 0.9991 0.0001
0.9990 0.0000 0.0005 0.0005 0.9991 0.0000 0.0005 0.0003 0.0006 0.0004 0.0001 0.9988 0.0006 0.0006 0.9987 0.0002
0.0004 0.0004 0.0001 0.9991 0.0005 0.0004 0.0001 0.9990 0.0000 0.9991 0.0004 0.0005 0.0000 0.9992 0.0004 0.0005
0.0000 0.9991 0.0004 0.0004 0.0004 0.0005 0.9989 0.0001 0.0000 0.9991 0.0004 0.0004 0.0004 0.0004 0.9991 0.0001
0.0005 0.0005 0.9989 0.0001 0.0000 0.9992 0.0005 0.0003 0.0005 0.0004 0.0001 0.9990 0.0005 0.0005 0.9989 0.0001
0.0006 0.0006 0.9986 0.0002 0.9991 0.0000 0.0005 0.0003 0.9991 0.0000 0.0006 0.0003 0.9990 0.0000 0.0005 0.0005
0.0005 0.0004 0.0001 0.9989 0.0006 0.0004 0.0001 0.9989 0.0007 0.0006 0.9986 0.0002 0.9990 0.0000 0.0004 0.0006
0.0005 0.0004 0.0001 0.9989 0.0000 0.9989 0.0006 0.0005 0.0004 0.0003 0.0001 0.9992 0.9988 0.0000 0.0005 0.0006
0.0004 0.0003 0.0001 0.9992 0.0006 0.0004 0.0001 0.9989 0.0004 0.0003 0.0001 0.9992 0.0000 0.9991 0.0004 0.0005
0.0004 0.0003 0.0001 0.9992 0.0000 0.9991 0.0004 0.0004 0.9989 0.0000 0.0004 0.0007 0.0000 0.9991 0.0004 0.0004
0.9990 0.0000 0.0005 0.0005 0.9989 0.0000 0.0005 0.0006 0.0007 0.0004 0.0001 0.9988 0.9990 0.0000 0.0005 0.0005
0.0007 0.0006 0.9985 0.0002 0.0006 0.0004 0.0001 0.9989 0.9991 0.0000 0.0006 0.0003 0.0000 0.9991 0.0004 0.0005
0.0006 0.0004 0.0001 0.9989 0.0000 0.9991 0.0004 0.0004 0.9989 0.0000 0.0004 0.0007 0.9989 0.0000 0.0005 0.0006
0.0006 0.0004 0.0001 0.9988 0.0006 0.0005 0.9987 0.0002 0.0000 0.9991 0.0004 0.0005 0.0000 0.9991 0.0005 0.0003
0.0004 0.0005 0.9989 0.0001 0.0005 0.0005 0.9989 0.0001 0.0006 0.0004 0.0001 0.9989 0.9991 0.0000 0.0005 0.0003
0.0004 0.0003 0.0001 0.9992 0.0000 0.9990 0.0005 0.0005 0.0000 0.9990 0.0004 0.0005 0.9988 0.0000 0.0005 0.0006
0.0004 0.0005 0.9989 0.0001 0.0006 0.0004 0.0001 0.9989 0.9991 0.0000 0.0006 0.0003 0.0004 0.0004 0.0001 0.9992
0.9990 0.0000 0.0005 0.0005 0.9990 0.0000 0.0004 0.0006 0.0007 0.0006 0.9986 0.0002 0.0006 0.0004 0.0001 0.9988
0.9991 0.0000 0.0005 0.0004 0.9989 0.0000 0.0004 0.0007 0.0006 0.0006 0.9986 0.0001 0.9990 0.0000 0.0005 0.0005
0.0000 0.9992 0.0005 0.0003 0.0006 0.0004 0.0001 0.9988 0.9989 0.0000 0.0005 0.0006 0.0004 0.0004 0.0001 0.9991
0.0000 0.9989 0.0006 0.0006 0.0000 0.9991 0.0004 0.0005 0.9988 0.0000 0.0005 0.0006 0.0004 0.0004 0.0001 0.9991
0.0000 0.9989 0.0006 0.0005 0.0000 0.9990 0.0004 0.0005 0.0004 0.0004 0.0001 0.9992 0.0004 0.0005 0.9990 0.0001
0.9990 0.0000 0.0004 0.0006 0.0000 0.9991 0.0006 0.0003 0.0006 0.0005 0.9987 0.0001 0.0005 0.0005 0.9989 0.0001
0.0000 0.9991 0.0005 0.0003 0.9991 0.0000 0.0005 0.0003 0.9989 0.0000 0.0005 0.0006 0.0005 0.0004 0.0001 0.9990
0.0006 0.0004 0.0001 0.9989 0.0000 0.9991 0.0004 0.0005 0.0000 0.9991 0.0004 0.0005 0.9988 0.0000 0.0006 0.0006
0.9988 0.0000 0.0006 0.0006 0.0006 0.0004 0.0001 0.9989 0.0007 0.0005 0.9987 0.0002 0.0004 0.0003 0.0001 0.9992
0.9991 0.0000 0.0005 0.0004 0.0000 0.9991 0.0004 0.0005 0.0005 0.0004 0.0001 0.9989 0.0004 0.0004 0.0001 0.9991
0.0007 0.0006 0.9986 0.0002 0.9990 0.0000 0.0004 0.0006 0.0005 0.0004 0.0001 0.9989 0.0006 0.0005 0.9987 0.0001
0.0007 0.0006 0.9986 0.0002 0.0000 0.9991 0.0005 0.0003 0.0000 0.9991 0.0006 0.0003 0.9989 0.0000 0.0005 0.0006
0.0005 0.0005 0.9989 0.0001 0.0006 0.0004 0.0001 0.9989 0.0000 0.9991 0.0005 0.0003 0.0004 0.0004 0.0001 0.9992
0.9989 0.0000 0.0005 0.0006 0.9990 0.0000 0.0004 0.0006 0.0000 0.9988 0.0006 0.0006 0.0000 0.9988 0.0006 0.0005
0.0000 0.9991 0.0004 0.0005 0.0005 0.0005 0.9989 0.0001 0.0000 0.9991 0.0004 0.0004 0.0000 0.9991 0.0005 0.0003
0.0004 0.0004 0.0001 0.9991 0.0005 0.0005 0.9989 0.0001 0.0005 0.0003 0.0001 0.9991 0.0000 0.9991 0.0005 0.0003
0.0006 0.0005 0.9987 0.0002 0.0000 0.9992 0.0004 0.0004 0.9991 0.0000 0.0006 0.0003 0.0004 0.0004 0.0001 0.9991
0.0006 0.0006 0.9987 0.0001 0.0000 0.9991 0.0004 0.0005 0.0005 0.0004 0.0001 0.9990 0.0000 0.9991 0.0005 0.0004
0.9991 0.0000 0.0004 0.0006 0.9989 0.0000 0.0005 0.0006 0.0006 0.0004 0.0001 0.9989 0.9990 0.0000 0.0005 0.0005
0.9989 0.0000 0.0004 0.0007 0.9990 0.0000 0.0005 0.0005 0.0006 0.0004 0.0001 0.9988 0.0007 0.0006 0.9986 0.0002
0.0004 0.0004 0.0001 0.9992 0.0004 0.0005 0.9990 0.0001 0.0000 0.9990 0.0004 0.0005 0.0000 0.9992 0.0005 0.0003
0.0004 0.0004 0.0001 0.9991 0.0000 0.9992 0.0004 0.0004 0.9990 0.0000 0.0004 0.0006 0.9989 0.0000 0.0005 0.0006
0.0006 0.0005 0.9987 0.0001 0.0006 0.0004 0.0001 0.9989 0.9991 0.0000 0.0006 0.0004 0.9990 0.0000 0.0004 0.0006
0.0006 0.0004 0.0001 0.9989 0.9990 0.0000 0.0005 0.0005 0.9989 0.0000 0.0004 0.0007 0.9990 0.0000 0.0005 0.0005
0.0006 0.0005 0.9987 0.0001 0.0006 0.0005 0.0001 0.9988 0.0000 0.9991 0.0005 0.0003 0.0000 0.9991 0.0004 0.0005
0.0005 0.0005 0.9988 0.0001 0.0004 0.0005 0.9989 0.0001 0.9991 0.0000 0.0005 0.0003 0.0004 0.0004 0.9991 0.0001
0.0005 0.0004 0.0001 0.9990 0.0005 0.0004 0.0001 0.9990 0.0007 0.0006 0.9986 0.0002 0.0000 0.9991 0.0004 0.0005
0.0005 0.0004 0.0001 0.9989 0.0003 0.0004 0.0001 0.9992 0.0004 0.0003 0.0001 0.9992 0.0007 0.0005 0.9986 0.0002
0.0000 0.9990 0.0004 0.0005 0.0000 0.9991 0.0006 0.0003 0.0000 0.9991 0.0004 0.0004 0.0000 0.9992 0.0004 0.0004
0.0005 0.0005 0.9989 0.0001 0.0000 0.9991 0.0004 0.0004 0.0005 0.0004 0.0001 0.9990 0.0005 0.0005 0.9989 0.0001
0.0000 0.9991 0.0004 0.0005 0.0000 0.9991 0.0005 0.0003 0.0004 0.0005 0.9989 0.0001 0.0005 0.0005 0.9989 0.0001
0.9991 0.0000 0.0006 0.0003 0.0004 0.0004 0.9991 0.0001 0.0000 0.9989 0.0005 0.0005 0.0000 0.9992 0.0005 0.0003
0.0003 0.0004 0.0001 0.9992 0.0005 0.0005 0.9989 0.0001 0.0000 0.9991 0.0004 0.0005 0.0004 0.0004 0.9991 0.0001
0.0000 0.9991 0.0004 0.0004 0.0005 0.0004 0.0001 0.9990 0.9989 0.0000 0.0005 0.0006 0.9991 0.0000 0.0003 0.0006
0.9990 0.0000 0.0005 0.0005 0.0006 0.0005 0.9987 0.0001 0.0006 0.0006 0.9986 0.0002 0.9991 0.0000 0.0006 0.0004
0.0004 0.0004 0.9990 0.0001 0.0000 0.9990 0.0005 0.0005 0.9992 0.0000 0.0005 0.0003 0.9988 0.0000 0.0005 0.0007
0.0005 0.0004 0.0001 0.9989 0.0000 0.9989 0.0006 0.0005 0.0004 0.0004 0.0001 0.9992 0.0005 0.0005 0.9989 0.0001
0.0004 0.0003 0.0001 0.9991 0.0000 0.9991 0.0005 0.0003 0.0000 0.9990 0.0004 0.0005 0.0000 0.9992 0.0004 0.0004
0.0000 0.9991 0.0004 0.0004 0.0000 0.9991 0.0004 0.0005 0.0004 0.0004 0.0001 0.9991 0.0000 0.9991 0.0004 0.0005
0.9990 0.0000 0.0004 0.0006 0.0005 0.0005 0.9989 0.0001 0.9990 0.0000 0.0005 0.0005 0.0004 0.0004 0.9991 0.0001
0.0006 0.0004 0.0001 0.9988 0.0004 0.0004 0.9990 0.0001 0.9989 0.0000 0.0004 0.0006 0.9992 0.0000 0.0005 0.0003
0.9990 0.0000 0.0005 0.0005 0.9990 0.0000 0.0005 0.0005 0.0006 0.0004 0.0001 0.9988 0.0006 0.0006 0.9986 0.0002
0.0007 0.0006 0.9985 0.0002 0.0004 0.0004 0.9990 0.0001 0.0000 0.9991 0.0006 0.0003 0.0004 0.0005 0.9990 0.0001
0.0000 0.9992 0.0004 0.0004 0.0000 0.9992 0.0005 0.0003 0.0005 0.0005 0.9989 0.0001 0.0003 0.0004 0.0001 0.9992
0.9991 0.0000 0.0005 0.0004 0.0005 0.0003 0.0001 0.9991 0.9990 0.0000 0.0005 0.0005 0.9989 0.0000 0.0004 0.0006
0.9990 0.0000 0.0005 0.0005 0.0006 0.0004 0.0001 0.9988 0.0007 0.0006 0.9986 0.0002 0.9989 0.0000 0.0004 0.0007
0.9991 0.0000 0.0005 0.0003 0.0000 0.9988 0.0006 0.0005 0.0000 0.9990 0.0005 0.0005 0.9988 0.0000 0.0005 0.0006
0.9988 0.0000 0.0005 0.0006 0.0007 0.0005 0.9987 0.0002 0.9990 0.0000 0.0005 0.0005 0.0000 0.9991 0.0005 0.0003
0.9990 0.0000 0.0005 0.0005 0.0005 0.0005 0.9988 0.0001 0.0000 0.9989 0.0006 0.0005 0.9991 0.0000 0.0005 0.0003
0.0005 0.0005 0.9988 0.0001 0.0000 0.9990 0.0005 0.0005 0.0000 0.9991 0.0005 0.0003 0.0000 0.9991 0.0004 0.0005
0.0000 0.9992 0.0004 0.0004 0.0000 0.9991 0.0004 0.0004 0.0004 0.0004 0.0001 0.9991 0.0004 0.0004 0.0001 0.9991
0.0007 0.0005 0.9986 0.0002 0.0005 0.0003 0.0001 0.9991 0.0000 0.9991 0.0006 0.0003 0.0000 0.9990 0.0005 0.0005
0.9989 0.0000 0.0005 0.0006 0.9988 0.0000 0.0006 0.0006 0.0006 0.0004 0.0001 0.9989 0.0006 0.0004 0.0001 0.9989
0.0006 0.0006 0.9986 0.0002 0.0006 0.0006 0.9986 0.0002 0.0004 0.0004 0.9991 0.0001 0.0005 0.0004 0.0001 0.9989
0.0005 0.0004 0.0001 0.9990 0.0007 0.0006 0.9986 0.0002 0.0004 0.0003 0.0001 0.9992 0.0004 0.0004 0.9991 0.0001
0.0000 0.9990 0.0004 0.0005 0.0000 0.9992 0.0005 0.0003 0.0003 0.0004 0.0001 0.9991 0.0003 0.0004 0.0001 0.9991
0.9990 0.0000 0.0004 0.0006 0.0005 0.0003 0.0001 0.9991 0.0000 0.9988 0.0006 0.0006 0.9989 0.0000 0.0004 0.0006
0.0000 0.9991 0.0004 0.0004 0.0006 0.0005 0.9987 0.0001 0.0005 0.0005 0.9989 0.0001 0.0000 0.9991 0.0005 0.0003
0.0004 0.0004 0.9991 0.0001 0.9989 0.0000 0.0005 0.0006 0.0005 0.0004 0.0001 0.9990 0.0006 0.0004 0.0001 0.9989
0.0000 0.9992 0.0004 0.0005 0.0000 0.9991 0.0004 0.0005 0.0000 0.9991 0.0004 0.0004 0.0004 0.0005 0.9989 0.0001
0.9989 0.0000 0.0005 0.0006 0.0004 0.0004 0.9991 0.0001 0.0000 0.9988 0.0006 0.0006 0.9991 0.0000 0.0005 0.0003
0.0000 0.9991 0.0004 0.0005 0.0000 0.9990 0.0005 0.0005 0.0005 0.0005 0.9989 0.0001 0.0000 0.9991 0.0004 0.0005
0.9991 0.0000 0.0005 0.0003 0.9989 0.0000 0.0005 0.0006 0.0000 0.9990 0.0005 0.0005 0.0000 0.9988 0.0006 0.0006
0.0003 0.0004 0.0001 0.9992 0.0000 0.9991 0.0004 0.0005 0.0000 0.9991 0.0004 0.0005 0.0000 0.9991 0.0004 0.0004
0.0000 0.9991 0.0004 0.0004 0.0005 0.0005 0.9989 0.0001 0.0005 0.0005 0.9989 0.0001 0.0004 0.0004 0.9991 0.0001
0.0005 0.0004 0.0001 0.9990 0.0004 0.0004 0.9990 0.0001 0.0004 0.0003 0.0001 0.9992 0.0005 0.0004 0.0001 0.9990
0.0004 0.0003 0.0001 0.9992 0.0000 0.9992 0.0004 0.0005 0.0004 0.0003 0.0001 0.9992 0.0004 0.0005 0.9989 0.0001
0.0000 0.9990 0.0004 0.0005 0.0004 0.0004 0.9991 0.0001 0.0000 0.9991 0.0004 0.0004 0.0000 0.9992 0.0005 0.0003
0.0000 0.9991 0.0004 0.0004 0.0000 0.9992 0.0004 0.0004 0.9988 0.0000 0.0005 0.0006 0.0005 0.0005 0.9989 0.0001
0.0000 0.9988 0.0006 0.0006 0.0005 0.0004 0.0001 0.9990 0.0000 0.9991 0.0004 0.0005 0.0000 0.9991 0.0004 0.0005
0.9989 0.0000 0.0005 0.0006 0.0004 0.0005 0.9989 0.0001 0.0006 0.0005 0.9987 0.0002 0.0000 0.9991 0.0006 0.0003
0.0000 0.9991 0.0005 0.0003 0.0000 0.9992 0.0004 0.0004 0.0000 0.9992 0.0004 0.0004 0.0000 0.9991 0.0004 0.0005
0.0005 0.0005 0.9989 0.0001 0.0000 0.9991 0.0004 0.0005 0.0000 0.9991 0.0005 0.0003 0.0000 0.9991 0.0004 0.0005
0.0000 0.9991 0.0004 0.0004 0.0000 0.9991 0.0004 0.0005 0.0005 0.0005 0.9989 0.0001 0.0005 0.0005 0.9989 0.0001
0.0005 0.0004 0.0001 0.9990 0.0004 0.0004 0.9991 0.0001 0.0006 0.0006 0.9986 0.0002 0.0004 0.0004 0.9990 0.0001
0.0000 0.9991 0.0006 0.0003 0.0004 0.0005 0.9990 0.0001 0.0000 0.9992 0.0004 0.0004 0.0000 0.9992 0.0005 0.0003
0.0005 0.0005 0.9989 0.0001 0.0003 0.0004 0.0001 0.9992 0.0000 0.9991 0.0005 0.0003 0.0005 0.0003 0.0001 0.9991
0.0004 0.0004 0.0001 0.9992 0.0006 0.0005 0.9987 0.0002 0.0007 0.0005 0.9986 0.0002 0.9990 0.0000 0.0006 0.0003
0.0000 0.9991 0.0006 0.0003 0.0000 0.9989 0.0005 0.0005 0.0005 0.0005 0.9989 0.0001 0.0003 0.0004 0.0001 0.9991
0.9991 0.0000 0.0005 0.0003 0.0005 0.0004 0.0001 0.9991 0.9990 0.0000 0.0005 0.0005 0.0004 0.0003 0.0001 0.9992
0.9990 0.0000 0.0005 0.0005 0.0000 0.9990 0.0004 0.0005 0.0000 0.9989 0.0006 0.0005 0.0004 0.0005 0.9989 0.0001
0.0005 0.0005 0.9988 0.0001 0.9991 0.0000 0.0006 0.0003 0.9991 0.0000 0.0005 0.0003 0.0005 0.0004 0.0001 0.9989
0.0005 0.0004 0.0001 0.9989 0.0004 0.0004 0.0001 0.9992 0.9990 0.0000 0.0004 0.0006 0.0006 0.0006 0.9987 0.0002
0.9990 0.0000 0.0005 0.0005 0.9990 0.0000 0.0006 0.0003 0.0007 0.0006 0.9986 0.0002 0.0006 0.0004 0.0001 0.9989
0.9991 0.0000 0.0005 0.0004 0.0000 0.9991 0.0004 0.0005 0.0006 0.0006 0.9986 0.0001 0.0004 0.0004 0.0001 0.9991
0.9991 0.0000 0.0005 0.0004 0.9990 0.0000 0.0004 0.0006 0.9990 0.0000 0.0005 0.0005 0.9990 0.0000 0.0005 0.0005
0.0000 0.9989 0.0006 0.0006 0.0000 0.9988 0.0006 0.0006 0.0000 0.9991 0.0004 0.0004 0.9988 0.0000 0.0005 0.0006
0.9989 0.0000 0.0005 0.0006 0.9990 0.0000 0.0005 0.0005 0.0000 0.9988 0.0006 0.0006 0.9990 0.0000 0.0005 0.0005
0.0000 0.9991 0.0004 0.0005 0.9990 0.0000 0.0005 0.0005 0.0004 0.0004 0.0001 0.9991 0.0007 0.0006 0.9986 0.0002
0.0007 0.0005 0.9987 0.0002 0.0004 0.0005 0.9990 0.0001 0.9991 0.0000 0.0006 0.0004 0.0005 0.0004 0.0001 0.9990
0.0000 0.9990 0.0005 0.0005 0.9991 0.0000 0.0003 0.0006 0.0000 0.9991 0.0004 0.0005 0.0000 0.9988 0.0006 0.0005
0.0005 0.0005 0.9989 0.0001 0.9988 0.0000 0.0005 0.0006 0.0000 0.9991 0.0005 0.0003 0.0006 0.0004 0.0001 0.9989
0.0004 0.0004 0.0001 0.9992 0.9989 0.0000 0.0004 0.0006 0.0005 0.0003 0.0001 0.9991 0.0000 0.9988 0.0006 0.0005
0.0000 0.9990 0.0004 0.0005 0.0000 0.9991 0.0004 0.0004 0.0004 0.0004 0.0001 0.9991 0.9989 0.0000 0.0005 0.0006
0.0005 0.0003 0.0001 0.9991 0.0006 0.0005 0.9987 0.0002 0.0000 0.9990 0.0004 0.0005 0.0000 0.9991 0.0005 0.0003
0.0004 0.0004 0.0001 0.9991 0.0005 0.0005 0.9989 0.0001 0.0000 0.9990 0.0004 0.0005 0.0000 0.9991 0.0005 0.0003
0.0004 0.0005 0.9990 0.0001 0.0004 0.0004 0.0001 0.9992 0.0004 0.0004 0.9991 0.0001 0.0005 0.0003 0.0001 0.9991
0.0004 0.0004 0.9990 0.0001 0.0000 0.9990 0.0004 0.0005 0.0005 0.0004 0.0001 0.9990 0.0004 0.0005 0.9990 0.0001
0.0000 0.9991 0.0004 0.0005 0.0000 0.9991 0.0006 0.0003 0.0000 0.9991 0.0004 0.0004 0.0004 0.0004 0.0001 0.9992
0.0005 0.0005 0.9989 0.0001 0.0000 0.9991 0.0004 0.0005 0.0004 0.0004 0.9991 0.0001 0.0003 0.0004 0.0001 0.9992
0.9991 0.0000 0.0005 0.0003 0.9990 0.0000 0.0004 0.0006 0.0005 0.0004 0.0001 0.9990 0.0006 0.0005 0.9987 0.0001
0.0000 0.9991 0.0004 0.0005 0.0004 0.0004 0.9991 0.0001 0.9988 0.0000 0.0006 0.0006 0.9992 0.0000 0.0005 0.0003
0.0000 0.9988 0.0006 0.0006 0.0000 0.9990 0.0005 0.0005 0.9988 0.0000 0.0005 0.0006 0.9988 0.0000 0.0005 0.0007
0.9990 0.0000 0.0005 0.0005 0.9990 0.0000 0.0005 0.0005 0.0007 0.0006 0.9986 0.0002 0.0007 0.0006 0.9986 0.0002
0.0004 0.0004 0.9990 0.0001 0.0005 0.0004 0.0001 0.9989 0.0000 0.9992 0.0005 0.0003 0.0000 0.9992 0.0004 0.0004
0.9989 0.0000 0.0005 0.0006 0.9988 0.0000 0.0006 0.0006 0.0006 0.0005 0.9987 0.0002 0.0000 0.9988 0.0006 0.0006
0.0000 0.9991 0.0005 0.0003 0.0003 0.0004 0.0001 0.9992 0.9989 0.0000 0.0005 0.0006 0.0005 0.0004 0.0001 0.9991
0.0006 0.0005 0.9987 0.0002 0.0000 0.9990 0.0004 0.0005 0.0005 0.0004 0.0001 0.9990 0.0004 0.0005 0.9990 0.0001
0.0004 0.0004 0.0001 0.9991 0.0004 0.0004 0.9991 0.0001 0.0000 0.9991 0.0004 0.0005 0.0004 0.0004 0.9990 0.0001
0.0004 0.0005 0.9989 0.0001 0.0004 0.0005 0.9990 0.0001 0.0004 0.0004 0.9991 0.0001 0.0005 0.0004 0.0001 0.9990
0.0005 0.0004 0.0001 0.9990 0.0000 0.9991 0.0004 0.0005 0.9991 0.0000 0.0003 0.0006 0.0004 0.0005 0.9989 0.0001
0.0000 0.9988 0.0006 0.0005 0.0006 0.0004 0.0001 0.9989 0.0000 0.9991 0.0004 0.0004 0.0000 0.9991 0.0004 0.0005
0.0000 0.9991 0.0004 0.0004 0.0000 0.9991 0.0004 0.0004 0.0004 0.0004 0.0001 0.9991 0.0004 0.0004 0.0001 0.9991
0.0000 0.9991 0.0004 0.0005 0.0000 0.9991 0.0004 0.0005 0.0000 0.9991 0.0005 0.0004 0.0000 0.9991 0.0004 0.0004
0.9989 0.0000 0.0005 0.0006 0.9989 0.0000 0.0005 0.0006 0.0006 0.0005 0.9987 0.0002 0.0006 0.0004 0.0001 0.9989
0.0004 0.0004 0.9991 0.0001 0.0006 0.0006 0.9986 0.0002 0.0000 0.9992 0.0005 0.0003 0.9991 0.0000 0.0006 0.0003
0.0005 0.0005 0.9989 0.0001 0.0006 0.0004 0.0001 0.9989 0.0004 0.0004 0.9991 0.0001 0.0004 0.0004 0.0001 0.9992
0.0005 0.0004 0.0001 0.9990 0.0004 0.0003 0.0001 0.9992 0.9991 0.0000 0.0003 0.0006 0.0004 0.0003 0.0001 0.9992
0.0006 0.0004 0.0001 0.9989 0.0006 0.0005 0.9987 0.0002 0.0007 0.0006 0.9986 0.0002 0.0005 0.0004 0.0001 0.9989
0.0000 0.9991 0.0006 0.0003 0.0004 0.0003 0.0001 0.9992 0.0004 0.0004 0.0001 0.9991 0.9989 0.0000 0.0004 0.0007
0.0005 0.0003 0.0001 0.9991 0.0000 0.9988 0.0006 0.0005 0.0004 0.0003 0.0001 0.9992 0.0004 0.0006 0.9988 0.0001
0.0004 0.0003 0.0001 0.9992 0.9991 0.0000 0.0006 0.0003 0.0000 0.9990 0.0004 0.0005 0.0000 0.9990 0.0005 0.0005
0.9988 0.0000 0.0006 0.0006 0.9988 0.0000 0.0005 0.0007 0.0000 0.9988 0.0006 0.0006 0.0000 0.9989 0.0006 0.0005
0.0004 0.0005 0.9989 0.0001 0.0005 0.0005 0.9989 0.0001 0.0004 0.0004 0.9991 0.0001 0.9991 0.0000 0.0005 0.0003
0.0005 0.0004 0.0001 0.9990 0.0000 0.9990 0.0005 0.0005 0.0004 0.0003 0.0001 0.9992 0.0003 0.0004 0.0001 0.9992
0.0006 0.0006 0.9987 0.0002 0.0005 0.0004 0.0001 0.9991 0.0004 0.0004 0.9992 0.0001 0.0004 0.0003 0.0001 0.9992
0.0000 0.9992 0.0005 0.0003 0.0000 0.9990 0.0004 0.0005 0.0005 0.0006 0.9988 0.0001 0.0004 0.0004 0.0001 0.9991
0.9991 0.0000 0.0005 0.0003 0.9990 0.0000 0.0004 0.0006 0.0000 0.9990 0.0005 0.0005 0.0000 0.9988 0.0006 0.0006
0.0003 0.0004 0.0001 0.9991 0.0000 0.9991 0.0004 0.0004 0.0000 0.9991 0.0004 0.0005 0.0000 0.9991 0.0004 0.0004
0.0003 0.0004 0.0001 0.9992 0.0004 0.0004 0.0001 0.9991 0.0007 0.0005 0.9986 0.0002 0.0000 0.9991 0.0004 0.0005
0.0005 0.0004 0.0001 0.9990 0.9988 0.0000 0.0006 0.0006 0.9991 0.0000 0.0004 0.0006 0.9990 0.0000 0.0005 0.0005
0.9990 0.0000 0.0005 0.0005 0.0000 0.9988 0.0006 0.0006 0.0006 0.0004 0.0001 0.9988 0.0005 0.0005 0.9988 0.0001
0.0004 0.0004 0.0001 0.9991 0.0005 0.0004 0.9991 0.0001 0.0004 0.0004 0.0001 0.9991 0.9992 0.0000 0.0005 0.0003
0.0004 0.0003 0.0001 0.9992 0.0006 0.0006 0.9987 0.0002 0.0000 0.9990 0.0004 0.0005 0.0000 0.9992 0.0005 0.0003
0.9988 0.0000 0.0006 0.0006 0.0000 0.9992 0.0004 0.0004 0.0006 0.0004 0.0001 0.9989 0.0000 0.9991 0.0004 0.0004
0.0000 0.9991 0.0004 0.0005 0.0005 0.0005 0.9989 0.0001 0.0004 0.0005 0.9989 0.0001 0.0005 0.0004 0.0001 0.9990
0.0006 0.0004 0.0001 0.9989 0.9991 0.0000 0.0004 0.0006 0.0006 0.0006 0.9986 0.0002 0.0006 0.0004 0.0001 0.9989
0.0005 0.0004 0.0001 0.9990 0.0000 0.9991 0.0004 0.0005 0.9991 0.0000 0.0004 0.0006 0.9988 0.0000 0.0006 0.0006
0.0006 0.0005 0.9987 0.0001 0.0006 0.0004 0.0001 0.9989 0.0000 0.9991 0.0005 0.0003 0.0006 0.0006 0.9986 0.0002
0.0004 0.0004 0.0001 0.9991 0.0004 0.0004 0.9991 0.0001 0.0005 0.0003 0.0001 0.9991 0.9991 0.0000 0.0005 0.0003
0.0000 0.9990 0.0004 0.0005 0.0005 0.0004 0.0001 0.9989 0.0004 0.0005 0.9990 0.0001 0.0004 0.0004 0.0001 0.9992
0.0006 0.0004 0.0001 0.9989 0.0000 0.9991 0.0004 0.0005 0.9991 0.0000 0.0004 0.0006 0.9988 0.0000 0.0006 0.0006
0.9990 0.0000 0.0005 0.0005 0.9990 0.0000 0.0005 0.0005 0.0007 0.0006 0.9986 0.0002 0.0007 0.0006 0.9986 0.0002
0.9991 0.0000 0.0005 0.0004 0.9991 0.0000 0.0005 0.0004 0.9990 0.0000 0.0005 0.0005 0.0000 0.9990 0.0005 0.0005
0.0007 0.0006 0.9986 0.0002 0.0005 0.0005 0.9988 0.0002 0.0004 0.0004 0.9990 0.0001 0.0005 0.0004 0.9991 0.0001
0.0005 0.0004 0.0001 0.9990 0.0004 0.0005 0.9990 0.0001 0.0007 0.0006 0.9986 0.0002 0.0005 0.0004 0.0001 0.9990
0.9991 0.0000 0.0006 0.0003 0.9991 0.0000 0.0003 0.0006 0.0000 0.9990 0.0005 0.0005 0.0006 0.0005 0.9987 0.0001
0.9988 0.0000 0.0005 0.0007 0.9991 0.0000 0.0006 0.0004 0.0007 0.0005 0.9987 0.0002 0.0006 0.0004 0.0001 0.9989
0.9991 0.0000 0.0005 0.0004 0.9989 0.0000 0.0004 0.0007 0.9990 0.0000 0.0005 0.0005 0.9990 0.0000 0.0005 0.0005
0.0007 0.0006 0.9986 0.0002 0.0007 0.0006 0.9986 0.0002 0.0000 0.9992 0.0005 0.0003 0.0000 0.9992 0.0005 0.0003
0.9989 0.0000 0.0005 0.0006 0.0000 0.9992 0.0004 0.0004 0.0000 0.9989 0.0006 0.0006 0.9989 0.0000 0.0005 0.0006
0.0000 0.9991 0.0004 0.0005 0.0006 0.0005 0.9987 0.0002 0.0005 0.0005 0.9989 0.0001 0.0005 0.0004 0.0001 0.9990
0.0000 0.9991 0.0005 0.0003 0.0000 0.9992 0.0004 0.0005 0.0000 0.9991 0.0004 0.0004 0.0003 0.0004 0.0001 0.9992
0.9989 0.0000 0.0005 0.0006 0.0005 0.0003 0.0001 0.9991 0.0006 0.0004 0.0001 0.9989 0.0004 0.0003 0.0001 0.9992
0.0004 0.0004 0.0001 0.9992 0.9989 0.0000 0.0004 0.0006 0.9990 0.0000 0.0004 0.0006 0.9990 0.0000 0.0005 0.0005
0.9990 0.0000 0.0005 0.0005 0.9990 0.0000 0.0005 0.0005 0.9990 0.0000 0.0005 0.0005 0.9990 0.0000 0.0005 0.0005
0.0007 0.0006 0.9986 0.0002 0.0000 0.9989 0.0006 0.0005 0.9991 0.0000 0.0005 0.0003 0.0000 0.9991 0.0004 0.0004
0.0000 0.9990 0.0005 0.0005 0.0000 0.9991 0.0004 0.0004 0.0003 0.0004 0.0001 0.9991 0.0005 0.0005 0.9989 0.0001
0.0007 0.0005 0.9986 0.0002 0.0005 0.0004 0.0001 0.9990 0.0005 0.0004 0.0001 0.9990 0.0006 0.0006 0.9986 0.0002
0.9991 0.0000 0.0004 0.0006 0.9991 0.0000 0.0006 0.0003 0.9990 0.0000 0.0005 0.0005 0.0006 0.0006 0.9987 0.0002
0.0000 0.9988 0.0006 0.0006 0.0000 0.9992 0.0005 0.0003 0.9988 0.0000 0.0005 0.0006 0.9989 0.0000 0.0005 0.0006
0.0007 0.0005 0.9987 0.0002 0.0006 0.0004 0.0001 0.9989 0.0004 0.0004 0.9991 0.0001 0.0004 0.0004 0.0001 0.9992
0.9992 0.0000 0.0005 0.0003 0.0004 0.0003 0.0001 0.9991 0.9990 0.0000 0.0005 0.0005 0.9989 0.0000 0.0004 0.0006
0.0006 0.0004 0.0001 0.9989 0.0006 0.0005 0.9987 0.0001 0.0004 0.0004 0.0001 0.9991 0.0000 0.9991 0.0005 0.0003
0.0006 0.0006 0.9987 0.0002 0.0000 0.9992 0.0004 0.0004 0.0000 0.9991 0.0006 0.0003 0.0000 0.9991 0.0004 0.0004
0.9989 0.0000 0.0005 0.0006 0.9989 0.0000 0.0005 0.0006 0.9990 0.0000 0.0005 0.0005 0.0006 0.0004 0.0001 0.9989
0.0006 0.0004 0.0001 0.9989 0.0000 0.9991 0.0004 0.0005 0.0007 0.0006 0.9986 0.0002 0.9989 0.0000 0.0006 0.0006
0.0004 0.0004 0.9991 0.0001 0.0006 0.0004 0.0001 0.9989 0.0004 0.0004 0.9990 0.0001 0.0004 0.0003 0.0001 0.9992
0.9991 0.0000 0.0005 0.0003 0.0000 0.9991 0.0004 0.0005 0.0006 0.0006 0.9987 0.0002 0.0000 0.9991 0.0004 0.0004
0.9991 0.0000 0.0005 0.0004 0.0000 0.9991 0.0004 0.0004 0.0000 0.9990 0.0005 0.0005 0.0000 0.9991 0.0004 0.0005
0.9988 0.0000 0.0005 0.0007 0.0004 0.0004 0.0001 0.9991 0.0007 0.0005 0.9987 0.0002 0.0005 0.0003 0.0001 0.9991
0.0004 0.0004 0.9991 0.0001 0.0006 0.0005 0.9987 0.0002 0.0000 0.9992 0.0005 0.0003 0.0000 0.9991 0.0006 0.0003
0.0004 0.0004 0.0001 0.9992 0.0005 0.0005 0.9989 0.0001 0.0005 0.0003 0.0001 0.9991 0.9991 0.0000 0.0005 0.0003
0.0006 0.0005 0.9987 0.0002 0.9990 0.0000 0.0005 0.0005 0.0004 0.0004 0.9992 0.0001 0.0007 0.0006 0.9986 0.0002
0.0000 0.9992 0.0005 0.0003 0.0005 0.0004 0.0001 0.9989 0.0003 0.0004 0.0001 0.9992 0.0004 0.0004 0.0001 0.9991
0.0007 0.0005 0.9986 0.0002 0.0004 0.0003 0.0001 0.9992 0.0000 0.9991 0.0006 0.0003 0.0004 0.0003 0.0001 0.9992
0.0005 0.0005 0.9989 0.0001 0.0000 0.9990 0.0004 0.0005 0.0005 0.0004 0.0001 0.9990 0.0003 0.0004 0.0001 0.9991
0.0000 0.9991 0.0004 0.0005 0.0000 0.9990 0.0004 0.0005 0.0004 0.0005 0.9989 0.0001 0.0003 0.0004 0.0001 0.9992
0.0000 0.9991 0.0006 0.0003 0.0000 0.9990 0.0004 0.0005 0.0000 0.9992 0.0004 0.0004 0.9988 0.0000 0.0006 0.0006
0.0004 0.0004 0.0001 0.9991 0.9990 0.0000 0.0005 0.0005 0.0007 0.0005 0.9986 0.0002 0.0006 0.0004 0.0001 0.9989
0.0004 0.0004 0.9991 0.0001 0.9990 0.0000 0.0004 0.0006 0.0004 0.0004 0.9990 0.0001 0.9990 0.0000 0.0005 0.0005
0.0005 0.0004 0.0001 0.9990 0.0007 0.0006 0.9986 0.0002 0.0006 0.0006 0.9986 0.0002 0.0005 0.0004 0.0001 0.9989
0.9991 0.0000 0.0006 0.0004 0.0000 0.9992 0.0004 0.0005 0.0006 0.0006 0.9987 0.0001 0.0004 0.0005 0.9989 0.0001
0.0004 0.0004 0.9991 0.0001 0.9991 0.0000 0.0006 0.0003 0.0005 0.0004 0.0001 0.9989 0.0005 0.0004 0.0001 0.9989
0.0004 0.0003 0.0001 0.9992 0.0000 0.9991 0.0004 0.0005 0.0000 0.9990 0.0004 0.0005 0.0000 0.9991 0.0004 0.0004
0.9988 0.0000 0.0006 0.0006 0.0000 0.9991 0.0004 0.0004 0.0006 0.0004 0.0001 0.9989 0.9989 0.0000 0.0005 0.0006
0.0000 0.9991 0.0004 0.0005 0.0006 0.0004 0.0001 0.9989 0.0004 0.0005 0.9989 0.0001 0.0004 0.0003 0.0001 0.9992
0.0000 0.9991 0.0006 0.0003 0.9990 0.0000 0.0004 0.0006 0.9989 0.0000 0.0005 0.0006 0.9990 0.0000 0.0005 0.0005
0.9990 0.0000 0.0005 0.0005 0.9990 0.0000 0.0005 0.0005 0.0006 0.0006 0.9986 0.0002 0.0006 0.0005 0.0001 0.9988
0.0004 0.0004 0.9990 0.0001 0.0000 0.9991 0.0004 0.0005 0.0000 0.9992 0.0005 0.0003 0.0000 0.9991 0.0004 0.0004
0.0004 0.0004 0.0001 0.9992 0.9989 0.0000 0.0005 0.0006 0.0005 0.0003 0.0001 0.9991 0.0006 0.0005 0.9987 0.0002
0.0000 0.9990 0.0004 0.0005 0.0000 0.9991 0.0005 0.0003 0.0000 0.9991 0.0004 0.0004 0.0005 0.0005 0.9989 0.0001
0.0000 0.9991 0.0004 0.0004 0.0004 0.0004 0.9991 0.0001 0.0005 0.0005 0.9989 0.0001 0.0005 0.0004 0.0001 0.9990
0.0000 0.9991 0.0005 0.0003 0.0000 0.9992 0.0004 0.0005 0.9989 0.0000 0.0005 0.0006 0.9988 0.0000 0.0006 0.0006
0.9990 0.0000 0.0005 0.0005 0.9990 0.0000 0.0005 0.0005 0.0000 0.9988 0.0006 0.0006 0.0000 0.9988 0.0006 0.0006
0.0004 0.0004 0.0001 0.9991 0.0000 0.9991 0.0004 0.0004 0.0005 0.0004 0.0001 0.9991 0.0005 0.0005 0.9989 0.0001
0.0006 0.0005 0.9987 0.0002 0.0000 0.9991 0.0005 0.0003 0.9991 0.0000 0.0006 0.0003 0.0004 0.0004 0.0001 0.9992
0.0006 0.0006 0.9987 0.0001 0.0000 0.9991 0.0004 0.0005 0.0000 0.9992 0.0005 0.0003 0.0000 0.9991 0.0004 0.0004
0.0004 0.0004 0.0001 0.9991 0.0005 0.0005 0.9989 0.0001 0.0000 0.9991 0.0004 0.0005 0.0004 0.0004 0.9991 0.0001
0.0000 0.9991 0.0004 0.0004 0.0000 0.9992 0.0005 0.0003 0.9989 0.0000 0.0005 0.0006 0.9989 0.0000 0.0005 0.0006
0.9990 0.0000 0.0005 0.0005 0.9990 0.0000 0.0005 0.0005 0.0006 0.0004 0.0001 0.9989 0.0006 0.0006 0.9986 0.0002
0.9990 0.0000 0.0004 0.0006 0.0005 0.0004 0.0001 0.9989 0.0006 0.0005 0.9987 0.0001 0.9991 0.0000 0.0003 0.0005
0.0000 0.9991 0.0005 0.0003 0.9990 0.0000 0.0005 0.0005 0.0004 0.0004 0.0001 0.9991 0.9990 0.0000 0.0005 0.0005
0.0000 0.9991 0.0004 0.0005 0.0000 0.9989 0.0006 0.0006 0.9988 0.0000 0.0006 0.0006 0.9988 0.0000 0.0005 0.0006
0.9990 0.0000 0.0005 0.0005 0.9990 0.0000 0.0005 0.0005 0.0007 0.0006 0.9986 0.0002 0.0006 0.0004 0.0001 0.9989
0.0005 0.0004 0.0001 0.9989 0.0004 0.0004 0.0001 0.9991 0.9991 0.0000 0.0003 0.0005 0.9990 0.0000 0.0004 0.0006
0.0006 0.0005 0.9987 0.0001 0.0006 0.0005 0.9987 0.0001 0.0005 0.0004 0.0001 0.9989 0.0004 0.0004 0.9991 0.0001
0.0004 0.0004 0.0001 0.9991 0.0004 0.0005 0.9990 0.0001 0.0006 0.0005 0.9987 0.0002 0.0004 0.0005 0.9990 0.0001
0.9990 0.0000 0.0006 0.0003 0.9991 0.0000 0.0005 0.0003 0.0000 0.9989 0.0005 0.0005 0.9990 0.0000 0.0005 0.0005
0.0000 0.9991 0.0004 0.0005 0.0000 0.9988 0.0006 0.0006 0.0004 0.0004 0.0001 0.9991 0.0004 0.0004 0.0001 0.9991
0.0007 0.0005 0.9986 0.0002 0.0005 0.0004 0.0001 0.9991 0.9991 0.0000 0.0006 0.0004 0.0000 0.9990 0.0004 0.0005
0.9990 0.0000 0.0005 0.0005 0.9988 0.0000 0.0006 0.0006 0.0000 0.9988 0.0006 0.0006 0.0000 0.9988 0.0006 0.0006
0.0004 0.0004 0.0001 0.9991 0.9988 0.0000 0.0005 0.0006 0.0007 0.0005 0.9986 0.0002 0.0007 0.0005 0.9987 0.0002
0.0004 0.0004 0.9991 0.0001 0.0005 0.0004 0.0001 0.9990 0.0005 0.0004 0.0001 0.9990 0.0007 0.0006 0.9986 0.0002
0.9991 0.0000 0.0003 0.0006 0.9991 0.0000 0.0006 0.0003 0.0006 0.0005 0.9987 0.0001 0.0000 0.9990 0.0005 0.0005
0.9991 0.0000 0.0006 0.0004 0.9988 0.0000 0.0005 0.0007 0.0006 0.0004 0.0001 0.9989 0.0007 0.0005 0.9987 0.0002
0.0004 0.0004 0.0001 0.9992 0.0005 0.0004 0.0001 0.9990 0.0006 0.0006 0.9987 0.0002 0.0004 0.0004 0.0001 0.9991
0.0000 0.9991 0.0006 0.0003 0.0006 0.0005 0.9987 0.0002 0.9989 0.0000 0.0005 0.0006 0.9990 0.0000 0.0006 0.0003
0.0006 0.0004 0.0001 0.9989 0.9990 0.0000 0.0005 0.0005 0.0006 0.0006 0.9986 0.0002 0.9990 0.0000 0.0005 0.0005
0.0004 0.0004 0.9991 0.0001 0.0006 0.0005 0.0001 0.9988 0.0004 0.0004 0.9990 0.0001 0.0007 0.0006 0.9985 0.0002
0.0005 0.0004 0.0001 0.9990 0.0004 0.0004 0.9991 0.0001 0.0000 0.9991 0.0004 0.0005 0.0000 0.9992 0.0005 0.0003
0.0003 0.0004 0.0001 0.9992 0.0005 0.0005 0.9988 0.0001 0.0007 0.0005 0.9986 0.0002 0.0005 0.0004 0.0001 0.9990
0.0000 0.9991 0.0006 0.0003 0.9991 0.0000 0.0004 0.0006 0.9989 0.0000 0.0005 0.0006 0.0006 0.0005 0.9987 0.0001
0.0006 0.0004 0.0001 0.9989 0.0004 0.0004 0.9991 0.0001 0.9989 0.0000 0.0004 0.0007 0.0005 0.0004 0.0001 0.9989
0.0000 0.9988 0.0006 0.0005 0.0007 0.0006 0.9986 0.0002 0.9988 0.0000 0.0005 0.0006 0.0004 0.0004 0.9991 0.0001
0.0000 0.9989 0.0006 0.0005 0.0000 0.9992 0.0005 0.0003 0.0003 0.0004 0.0001 0.9992 0.0003 0.0004 0.0001 0.9991
0.0000 0.9991 0.0004 0.0005 0.0000 0.9991 0.0004 0.0005 0.0004 0.0005 0.9990 0.0001 0.0000 0.9991 0.0004 0.0004
0.9991 0.0000 0.0005 0.0003 0.9989 0.0000 0.0005 0.0006 0.9990 0.0000 0.0005 0.0005 0.9990 0.0000 0.0005 0.0005
0.0006 0.0006 0.9986 0.0002 0.9990 0.0000 0.0005 0.0005 0.0005 0.0004 0.0001 0.9989 0.0007 0.0006 0.9986 0.0002
0.0007 0.0006 0.9986 0.0002 0.0005 0.0004 0.0001 0.9989 0.9991 0.0000 0.0006 0.0003 0.0007 0.0006 0.9986 0.0002
0.9990 0.0000 0.0005 0.0005 0.0004 0.0004 0.9991 0.0001 0.9990 0.0000 0.0005 0.0005 0.9991 0.0000 0.0005 0.0003
0.0007 0.0006 0.9986 0.0002 0.0000 0.9990 0.0005 0.0005 0.0005 0.0004 0.0001 0.9989 0.0000 0.9991 0.0004 0.0005
