0.0621 0.0693 0.8348 0.0337 0.0707 0.0826 0.0342 0.8124 0.0176 0.0336 0.0767 0.8722 0.0028 0.0045 0.0007 0.9920
0.9806 0.0004 0.0025 0.0165 0.9035 0.0010 0.0015 0.0940 0.0037 0.0006 0.9953 0.0004 0.0004 0.9966 0.0008 0.0022
0.9985 0.0000 0.0011 0.0003 0.0000 0.9996 0.0002 0.0002 0.9995 0.0000 0.0002 0.0002 0.9990 0.0001 0.0004 0.0005
0.0006 0.0003 0.0001 0.9990 0.0000 0.9994 0.0003 0.0003 0.0000 0.9995 0.0002 0.0003 0.0002 0.0003 0.0001 0.9995
0.0002 0.0003 0.0001 0.9995 0.0003 0.0002 0.9994 0.0001 0.0000 0.9995 0.0002 0.0002 0.0000 0.9996 0.0002 0.0002
0.0000 0.9996 0.0002 0.0002 0.9995 0.0000 0.0002 0.0003 0.9995 0.0000 0.0003 0.0003 0.0000 0.9995 0.0002 0.0003
0.0000 0.9995 0.0002 0.0003 0.0000 0.9996 0.0002 0.0002 0.0000 0.9996 0.0002 0.0002 0.0000 0.9996 0.0002 0.0002
0.0002 0.0002 0.9995 0.0001 0.9995 0.0000 0.0003 0.0003 0.0002 0.0002 0.0001 0.9996 0.0003 0.0002 0.9994 0.0001
0.0002 0.0002 0.0000 0.9996 0.9996 0.0000 0.0002 0.0002 0.0000 0.9996 0.0002 0.0002 0.0000 0.9995 0.0002 0.0002
0.0002 0.0002 0.0001 0.9995 0.0002 0.0002 0.0001 0.9995 0.0000 0.9996 0.0002 0.0002 0.9995 0.0000 0.0002 0.0002
0.9995 0.0000 0.0003 0.0003 0.9995 0.0000 0.0002 0.0002 0.0000 0.9995 0.0002 0.0003 0.9995 0.0000 0.0002 0.0003
0.0000 0.9996 0.0002 0.0002 0.0000 0.9995 0.0002 0.0003 0.0000 0.9996 0.0002 0.0002 0.9995 0.0000 0.0003 0.0003
0.0000 0.9996 0.0002 0.0002 0.0000 0.9995 0.0002 0.0002 0.0002 0.0002 0.9995 0.0001 0.9994 0.0000 0.0003 0.0003
0.0000 0.9996 0.0002 0.0002 0.0000 0.9995 0.0002 0.0002 0.0000 0.9996 0.0002 0.0002 0.0002 0.0002 0.0001 0.9996
0.0002 0.0002 0.0001 0.9995 0.0003 0.0002 0.9994 0.0001 0.0000 0.9996 0.0002 0.0002 0.0000 0.9996 0.0002 0.0002
0.0002 0.0002 0.9995 0.0001 0.0002 0.0002 0.0001 0.9996 0.0002 0.0002 0.9995 0.0001 0.0002 0.0002 0.0001 0.9995
0.0002 0.0002 0.9995 0.0001 0.0000 0.9996 0.0002 0.0002 0.9996 0.0000 0.0002 0.0002 0.0000 0.9996 0.0002 0.0002
0.9995 0.0000 0.0002 0.0002 0.0002 0.0002 0.9995 0.0001 0.9995 0.0000 0.0002 0.0003 0.9996 0.0000 0.0002 0.0002
0.0003 0.0002 0.0001 0.9994 0.0003 0.0003 0.9994 0.0001 0.0003 0.0002 0.9994 0.0001 0.0000 0.9996 0.0002 0.0002
0.0002 0.0002 0.9996 0.0001 0.0002 0.0002 0.0001 0.9995 0.0000 0.9996 0.0002 0.0002 0.0000 0.9996 0.0002 0.0002
0.9995 0.0000 0.0002 0.0003 0.9995 0.0000 0.0003 0.0003 0.0000 0.9995 0.0002 0.0003 0.0003 0.0002 0.0001 0.9995
0.0002 0.0002 0.0001 0.9995 0.0003 0.0002 0.9994 0.0001 0.0003 0.0002 0.9994 0.0001 0.0002 0.0002 0.0001 0.9995
0.0002 0.0002 0.9996 0.0001 0.0000 0.9996 0.0002 0.0002 0.9996 0.0000 0.0002 0.0002 0.0002 0.0002 0.9995 0.0001
0.9995 0.0000 0.0002 0.0002 0.9996 0.0000 0.0002 0.0002 0.9995 0.0000 0.0002 0.0003 0.0000 0.9995 0.0002 0.0002
0.0003 0.0002 0.0001 0.9994 0.0002 0.0002 0.9995 0.0001 0.0002 0.0002 0.0001 0.9995 0.0002 0.0002 0.9995 0.0001
0.0002 0.0002 0.9995 0.0001 0.0002 0.0002 0.0000 0.9996 0.0002 0.0002 0.9996 0.0001 0.0003 0.0002 0.9994 0.0001
0.9996 0.0000 0.0002 0.0002 0.9996 0.0000 0.0002 0.0002 0.0003 0.0003 0.9994 0.0001 0.9995 0.0000 0.0002 0.0002
0.0002 0.0002 0.9995 0.0001 0.0003 0.0002 0.0001 0.9994 0.9996 0.0000 0.0002 0.0002 0.0000 0.9996 0.0002 0.0002
0.0003 0.0003 0.9994 0.0001 0.0002 0.0002 0.0001 0.9995 0.9996 0.0000 0.0002 0.0002 0.0000 0.9996 0.0002 0.0002
0.0003 0.0002 0.0001 0.9995 0.0002 0.0002 0.0001 0.9996 0.9995 0.0000 0.0002 0.0003 0.0003 0.0002 0.9994 0.0001
0.9995 0.0000 0.0002 0.0002 0.0002 0.0002 0.0001 0.9996 0.0003 0.0003 0.9994 0.0001 0.0003 0.0002 0.9994 0.0001
0.9996 0.0000 0.0002 0.0002 0.9996 0.0000 0.0002 0.0002 0.0003 0.0003 0.9994 0.0001 0.0003 0.0002 0.0001 0.9995
0.0002 0.0002 0.0001 0.9996 0.0000 0.9996 0.0002 0.0002 0.0000 0.9996 0.0002 0.0002 0.9995 0.0000 0.0003 0.0003
0.0002 0.0002 0.9995 0.0001 0.0003 0.0002 0.9994 0.0001 0.0002 0.0002 0.9995 0.0001 0.0002 0.0002 0.9995 0.0001
0.0002 0.0002 0.9995 0.0001 0.0002 0.0002 0.0001 0.9996 0.0000 0.9996 0.0002 0.0002 0.0002 0.0002 0.0000 0.9996
0.0000 0.9996 0.0002 0.0002 0.9995 0.0000 0.0002 0.0003 0.9995 0.0000 0.0003 0.0003 0.0000 0.9995 0.0003 0.0002
0.0003 0.0002 0.9994 0.0001 0.0002 0.0002 0.0001 0.9995 0.0002 0.0002 0.0001 0.9996 0.0003 0.0002 0.9994 0.0001
0.9995 0.0000 0.0002 0.0002 0.9996 0.0000 0.0002 0.0002 0.0000 0.9995 0.0003 0.0002 0.0000 0.9995 0.0002 0.0002
0.9994 0.0000 0.0003 0.0003 0.9994 0.0000 0.0003 0.0003 0.0003 0.0002 0.9994 0.0001 0.9995 0.0000 0.0002 0.0002
0.9996 0.0000 0.0002 0.0002 0.0003 0.0003 0.9994 0.0001 0.0003 0.0003 0.9994 0.0001 0.9996 0.0000 0.0002 0.0002
0.0002 0.0002 0.9995 0.0001 0.0003 0.0002 0.0001 0.9995 0.0000 0.9997 0.0002 0.0002 0.0000 0.9996 0.0002 0.0002
0.0002 0.0002 0.0001 0.9996 0.9995 0.0000 0.0003 0.0003 0.9995 0.0000 0.0002 0.0003 0.0003 0.0002 0.9994 0.0001
0.0003 0.0002 0.9994 0.0001 0.9996 0.0000 0.0002 0.0002 0.0002 0.0002 0.9995 0.0001 0.9995 0.0000 0.0002 0.0002
0.0002 0.0002 0.9995 0.0001 0.0000 0.9995 0.0002 0.0003 0.0002 0.0002 0.9995 0.0001 0.9994 0.0000 0.0003 0.0003
0.0000 0.9997 0.0002 0.0002 0.0000 0.9995 0.0002 0.0002 0.0000 0.9996 0.0002 0.0002 0.0000 0.9996 0.0002 0.0002
0.0002 0.0002 0.9995 0.0001 0.0002 0.0002 0.0001 0.9995 0.0002 0.0002 0.0001 0.9996 0.0003 0.0002 0.9995 0.0001
0.0003 0.0002 0.9994 0.0001 0.0000 0.9996 0.0002 0.0002 0.0002 0.0002 0.9996 0.0001 0.0002 0.0002 0.0001 0.9996
0.9996 0.0000 0.0002 0.0002 0.9995 0.0000 0.0002 0.0003 0.0000 0.9995 0.0002 0.0002 0.0000 0.9995 0.0003 0.0002
0.0002 0.0002 0.0001 0.9995 0.0002 0.0002 0.0001 0.9995 0.0002 0.0002 0.0001 0.9995 0.0000 0.9996 0.0002 0.0002
0.0000 0.9996 0.0002 0.0002 0.0002 0.0002 0.9995 0.0001 0.0002 0.0002 0.9995 0.0001 0.0002 0.0002 0.9995 0.0001
0.0000 0.9996 0.0002 0.0002 0.0002 0.0002 0.9995 0.0001 0.0002 0.0002 0.9995 0.0001 0.0002 0.0002 0.0000 0.9996
0.9996 0.0000 0.0002 0.0002 0.0003 0.0002 0.9994 0.0001 0.0002 0.0002 0.0001 0.9995 0.9996 0.0000 0.0002 0.0002
0.0000 0.9996 0.0002 0.0002 0.0003 0.0003 0.9994 0.0001 0.0002 0.0002 0.9995 0.0001 0.9996 0.0000 0.0002 0.0002
0.0002 0.0002 0.9995 0.0001 0.0003 0.0002 0.0001 0.9995 0.9996 0.0000 0.0002 0.0002 0.0003 0.0002 0.9994 0.0001
0.0003 0.0003 0.9994 0.0001 0.0002 0.0002 0.9996 0.0001 0.0000 0.9996 0.0002 0.0002 0.0002 0.0002 0.9995 0.0001
0.0000 0.9996 0.0002 0.0002 0.0002 0.0002 0.9995 0.0001 0.0002 0.0002 0.9995 0.0001 0.0002 0.0002 0.0000 0.9996
0.0002 0.0002 0.9995 0.0001 0.0002 0.0002 0.0000 0.9996 0.0000 0.9996 0.0002 0.0002 0.0000 0.9996 0.0002 0.0002
0.0002 0.0002 0.9995 0.0001 0.0002 0.0002 0.0001 0.9995 0.0002 0.0002 0.0001 0.9996 0.9995 0.0000 0.0002 0.0003
0.0000 0.9996 0.0002 0.0002 0.9995 0.0000 0.0002 0.0002 0.0002 0.0002 0.0001 0.9996 0.0000 0.9995 0.0003 0.0003
0.9995 0.0000 0.0002 0.0003 0.9994 0.0000 0.0003 0.0003 0.0003 0.0002 0.9994 0.0001 0.0003 0.0002 0.0001 0.9994
0.0002 0.0002 0.0001 0.9995 0.0003 0.0002 0.9994 0.0001 0.0003 0.0002 0.9994 0.0001 0.0002 0.0002 0.0001 0.9995
0.0000 0.9996 0.0002 0.0002 0.0000 0.9996 0.0002 0.0002 0.9995 0.0000 0.0002 0.0003 0.0002 0.0002 0.9995 0.0001
0.0003 0.0002 0.9994 0.0001 0.9996 0.0000 0.0002 0.0002 0.9996 0.0000 0.0002 0.0002 0.9995 0.0000 0.0002 0.0002
0.0003 0.0002 0.0001 0.9995 0.0003 0.0003 0.9994 0.0001 0.0003 0.0002 0.9994 0.0001 0.0002 0.0002 0.0001 0.9995
0.0002 0.0002 0.9996 0.0001 0.0002 0.0002 0.0000 0.9995 0.0002 0.0002 0.9995 0.0001 0.0002 0.0002 0.0001 0.9996
0.0002 0.0002 0.9995 0.0001 0.0000 0.9996 0.0002 0.0002 0.0000 0.9996 0.0002 0.0002 0.0000 0.9996 0.0002 0.0002
0.9995 0.0000 0.0002 0.0003 0.0002 0.0002 0.9995 0.0001 0.0000 0.9995 0.0002 0.0003 0.9996 0.0000 0.0002 0.0002
0.0002 0.0002 0.9995 0.0001 0.0002 0.0002 0.0001 0.9995 0.0002 0.0002 0.9995 0.0001 0.0002 0.0002 0.0000 0.9996
0.9996 0.0000 0.0002 0.0002 0.9995 0.0000 0.0002 0.0003 0.9995 0.0000 0.0002 0.0002 0.0003 0.0002 0.9994 0.0001
0.9995 0.0000 0.0002 0.0003 0.0000 0.9996 0.0002 0.0002 0.0003 0.0003 0.9994 0.0001 0.0002 0.0002 0.9995 0.0001
0.0002 0.0002 0.0001 0.9995 0.9996 0.0000 0.0002 0.0002 0.0000 0.9996 0.0002 0.0002 0.9995 0.0000 0.0002 0.0002
0.9995 0.0000 0.0003 0.0003 0.0003 0.0003 0.9994 0.0001 0.0000 0.9995 0.0002 0.0003 0.0002 0.0002 0.9995 0.0001
0.0000 0.9996 0.0002 0.0002 0.9996 0.0000 0.0002 0.0002 0.0002 0.0002 0.9995 0.0001 0.0002 0.0002 0.0001 0.9995
0.0002 0.0002 0.0001 0.9996 0.9995 0.0000 0.0002 0.0003 0.0002 0.0002 0.0000 0.9996 0.9995 0.0000 0.0002 0.0002
0.0002 0.0002 0.0001 0.9996 0.0003 0.0002 0.0001 0.9994 0.9995 0.0000 0.0002 0.0003 0.9995 0.0000 0.0002 0.0003
0.0003 0.0002 0.9994 0.0001 0.0003 0.0002 0.0001 0.9994 0.9996 0.0000 0.0002 0.0002 0.0000 0.9996 0.0002 0.0002
0.0003 0.0003 0.9994 0.0001 0.0002 0.0002 0.0001 0.9995 0.9996 0.0000 0.0002 0.0002 0.9995 0.0000 0.0002 0.0003
0.0000 0.9995 0.0002 0.0002 0.0000 0.9995 0.0003 0.0003 0.0002 0.0002 0.9995 0.0001 0.0000 0.9996 0.0002 0.0002
0.9996 0.0000 0.0002 0.0002 0.9995 0.0000 0.0003 0.0003 0.9995 0.0000 0.0002 0.0002 0.9995 0.0000 0.0002 0.0002
0.9995 0.0000 0.0002 0.0003 0.9995 0.0000 0.0002 0.0003 0.0003 0.0002 0.0001 0.9994 0.9995 0.0000 0.0002 0.0003
0.0002 0.0002 0.0001 0.9995 0.0003 0.0002 0.0001 0.9994 0.0002 0.0002 0.9995 0.0001 0.9995 0.0000 0.0002 0.0003
0.9996 0.0000 0.0002 0.0002 0.9995 0.0000 0.0002 0.0002 0.9995 0.0000 0.0002 0.0002 0.0003 0.0003 0.9994 0.0001
0.0003 0.0002 0.0001 0.9994 0.9996 0.0000 0.0002 0.0002 0.0003 0.0002 0.9994 0.0001 0.0003 0.0003 0.9994 0.0001
0.0002 0.0002 0.0001 0.9995 0.9996 0.0000 0.0002 0.0002 0.0003 0.0002 0.9994 0.0001 0.9995 0.0000 0.0002 0.0002
0.0002 0.0002 0.0001 0.9996 0.0003 0.0003 0.9994 0.0001 0.9995 0.0000 0.0002 0.0003 0.9996 0.0000 0.0002 0.0002
0.0003 0.0002 0.9994 0.0001 0.0003 0.0002 0.0001 0.9995 0.0002 0.0002 0.9995 0.0001 0.0003 0.0002 0.9994 0.0001
0.0002 0.0002 0.9995 0.0001 0.0002 0.0002 0.9996 0.0001 0.0002 0.0002 0.9995 0.0001 0.9996 0.0000 0.0002 0.0002
0.0000 0.9996 0.0002 0.0002 0.0000 0.9995 0.0002 0.0002 0.9995 0.0000 0.0002 0.0003 0.0002 0.0002 0.9995 0.0001
0.0003 0.0002 0.9994 0.0001 0.0002 0.0002 0.9995 0.0001 0.0002 0.0002 0.9995 0.0001 0.0000 0.9996 0.0002 0.0002
0.0000 0.9997 0.0002 0.0002 0.0000 0.9996 0.0002 0.0002 0.0002 0.0002 0.0001 0.9996 0.0000 0.9996 0.0002 0.0002
0.0002 0.0002 0.0001 0.9995 0.0002 0.0002 0.9995 0.0001 0.0002 0.0002 0.9995 0.0001 0.0000 0.9996 0.0002 0.0002
0.0002 0.0002 0.9996 0.0001 0.0000 0.9996 0.0002 0.0002 0.0002 0.0002 0.0001 0.9996 0.9995 0.0000 0.0003 0.0003
0.0003 0.0002 0.9994 0.0001 0.0003 0.0002 0.0001 0.9995 0.9996 0.0000 0.0002 0.0002 0.0000 0.9996 0.0002 0.0002
0.0000 0.9995 0.0002 0.0002 0.0000 0.9996 0.0002 0.0002 0.0002 0.0002 0.9995 0.0001 0.0002 0.0002 0.0001 0.9995
0.0000 0.9996 0.0002 0.0002 0.0000 0.9996 0.0002 0.0002 0.0002 0.0002 0.9995 0.0001 0.0002 0.0002 0.9995 0.0001
0.0002 0.0002 0.9995 0.0001 0.0000 0.9996 0.0002 0.0002 0.0002 0.0002 0.9995 0.0001 0.0002 0.0002 0.0001 0.9996
0.9996 0.0000 0.0002 0.0002 0.9995 0.0000 0.0002 0.0003 0.0003 0.0003 0.9994 0.0001 0.0000 0.9995 0.0003 0.0002
0.0002 0.0002 0.9995 0.0001 0.0002 0.0002 0.0001 0.9995 0.0002 0.0002 0.0001 0.9996 0.0003 0.0002 0.9994 0.0001
0.0000 0.9996 0.0002 0.0002 0.0002 0.0002 0.0001 0.9996 0.0002 0.0002 0.9995 0.0001 0.9995 0.0000 0.0002 0.0003
0.0002 0.0002 0.0001 0.9995 0.0000 0.9995 0.0003 0.0002 0.0000 0.9996 0.0002 0.0002 0.0000 0.9996 0.0002 0.0002
0.0000 0.9996 0.0002 0.0002 0.0000 0.9996 0.0002 0.0002 0.0002 0.0002 0.9995 0.0001 0.9995 0.0000 0.0003 0.0003
0.0002 0.0002 0.0001 0.9996 0.0003 0.0002 0.9994 0.0001 0.0003 0.0002 0.9994 0.0001 0.0002 0.0002 0.0001 0.9996
0.0000 0.9996 0.0002 0.0002 0.0002 0.0002 0.0000 0.9995 0.0002 0.0002 0.9995 0.0001 0.0002 0.0002 0.0001 0.9996
0.0000 0.9996 0.0002 0.0002 0.0002 0.0002 0.9995 0.0001 0.9995 0.0000 0.0002 0.0003 0.9996 0.0000 0.0002 0.0002
0.0003 0.0002 0.0001 0.9995 0.0003 0.0003 0.9994 0.0001 0.9995 0.0000 0.0002 0.0003 0.0002 0.0002 0.0001 0.9996
0.9995 0.0000 0.0002 0.0002 0.9995 0.0000 0.0002 0.0003 0.0003 0.0003 0.9994 0.0001 0.0003 0.0002 0.9994 0.0001
0.0002 0.0002 0.0001 0.9995 0.9996 0.0000 0.0002 0.0002 0.0003 0.0002 0.9994 0.0001 0.0003 0.0003 0.9994 0.0001
0.0000 0.9996 0.0002 0.0002 0.0000 0.9996 0.0002 0.0002 0.0000 0.9996 0.0002 0.0002 0.0000 0.9996 0.0002 0.0002
0.0002 0.0002 0.0001 0.9995 0.0002 0.0002 0.9995 0.0001 0.9995 0.0000 0.0002 0.0003 0.0002 0.0002 0.9995 0.0001
0.9995 0.0000 0.0002 0.0002 0.9996 0.0000 0.0002 0.0002 0.0003 0.0002 0.0001 0.9994 0.0003 0.0003 0.9994 0.0001
0.0002 0.0002 0.0000 0.9995 0.0002 0.0002 0.0001 0.9996 0.0000 0.9996 0.0002 0.0002 0.0000 0.9996 0.0002 0.0002
0.0000 0.9996 0.0002 0.0002 0.0002 0.0002 0.9995 0.0001 0.0000 0.9996 0.0002 0.0002 0.0002 0.0002 0.9995 0.0001
0.0002 0.0002 0.9995 0.0001 0.0000 0.9996 0.0002 0.0002 0.0002 0.0002 0.0001 0.9996 0.0002 0.0002 0.9995 0.0001
0.0003 0.0002 0.9994 0.0001 0.9996 0.0000 0.0002 0.0002 0.9996 0.0000 0.0002 0.0002 0.9995 0.0000 0.0002 0.0002
0.0002 0.0002 0.0001 0.9995 0.0003 0.0002 0.0001 0.9994 0.0003 0.0002 0.9994 0.0001 0.9995 0.0000 0.0002 0.0003
0.0002 0.0002 0.0001 0.9995 0.0000 0.9995 0.0003 0.0002 0.0002 0.0002 0.0000 0.9996 0.9994 0.0000 0.0003 0.0003
0.0002 0.0002 0.0001 0.9996 0.0003 0.0002 0.0001 0.9994 0.0002 0.0002 0.0001 0.9996 0.0000 0.9996 0.0002 0.0002
0.0002 0.0002 0.0001 0.9996 0.0000 0.9996 0.0002 0.0002 0.9995 0.0000 0.0002 0.0003 0.0000 0.9996 0.0002 0.0002
0.9995 0.0000 0.0002 0.0002 0.9995 0.0000 0.0003 0.0003 0.0003 0.0002 0.0001 0.9994 0.9995 0.0000 0.0002 0.0002
0.0003 0.0002 0.9994 0.0001 0.0003 0.0002 0.0001 0.9995 0.9996 0.0000 0.0002 0.0002 0.0000 0.9996 0.0002 0.0002
0.0003 0.0002 0.0001 0.9995 0.0000 0.9996 0.0002 0.0002 0.9995 0.0000 0.0002 0.0003 0.9995 0.0000 0.0003 0.0003
0.0003 0.0002 0.0001 0.9994 0.0003 0.0002 0.9994 0.0001 0.0000 0.9996 0.0002 0.0002 0.0000 0.9996 0.0002 0.0002
0.0002 0.0002 0.9995 0.0001 0.0002 0.0002 0.9995 0.0001 0.0002 0.0002 0.0001 0.9995 0.9996 0.0000 0.0002 0.0002
0.0002 0.0002 0.0000 0.9996 0.0000 0.9995 0.0002 0.0002 0.0000 0.9996 0.0002 0.0002 0.9994 0.0000 0.0003 0.0003
0.0002 0.0002 0.9995 0.0001 0.0003 0.0002 0.0001 0.9995 0.9996 0.0000 0.0002 0.0002 0.0002 0.0002 0.0000 0.9996
0.9995 0.0000 0.0002 0.0002 0.9995 0.0000 0.0002 0.0003 0.0003 0.0003 0.9994 0.0001 0.0003 0.0002 0.0001 0.9994
0.9996 0.0000 0.0002 0.0002 0.9995 0.0000 0.0002 0.0003 0.0003 0.0003 0.9994 0.0001 0.9995 0.0000 0.0002 0.0002
0.0000 0.9996 0.0002 0.0002 0.0003 0.0002 0.0001 0.9994 0.9995 0.0000 0.0002 0.0003 0.0002 0.0002 0.0000 0.9995
0.0000 0.9995 0.0002 0.0003 0.0000 0.9996 0.0002 0.0002 0.9994 0.0000 0.0003 0.0003 0.0002 0.0002 0.0001 0.9995
0.0000 0.9995 0.0002 0.0003 0.0000 0.9996 0.0002 0.0002 0.0002 0.0002 0.0001 0.9995 0.0002 0.0002 0.9995 0.0001
0.9995 0.0000 0.0002 0.0002 0.0000 0.9996 0.0002 0.0002 0.0003 0.0002 0.9994 0.0001 0.0002 0.0002 0.9995 0.0001
0.0000 0.9996 0.0002 0.0002 0.9996 0.0000 0.0002 0.0002 0.9995 0.0000 0.0002 0.0003 0.0002 0.0002 0.0001 0.9995
0.0003 0.0002 0.0001 0.9995 0.0000 0.9996 0.0002 0.0002 0.0000 0.9996 0.0002 0.0002 0.9995 0.0000 0.0003 0.0003
0.9995 0.0000 0.0003 0.0003 0.0003 0.0002 0.0001 0.9995 0.0003 0.0002 0.9994 0.0001 0.0002 0.0002 0.0000 0.9996
0.9996 0.0000 0.0002 0.0002 0.0000 0.9996 0.0002 0.0002 0.0002 0.0002 0.0001 0.9995 0.0002 0.0002 0.0001 0.9995
0.0003 0.0002 0.9994 0.0001 0.9995 0.0000 0.0002 0.0003 0.0002 0.0002 0.0001 0.9995 0.0003 0.0002 0.9994 0.0001
0.0003 0.0002 0.9994 0.0001 0.0000 0.9996 0.0002 0.0002 0.0000 0.9996 0.0002 0.0002 0.9995 0.0000 0.0002 0.0003
0.0002 0.0002 0.9995 0.0001 0.0003 0.0002 0.0001 0.9995 0.0000 0.9996 0.0002 0.0002 0.0002 0.0002 0.0000 0.9996
0.9995 0.0000 0.0002 0.0003 0.9995 0.0000 0.0002 0.0003 0.0000 0.9995 0.0002 0.0003 0.0000 0.9995 0.0003 0.0002
0.0000 0.9996 0.0002 0.0002 0.0002 0.0002 0.9995 0.0001 0.0000 0.9996 0.0002 0.0002 0.0000 0.9996 0.0002 0.0002
0.0002 0.0002 0.0001 0.9995 0.0002 0.0002 0.9995 0.0001 0.0002 0.0002 0.0001 0.9995 0.0000 0.9996 0.0002 0.0002
0.0002 0.0002 0.9995 0.0001 0.0000 0.9996 0.0002 0.0002 0.9996 0.0000 0.0002 0.0002 0.0002 0.0002 0.0001 0.9995
0.0003 0.0003 0.9994 0.0001 0.0000 0.9996 0.0002 0.0002 0.0002 0.0002 0.0001 0.9996 0.0000 0.9996 0.0002 0.0002
0.9995 0.0000 0.0002 0.0003 0.9995 0.0000 0.0003 0.0003 0.0003 0.0002 0.0001 0.9994 0.9995 0.0000 0.0002 0.0002
0.9995 0.0000 0.0002 0.0003 0.9995 0.0000 0.0002 0.0003 0.0003 0.0002 0.0001 0.9994 0.0003 0.0003 0.9994 0.0001
0.0002 0.0002 0.0000 0.9996 0.0002 0.0002 0.9995 0.0001 0.0000 0.9996 0.0002 0.0002 0.0000 0.9997 0.0002 0.0002
0.0002 0.0002 0.0001 0.9995 0.0000 0.9996 0.0002 0.0002 0.9995 0.0000 0.0002 0.0003 0.9995 0.0000 0.0003 0.0003
0.0003 0.0002 0.9994 0.0001 0.0003 0.0002 0.0001 0.9995 0.9996 0.0000 0.0002 0.0002 0.9995 0.0000 0.0002 0.0003
0.0003 0.0002 0.0001 0.9995 0.9995 0.0000 0.0002 0.0002 0.9995 0.0000 0.0002 0.0003 0.9995 0.0000 0.0002 0.0002
0.0003 0.0002 0.9994 0.0001 0.0003 0.0002 0.0001 0.9994 0.0000 0.9996 0.0002 0.0002 0.0000 0.9996 0.0002 0.0002
0.0002 0.0002 0.9995 0.0001 0.0002 0.0002 0.9995 0.0001 0.9996 0.0000 0.0002 0.0002 0.0002 0.0002 0.9995 0.0001
0.0002 0.0002 0.0001 0.9995 0.0002 0.0002 0.0000 0.9996 0.0003 0.0002 0.9994 0.0001 0.0000 0.9996 0.0002 0.0002
0.0002 0.0002 0.0001 0.9995 0.0002 0.0002 0.0001 0.9995 0.0002 0.0002 0.0000 0.9996 0.0003 0.0002 0.9994 0.0001
0.0000 0.9996 0.0002 0.0002 0.0000 0.9996 0.0002 0.0002 0.0000 0.9996 0.0002 0.0002 0.0000 0.9996 0.0002 0.0002
0.0002 0.0002 0.9995 0.0001 0.0000 0.9996 0.0002 0.0002 0.0002 0.0002 0.0001 0.9996 0.0002 0.0002 0.9995 0.0001
0.0000 0.9996 0.0002 0.0002 0.0000 0.9996 0.0002 0.0002 0.0002 0.0002 0.9995 0.0001 0.0002 0.0002 0.9995 0.0001
0.9996 0.0000 0.0002 0.0002 0.0002 0.0002 0.9995 0.0001 0.0000 0.9995 0.0002 0.0002 0.0000 0.9996 0.0002 0.0002
0.0002 0.0002 0.0001 0.9995 0.0002 0.0002 0.9995 0.0001 0.0000 0.9996 0.0002 0.0002 0.0002 0.0002 0.9995 0.0001
0.0000 0.9996 0.0002 0.0002 0.0002 0.0002 0.0000 0.9996 0.9995 0.0000 0.0003 0.0003 0.9995 0.0000 0.0002 0.0003
0.9995 0.0000 0.0002 0.0002 0.0003 0.0002 0.9994 0.0001 0.0003 0.0003 0.9994 0.0001 0.9996 0.0000 0.0002 0.0002
0.0002 0.0002 0.9995 0.0001 0.0000 0.9995 0.0002 0.0002 0.9996 0.0000 0.0002 0.0002 0.9994 0.0000 0.0003 0.0003
0.0002 0.0002 0.0001 0.9995 0.0000 0.9995 0.0002 0.0003 0.0002 0.0002 0.0000 0.9996 0.0002 0.0002 0.9995 0.0001
0.0002 0.0002 0.0001 0.9995 0.0000 0.9996 0.0002 0.0002 0.0000 0.9996 0.0002 0.0002 0.0000 0.9996 0.0002 0.0002
0.0000 0.9996 0.0002 0.0002 0.0000 0.9996 0.0002 0.0002 0.0002 0.0002 0.0001 0.9995 0.0000 0.9996 0.0002 0.0002
0.9995 0.0000 0.0002 0.0003 0.0002 0.0002 0.9995 0.0001 0.9995 0.0000 0.0002 0.0002 0.0002 0.0002 0.9995 0.0001
0.0003 0.0002 0.0001 0.9994 0.0002 0.0002 0.9995 0.0001 0.9995 0.0000 0.0002 0.0003 0.9996 0.0000 0.0002 0.0002
0.9995 0.0000 0.0002 0.0002 0.9995 0.0000 0.0002 0.0002 0.0003 0.0002 0.0001 0.9994 0.0003 0.0003 0.9994 0.0001
0.0003 0.0002 0.9994 0.0001 0.0002 0.0002 0.9995 0.0001 0.0000 0.9996 0.0002 0.0002 0.0002 0.0002 0.9995 0.0001
0.0000 0.9996 0.0002 0.0002 0.0000 0.9997 0.0002 0.0002 0.0002 0.0002 0.9995 0.0001 0.0002 0.0002 0.0001 0.9996
0.9996 0.0000 0.0002 0.0002 0.0002 0.0002 0.0001 0.9995 0.9995 0.0000 0.0002 0.0002 0.9995 0.0000 0.0002 0.0003
0.9995 0.0000 0.0002 0.0003 0.0003 0.0002 0.0001 0.9994 0.0003 0.0003 0.9994 0.0001 0.9995 0.0000 0.0002 0.0003
0.9996 0.0000 0.0002 0.0002 0.0000 0.9995 0.0003 0.0002 0.0000 0.9995 0.0002 0.0002 0.9994 0.0000 0.0003 0.0003
0.9994 0.0000 0.0003 0.0003 0.0003 0.0002 0.9994 0.0001 0.9995 0.0000 0.0002 0.0002 0.0000 0.9996 0.0002 0.0002
0.9995 0.0000 0.0002 0.0003 0.0002 0.0002 0.9995 0.0001 0.0000 0.9995 0.0002 0.0003 0.9996 0.0000 0.0002 0.0002
0.0002 0.0002 0.9995 0.0001 0.0000 0.9995 0.0002 0.0002 0.0000 0.9996 0.0002 0.0002 0.0000 0.9996 0.0002 0.0002
0.0000 0.9996 0.0002 0.0002 0.0000 0.9996 0.0002 0.0002 0.0002 0.0002 0.0001 0.9995 0.0002 0.0002 0.0001 0.9995
0.0003 0.0002 0.9995 0.0001 0.0002 0.0002 0.0001 0.9995 0.0000 0.9996 0.0002 0.0002 0.0000 0.9996 0.0002 0.0002
0.9995 0.0000 0.0002 0.0003 0.9995 0.0000 0.0003 0.0003 0.0003 0.0002 0.0001 0.9995 0.0003 0.0002 0.0001 0.9995
0.0003 0.0002 0.9994 0.0001 0.0003 0.0002 0.9994 0.0001 0.0002 0.0002 0.9996 0.0001 0.0002 0.0002 0.0001 0.9995
0.0002 0.0002 0.0001 0.9996 0.0003 0.0002 0.9994 0.0001 0.0002 0.0002 0.0000 0.9996 0.0002 0.0002 0.9996 0.0001
0.0000 0.9996 0.0002 0.0002 0.0000 0.9996 0.0002 0.0002 0.0002 0.0002 0.0001 0.9995 0.0002 0.0002 0.0001 0.9996
0.9995 0.0000 0.0002 0.0003 0.0002 0.0002 0.0001 0.9995 0.0000 0.9995 0.0003 0.0003 0.9995 0.0000 0.0002 0.0003
0.0000 0.9996 0.0002 0.0002 0.0003 0.0002 0.9994 0.0001 0.0002 0.0002 0.9995 0.0001 0.0000 0.9996 0.0002 0.0002
0.0002 0.0002 0.9995 0.0001 0.9995 0.0000 0.0002 0.0003 0.0002 0.0002 0.0000 0.9996 0.0003 0.0002 0.0001 0.9995
0.0000 0.9996 0.0002 0.0002 0.0000 0.9996 0.0002 0.0002 0.0000 0.9996 0.0002 0.0002 0.0002 0.0002 0.9995 0.0001
0.9995 0.0000 0.0003 0.0003 0.0002 0.0002 0.9995 0.0001 0.0000 0.9995 0.0002 0.0003 0.9996 0.0000 0.0002 0.0002
0.0000 0.9996 0.0002 0.0002 0.0000 0.9995 0.0002 0.0002 0.0002 0.0002 0.9995 0.0001 0.0000 0.9996 0.0002 0.0002
0.9996 0.0000 0.0002 0.0002 0.9995 0.0000 0.0003 0.0003 0.0000 0.9995 0.0002 0.0002 0.0000 0.9995 0.0002 0.0003
0.0002 0.0002 0.0001 0.9996 0.0000 0.9996 0.0002 0.0002 0.0000 0.9996 0.0002 0.0002 0.0000 0.9996 0.0002 0.0002
0.0000 0.9996 0.0002 0.0002 0.0002 0.0002 0.9995 0.0001 0.0002 0.0002 0.9995 0.0001 0.0002 0.0002 0.9995 0.0001
0.0002 0.0002 0.0001 0.9996 0.0002 0.0002 0.9995 0.0001 0.0002 0.0002 0.0000 0.9996 0.0002 0.0002 0.0000 0.9996
0.0002 0.0002 0.0001 0.9996 0.0000 0.9996 0.0002 0.0002 0.0002 0.0002 0.0001 0.9996 0.0002 0.0002 0.9995 0.0001
0.0000 0.9996 0.0002 0.0002 0.0002 0.0002 0.9995 0.0001 0.0000 0.9996 0.0002 0.0002 0.0000 0.9996 0.0002 0.0002
0.0000 0.9996 0.0002 0.0002 0.0000 0.9996 0.0002 0.0002 0.9995 0.0000 0.0003 0.0003 0.0002 0.0002 0.9995 0.0001
0.0000 0.9995 0.0002 0.0003 0.0002 0.0002 0.0001 0.9996 0.0000 0.9996 0.0002 0.0002 0.0000 0.9996 0.0002 0.0002
0.9995 0.0000 0.0003 0.0003 0.0002 0.0002 0.9995 0.0001 0.0003 0.0002 0.9994 0.0001 0.0000 0.9996 0.0002 0.0002
0.0000 0.9996 0.0002 0.0002 0.0000 0.9996 0.0002 0.0002 0.0000 0.9996 0.0002 0.0002 0.0000 0.9996 0.0002 0.0002
0.0002 0.0002 0.9995 0.0001 0.0000 0.9996 0.0002 0.0002 0.0000 0.9996 0.0002 0.0002 0.0000 0.9996 0.0002 0.0002
0.0000 0.9996 0.0002 0.0002 0.0000 0.9996 0.0002 0.0002 0.0002 0.0002 0.9995 0.0001 0.0002 0.0002 0.9995 0.0001
0.0002 0.0002 0.0001 0.9996 0.0002 0.0002 0.9995 0.0001 0.0003 0.0002 0.9994 0.0001 0.0002 0.0002 0.9995 0.0001
0.0000 0.9996 0.0002 0.0002 0.0002 0.0002 0.9995 0.0001 0.0000 0.9996 0.0002 0.0002 0.0000 0.9997 0.0002 0.0002
0.0002 0.0002 0.9995 0.0001 0.0002 0.0002 0.0001 0.9996 0.0000 0.9996 0.0002 0.0002 0.0002 0.0002 0.0001 0.9995
0.0002 0.0002 0.0001 0.9996 0.0002 0.0002 0.9995 0.0001 0.0003 0.0002 0.9994 0.0001 0.9996 0.0000 0.0002 0.0002
0.0000 0.9996 0.0002 0.0002 0.0000 0.9995 0.0002 0.0002 0.0002 0.0002 0.9995 0.0001 0.0002 0.0002 0.0001 0.9995
0.9996 0.0000 0.0002 0.0002 0.0002 0.0002 0.0001 0.9995 0.9995 0.0000 0.0002 0.0002 0.0002 0.0002 0.0001 0.9996
0.9995 0.0000 0.0002 0.0003 0.0000 0.9996 0.0002 0.0002 0.0000 0.9995 0.0002 0.0003 0.0002 0.0002 0.9995 0.0001
0.0002 0.0002 0.9995 0.0001 0.9996 0.0000 0.0002 0.0002 0.9996 0.0000 0.0002 0.0002 0.0002 0.0002 0.0001 0.9995
0.0002 0.0002 0.0001 0.9995 0.0002 0.0002 0.0000 0.9996 0.9995 0.0000 0.0002 0.0003 0.0002 0.0002 0.9995 0.0001
0.9995 0.0000 0.0002 0.0002 0.9996 0.0000 0.0002 0.0002 0.0003 0.0003 0.9994 0.0001 0.0003 0.0002 0.0001 0.9995
0.9996 0.0000 0.0002 0.0002 0.0000 0.9996 0.0002 0.0002 0.0003 0.0003 0.9994 0.0001 0.0002 0.0002 0.0001 0.9995
0.9996 0.0000 0.0002 0.0002 0.9995 0.0000 0.0002 0.0003 0.9995 0.0000 0.0002 0.0002 0.9995 0.0000 0.0002 0.0002
0.0000 0.9995 0.0002 0.0003 0.0000 0.9995 0.0003 0.0003 0.0000 0.9996 0.0002 0.0002 0.9994 0.0000 0.0003 0.0003
0.9995 0.0000 0.0003 0.0003 0.9995 0.0000 0.0002 0.0002 0.0000 0.9995 0.0002 0.0003 0.9995 0.0000 0.0002 0.0003
0.0000 0.9996 0.0002 0.0002 0.9995 0.0000 0.0002 0.0003 0.0002 0.0002 0.0001 0.9995 0.0003 0.0003 0.9994 0.0001
0.0003 0.0002 0.9995 0.0001 0.0002 0.0002 0.9995 0.0001 0.9996 0.0000 0.0002 0.0002 0.0002 0.0002 0.0000 0.9996
0.0000 0.9995 0.0002 0.0002 0.9995 0.0000 0.0002 0.0003 0.0000 0.9996 0.0002 0.0002 0.0000 0.9995 0.0003 0.0002
0.0002 0.0002 0.9995 0.0001 0.9994 0.0000 0.0003 0.0003 0.0000 0.9996 0.0002 0.0002 0.0003 0.0002 0.0001 0.9994
0.0002 0.0002 0.0001 0.9996 0.9995 0.0000 0.0002 0.0003 0.0002 0.0002 0.0001 0.9995 0.0000 0.9995 0.0003 0.0002
0.0000 0.9996 0.0002 0.0002 0.0000 0.9996 0.0002 0.0002 0.0002 0.0002 0.0001 0.9995 0.9995 0.0000 0.0003 0.0003
0.0002 0.0002 0.0001 0.9995 0.0003 0.0002 0.9994 0.0001 0.0000 0.9996 0.0002 0.0002 0.0000 0.9996 0.0002 0.0002
0.0002 0.0002 0.0001 0.9995 0.0002 0.0002 0.9995 0.0001 0.0000 0.9996 0.0002 0.0002 0.0000 0.9996 0.0002 0.0002
0.0002 0.0002 0.9995 0.0001 0.0002 0.0002 0.0001 0.9996 0.0002 0.0002 0.9995 0.0001 0.0002 0.0002 0.0001 0.9995
0.0002 0.0002 0.9995 0.0001 0.0000 0.9996 0.0002 0.0002 0.0002 0.0002 0.0000 0.9996 0.0002 0.0002 0.9995 0.0001
0.0000 0.9996 0.0002 0.0002 0.0000 0.9996 0.0002 0.0002 0.0000 0.9996 0.0002 0.0002 0.0002 0.0002 0.0001 0.9996
0.0002 0.0002 0.9995 0.0001 0.0000 0.9996 0.0002 0.0002 0.0002 0.0002 0.9995 0.0001 0.0002 0.0002 0.0001 0.9996
0.9996 0.0000 0.0002 0.0002 0.9995 0.0000 0.0002 0.0003 0.0002 0.0002 0.0001 0.9995 0.0003 0.0002 0.9994 0.0001
0.0000 0.9996 0.0002 0.0002 0.0002 0.0002 0.9995 0.0001 0.9995 0.0000 0.0003 0.0003 0.9996 0.0000 0.0002 0.0002
0.0000 0.9995 0.0002 0.0003 0.0000 0.9995 0.0002 0.0002 0.9994 0.0000 0.0003 0.0003 0.9994 0.0000 0.0003 0.0003
0.9995 0.0000 0.0002 0.0002 0.9995 0.0000 0.0002 0.0002 0.0003 0.0003 0.9994 0.0001 0.0003 0.0003 0.9994 0.0001
0.0002 0.0002 0.9995 0.0001 0.0002 0.0002 0.0001 0.9995 0.0000 0.9997 0.0002 0.0002 0.0000 0.9996 0.0002 0.0002
0.9995 0.0000 0.0002 0.0003 0.9995 0.0000 0.0003 0.0003 0.0003 0.0002 0.9994 0.0001 0.0000 0.9995 0.0002 0.0003
0.0000 0.9996 0.0002 0.0002 0.0002 0.0002 0.0001 0.9996 0.9995 0.0000 0.0002 0.0003 0.0002 0.0002 0.0001 0.9995
0.0003 0.0002 0.9994 0.0001 0.0000 0.9996 0.0002 0.0002 0.0002 0.0002 0.0001 0.9996 0.0002 0.0002 0.9995 0.0001
0.0002 0.0002 0.0000 0.9995 0.0002 0.0002 0.9995 0.0001 0.0000 0.9996 0.0002 0.0002 0.0002 0.0002 0.9995 0.0001
0.0002 0.0002 0.9995 0.0001 0.0002 0.0002 0.9995 0.0001 0.0002 0.0002 0.9995 0.0001 0.0002 0.0002 0.0000 0.9996
0.0002 0.0002 0.0001 0.9996 0.0000 0.9996 0.0002 0.0002 0.9995 0.0000 0.0002 0.0003 0.0002 0.0002 0.9995 0.0001
0.0000 0.9995 0.0003 0.0002 0.0002 0.0002 0.0001 0.9995 0.0000 0.9996 0.0002 0.0002 0.0000 0.9996 0.0002 0.0002
0.0000 0.9996 0.0002 0.0002 0.0000 0.9996 0.0002 0.0002 0.0002 0.0002 0.0001 0.9995 0.0002 0.0002 0.0001 0.9995
0.0000 0.9996 0.0002 0.0002 0.0000 0.9996 0.0002 0.0002 0.0000 0.9996 0.0002 0.0002 0.0000 0.9996 0.0002 0.0002
0.9995 0.0000 0.0003 0.0003 0.9995 0.0000 0.0003 0.0003 0.0003 0.0002 0.9994 0.0001 0.0003 0.0002 0.0001 0.9995
0.0002 0.0002 0.9995 0.0001 0.0003 0.0002 0.9994 0.0001 0.0000 0.9997 0.0002 0.0002 0.9996 0.0000 0.0002 0.0002
0.0002 0.0002 0.9995 0.0001 0.0003 0.0002 0.0001 0.9995 0.0002 0.0002 0.9995 0.0001 0.0002 0.0002 0.0000 0.9996
0.0002 0.0002 0.0000 0.9996 0.0002 0.0002 0.0001 0.9995 0.9995 0.0000 0.0002 0.0003 0.0002 0.0002 0.0001 0.9996
0.0003 0.0002 0.0001 0.9995 0.0002 0.0002 0.9995 0.0001 0.0003 0.0002 0.9994 0.0001 0.0002 0.0002 0.0001 0.9996
0.0000 0.9996 0.0002 0.0002 0.0002 0.0002 0.0000 0.9996 0.0002 0.0002 0.0001 0.9995 0.9995 0.0000 0.0002 0.0003
0.0002 0.0002 0.0001 0.9995 0.0000 0.9995 0.0003 0.0003 0.0002 0.0002 0.0001 0.9996 0.0002 0.0002 0.9995 0.0001
0.0002 0.0002 0.0001 0.9996 0.9996 0.0000 0.0002 0.0002 0.0000 0.9995 0.0002 0.0002 0.0000 0.9995 0.0002 0.0002
0.9995 0.0000 0.0003 0.0003 0.9994 0.0000 0.0003 0.0003 0.0000 0.9995 0.0003 0.0003 0.0000 0.9995 0.0002 0.0003
0.0002 0.0002 0.9995 0.0001 0.0002 0.0002 0.9995 0.0001 0.0002 0.0002 0.9995 0.0001 0.9996 0.0000 0.0002 0.0002
0.0002 0.0002 0.0000 0.9996 0.0000 0.9995 0.0002 0.0002 0.0002 0.0002 0.0000 0.9996 0.0002 0.0002 0.0001 0.9995
0.0002 0.0002 0.9995 0.0001 0.0002 0.0002 0.0001 0.9995 0.0002 0.0002 0.9996 0.0001 0.0002 0.0002 0.0001 0.9996
0.0000 0.9996 0.0002 0.0002 0.0000 0.9996 0.0002 0.0002 0.0002 0.0002 0.9995 0.0001 0.0002 0.0002 0.0001 0.9995
0.9996 0.0000 0.0002 0.0002 0.9995 0.0000 0.0002 0.0003 0.0000 0.9995 0.0002 0.0002 0.0000 0.9995 0.0003 0.0003
0.0002 0.0002 0.0001 0.9995 0.0000 0.9996 0.0002 0.0002 0.0000 0.9996 0.0002 0.0002 0.0000 0.9996 0.0002 0.0002
0.0002 0.0002 0.0001 0.9996 0.0002 0.0002 0.0001 0.9995 0.0003 0.0002 0.9994 0.0001 0.0000 0.9996 0.0002 0.0002
0.0002 0.0002 0.0001 0.9996 0.9995 0.0000 0.0003 0.0003 0.9995 0.0000 0.0002 0.0003 0.9995 0.0000 0.0002 0.0002
0.9995 0.0000 0.0002 0.0002 0.0000 0.9995 0.0002 0.0003 0.0003 0.0002 0.0001 0.9994 0.0002 0.0002 0.9995 0.0001
0.0002 0.0002 0.0000 0.9995 0.0002 0.0002 0.9995 0.0001 0.0002 0.0002 0.0001 0.9995 0.9996 0.0000 0.0002 0.0002
0.0002 0.0002 0.0001 0.9996 0.0003 0.0003 0.9994 0.0001 0.0000 0.9996 0.0002 0.0002 0.0000 0.9996 0.0002 0.0002
0.9995 0.0000 0.0003 0.0003 0.0000 0.9996 0.0002 0.0002 0.0003 0.0002 0.0001 0.9995 0.0000 0.9996 0.0002 0.0002
0.0000 0.9996 0.0002 0.0002 0.0002 0.0002 0.9995 0.0001 0.0002 0.0002 0.9995 0.0001 0.0002 0.0002 0.0001 0.9996
0.0002 0.0002 0.0001 0.9995 0.9995 0.0000 0.0002 0.0003 0.0003 0.0002 0.9994 0.0001 0.0003 0.0002 0.0001 0.9995
0.0002 0.0002 0.0001 0.9996 0.0000 0.9996 0.0002 0.0002 0.9995 0.0000 0.0002 0.0003 0.9995 0.0000 0.0003 0.0003
0.0003 0.0002 0.9994 0.0001 0.0003 0.0002 0.0001 0.9995 0.0000 0.9996 0.0002 0.0002 0.0003 0.0002 0.9994 0.0001
0.0002 0.0002 0.0001 0.9995 0.0002 0.0002 0.9996 0.0001 0.0002 0.0002 0.0001 0.9995 0.9996 0.0000 0.0002 0.0002
0.0000 0.9996 0.0002 0.0002 0.0002 0.0002 0.0001 0.9995 0.0002 0.0002 0.9995 0.0001 0.0002 0.0002 0.0000 0.9996
0.0002 0.0002 0.0001 0.9995 0.0000 0.9996 0.0002 0.0002 0.9995 0.0000 0.0002 0.0003 0.9995 0.0000 0.0003 0.0003
0.9995 0.0000 0.0002 0.0002 0.9995 0.0000 0.0002 0.0002 0.0003 0.0003 0.9994 0.0001 0.0003 0.0003 0.9994 0.0001
0.9996 0.0000 0.0002 0.0002 0.9996 0.0000 0.0002 0.0002 0.9995 0.0000 0.0002 0.0002 0.0000 0.9995 0.0002 0.0002
0.0003 0.0003 0.9994 0.0001 0.0002 0.0002 0.9995 0.0001 0.0002 0.0002 0.9995 0.0001 0.0002 0.0002 0.9995 0.0001
0.0002 0.0002 0.0001 0.9996 0.0002 0.0002 0.9995 0.0001 0.0003 0.0002 0.9994 0.0001 0.0002 0.0002 0.0000 0.9996
0.9996 0.0000 0.0002 0.0002 0.9995 0.0000 0.0002 0.0003 0.0000 0.9995 0.0002 0.0002 0.0003 0.0002 0.9994 0.0001
0.9994 0.0000 0.0003 0.0003 0.9996 0.0000 0.0002 0.0002 0.0003 0.0002 0.9994 0.0001 0.0003 0.0002 0.0001 0.9995
0.9996 0.0000 0.0002 0.0002 0.9995 0.0000 0.0002 0.0003 0.9995 0.0000 0.0002 0.0002 0.9995 0.0000 0.0002 0.0002
0.0003 0.0003 0.9994 0.0001 0.0003 0.0003 0.9994 0.0001 0.0000 0.9996 0.0002 0.0002 0.0000 0.9996 0.0002 0.0002
0.9995 0.0000 0.0002 0.0003 0.0000 0.9996 0.0002 0.0002 0.0000 0.9995 0.0002 0.0003 0.9995 0.0000 0.0003 0.0003
0.0000 0.9996 0.0002 0.0002 0.0003 0.0002 0.9994 0.0001 0.0002 0.0002 0.9995 0.0001 0.0002 0.0002 0.0001 0.9996
0.0000 0.9996 0.0002 0.0002 0.0000 0.9996 0.0002 0.0002 0.0000 0.9996 0.0002 0.0002 0.0002 0.0002 0.0001 0.9996
0.9995 0.0000 0.0003 0.0003 0.0002 0.0002 0.0001 0.9995 0.0003 0.0002 0.0001 0.9995 0.0002 0.0002 0.0001 0.9996
0.0002 0.0002 0.0000 0.9996 0.9995 0.0000 0.0002 0.0003 0.9995 0.0000 0.0002 0.0003 0.9995 0.0000 0.0002 0.0002
0.9995 0.0000 0.0002 0.0002 0.9995 0.0000 0.0002 0.0002 0.9995 0.0000 0.0002 0.0002 0.9995 0.0000 0.0002 0.0002
0.0003 0.0003 0.9994 0.0001 0.0000 0.9995 0.0002 0.0003 0.9996 0.0000 0.0002 0.0002 0.0000 0.9996 0.0002 0.0002
0.0000 0.9995 0.0002 0.0002 0.0000 0.9996 0.0002 0.0002 0.0002 0.0002 0.0001 0.9995 0.0002 0.0002 0.9995 0.0001
0.0003 0.0002 0.9994 0.0001 0.0002 0.0002 0.0001 0.9996 0.0002 0.0002 0.0001 0.9996 0.0003 0.0002 0.9994 0.0001
0.9995 0.0000 0.0002 0.0003 0.9996 0.0000 0.0002 0.0002 0.9995 0.0000 0.0002 0.0002 0.0003 0.0003 0.9994 0.0001
0.0000 0.9995 0.0003 0.0003 0.0000 0.9996 0.0002 0.0002 0.9994 0.0000 0.0003 0.0003 0.9995 0.0000 0.0002 0.0003
0.0003 0.0002 0.9994 0.0001 0.0003 0.0002 0.0001 0.9995 0.0002 0.0002 0.9995 0.0001 0.0002 0.0002 0.0000 0.9996
0.9996 0.0000 0.0002 0.0002 0.0002 0.0002 0.0001 0.9995 0.9995 0.0000 0.0002 0.0002 0.9995 0.0000 0.0002 0.0003
0.0003 0.0002 0.0001 0.9994 0.0003 0.0002 0.9994 0.0001 0.0002 0.0002 0.0000 0.9995 0.0000 0.9996 0.0002 0.0002
0.0002 0.0002 0.9995 0.0001 0.0000 0.9996 0.0002 0.0002 0.0000 0.9996 0.0002 0.0002 0.0000 0.9996 0.0002 0.0002
0.9995 0.0000 0.0002 0.0003 0.9995 0.0000 0.0003 0.0003 0.9995 0.0000 0.0002 0.0002 0.0003 0.0002 0.0001 0.9995
0.0003 0.0002 0.0001 0.9994 0.0000 0.9996 0.0002 0.0002 0.0003 0.0002 0.9994 0.0001 0.9995 0.0000 0.0003 0.0003
0.0002 0.0002 0.9996 0.0001 0.0003 0.0002 0.0001 0.9995 0.0002 0.0002 0.9995 0.0001 0.0002 0.0002 0.0000 0.9996
0.9996 0.0000 0.0002 0.0002 0.0000 0.9996 0.0002 0.0002 0.0003 0.0003 0.9994 0.0001 0.0000 0.9996 0.0002 0.0002
0.9996 0.0000 0.0002 0.0002 0.0000 0.9996 0.0002 0.0002 0.0000 0.9995 0.0002 0.0002 0.0000 0.9996 0.0002 0.0002
0.9994 0.0000 0.0003 0.0003 0.0002 0.0002 0.0001 0.9995 0.0003 0.0002 0.9994 0.0001 0.0002 0.0002 0.0001 0.9995
0.0002 0.0002 0.9995 0.0001 0.0002 0.0002 0.9995 0.0001 0.0000 0.9997 0.0002 0.0002 0.0000 0.9996 0.0002 0.0002
0.0002 0.0002 0.0001 0.9996 0.0002 0.0002 0.9995 0.0001 0.0002 0.0002 0.0001 0.9995 0.9996 0.0000 0.0002 0.0002
0.0002 0.0002 0.9995 0.0001 0.9995 0.0000 0.0002 0.0002 0.0002 0.0002 0.9996 0.0001 0.0003 0.0003 0.9994 0.0001
0.0000 0.9996 0.0002 0.0002 0.0002 0.0002 0.0001 0.9995 0.0002 0.0002 0.0001 0.9996 0.0002 0.0002 0.0000 0.9995
0.0003 0.0002 0.9994 0.0001 0.0002 0.0002 0.0001 0.9996 0.0000 0.9996 0.0002 0.0002 0.0002 0.0002 0.0001 0.9996
0.0002 0.0002 0.9995 0.0001 0.0000 0.9996 0.0002 0.0002 0.0002 0.0002 0.0001 0.9996 0.0002 0.0002 0.0001 0.9995
0.0000 0.9996 0.0002 0.0002 0.0000 0.9996 0.0002 0.0002 0.0002 0.0002 0.9995 0.0001 0.0002 0.0002 0.0001 0.9996
0.0000 0.9996 0.0002 0.0002 0.0000 0.9996 0.0002 0.0002 0.0000 0.9996 0.0002 0.0002 0.9995 0.0000 0.0003 0.0003
0.0002 0.0002 0.0001 0.9995 0.9995 0.0000 0.0002 0.0002 0.0003 0.0002 0.9994 0.0001 0.0003 0.0002 0.0001 0.9994
0.0002 0.0002 0.9996 0.0001 0.9995 0.0000 0.0002 0.0003 0.0002 0.0002 0.9995 0.0001 0.9995 0.0000 0.0002 0.0002
0.0002 0.0002 0.0000 0.9996 0.0003 0.0003 0.9994 0.0001 0.0003 0.0002 0.9994 0.0001 0.0002 0.0002 0.0001 0.9995
0.9996 0.0000 0.0002 0.0002 0.0000 0.9996 0.0002 0.0002 0.0003 0.0003 0.9994 0.0001 0.0002 0.0002 0.9995 0.0001
0.0002 0.0002 0.9995 0.0001 0.9996 0.0000 0.0002 0.0002 0.0002 0.0002 0.0001 0.9996 0.0002 0.0002 0.0001 0.9995
0.0002 0.0002 0.0000 0.9996 0.0000 0.9996 0.0002 0.0002 0.0000 0.9996 0.0002 0.0002 0.0000 0.9996 0.0002 0.0002
0.9995 0.0000 0.0003 0.0003 0.0000 0.9996 0.0002 0.0002 0.0003 0.0002 0.0001 0.9995 0.9995 0.0000 0.0003 0.0003
0.0000 0.9996 0.0002 0.0002 0.0003 0.0002 0.0001 0.9995 0.0002 0.0002 0.9995 0.0001 0.0002 0.0002 0.0000 0.9996
0.0000 0.9996 0.0002 0.0002 0.9995 0.0000 0.0002 0.0003 0.9995 0.0000 0.0002 0.0003 0.9995 0.0000 0.0002 0.0002
0.9995 0.0000 0.0002 0.0002 0.9995 0.0000 0.0002 0.0002 0.0003 0.0003 0.9994 0.0001 0.0003 0.0002 0.0001 0.9994
0.0002 0.0002 0.9995 0.0001 0.0000 0.9996 0.0002 0.0002 0.0000 0.9997 0.0002 0.0002 0.0000 0.9996 0.0002 0.0002
0.0002 0.0002 0.0001 0.9996 0.9995 0.0000 0.0003 0.0003 0.0002 0.0002 0.0001 0.9995 0.0003 0.0002 0.9994 0.0001
0.0000 0.9996 0.0002 0.0002 0.0000 0.9996 0.0002 0.0002 0.0000 0.9996 0.0002 0.0002 0.0002 0.0002 0.9995 0.0001
0.0000 0.9996 0.0002 0.0002 0.0002 0.0002 0.9995 0.0001 0.0002 0.0002 0.9995 0.0001 0.0002 0.0002 0.0000 0.9996
0.0000 0.9996 0.0002 0.0002 0.0000 0.9996 0.0002 0.0002 0.9995 0.0000 0.0002 0.0003 0.9995 0.0000 0.0003 0.0003
0.9995 0.0000 0.0002 0.0002 0.9995 0.0000 0.0002 0.0002 0.0000 0.9995 0.0002 0.0003 0.0000 0.9995 0.0002 0.0003
0.0002 0.0002 0.0001 0.9995 0.0000 0.9996 0.0002 0.0002 0.0002 0.0002 0.0001 0.9995 0.0002 0.0002 0.9995 0.0001
0.0002 0.0002 0.9995 0.0001 0.0000 0.9996 0.0002 0.0002 0.9996 0.0000 0.0002 0.0002 0.0002 0.0002 0.0001 0.9996
0.0003 0.0003 0.9994 0.0001 0.0000 0.9996 0.0002 0.0002 0.0000 0.9996 0.0002 0.0002 0.0000 0.9996 0.0002 0.0002
0.0002 0.0002 0.0001 0.9995 0.0002 0.0002 0.9995 0.0001 0.0000 0.9996 0.0002 0.0002 0.0002 0.0002 0.9995 0.0001
0.0000 0.9996 0.0002 0.0002 0.0000 0.9996 0.0002 0.0002 0.9995 0.0000 0.0003 0.0003 0.9995 0.0000 0.0002 0.0003
0.9995 0.0000 0.0002 0.0002 0.9995 0.0000 0.0002 0.0002 0.0003 0.0002 0.0001 0.9995 0.0003 0.0003 0.9994 0.0001
0.9995 0.0000 0.0002 0.0003 0.0002 0.0002 0.0001 0.9995 0.0003 0.0002 0.9994 0.0001 0.9995 0.0000 0.0002 0.0002
0.0000 0.9996 0.0002 0.0002 0.9995 0.0000 0.0002 0.0002 0.0002 0.0002 0.0001 0.9995 0.9995 0.0000 0.0002 0.0003
0.0000 0.9996 0.0002 0.0002 0.0000 0.9995 0.0002 0.0003 0.9995 0.0000 0.0003 0.0003 0.9995 0.0000 0.0003 0.0003
0.9995 0.0000 0.0002 0.0002 0.9995 0.0000 0.0002 0.0002 0.0003 0.0003 0.9994 0.0001 0.0003 0.0002 0.0001 0.9994
0.0002 0.0002 0.0001 0.9995 0.0002 0.0002 0.0001 0.9995 0.9995 0.0000 0.0002 0.0002 0.9995 0.0000 0.0002 0.0003
0.0003 0.0002 0.9994 0.0001 0.0003 0.0002 0.9994 0.0001 0.0002 0.0002 0.0001 0.9995 0.0002 0.0002 0.9995 0.0001
0.0002 0.0002 0.0000 0.9996 0.0002 0.0002 0.9995 0.0001 0.0002 0.0002 0.9995 0.0001 0.0002 0.0002 0.9995 0.0001
0.9996 0.0000 0.0002 0.0002 0.9996 0.0000 0.0002 0.0002 0.0000 0.9995 0.0002 0.0002 0.9995 0.0000 0.0002 0.0002
0.0000 0.9996 0.0002 0.0002 0.0000 0.9995 0.0002 0.0003 0.0002 0.0002 0.0001 0.9995 0.0002 0.0002 0.0001 0.9995
0.0003 0.0002 0.9994 0.0001 0.0002 0.0002 0.0001 0.9995 0.9996 0.0000 0.0002 0.0002 0.0000 0.9996 0.0002 0.0002
0.9995 0.0000 0.0002 0.0002 0.9995 0.0000 0.0003 0.0003 0.0000 0.9995 0.0002 0.0003 0.0000 0.9995 0.0002 0.0003
0.0002 0.0002 0.0001 0.9995 0.9994 0.0000 0.0003 0.0003 0.0003 0.0002 0.9994 0.0001 0.0003 0.0002 0.9994 0.0001
0.0002 0.0002 0.9996 0.0001 0.0002 0.0002 0.0001 0.9996 0.0002 0.0002 0.0001 0.9996 0.0003 0.0002 0.9994 0.0001
0.9995 0.0000 0.0002 0.0003 0.9996 0.0000 0.0002 0.0002 0.0003 0.0002 0.9994 0.0001 0.0000 0.9995 0.0002 0.0002
0.9996 0.0000 0.0002 0.0002 0.9994 0.0000 0.0003 0.0003 0.0003 0.0002 0.0001 0.9995 0.0003 0.0002 0.9994 0.0001
0.0002 0.0002 0.0000 0.9996 0.0002 0.0002 0.0001 0.9996 0.0002 0.0002 0.9995 0.0001 0.0002 0.0002 0.0000 0.9995
0.0000 0.9996 0.0002 0.0002 0.0002 0.0002 0.9995 0.0001 0.9995 0.0000 0.0002 0.0003 0.9996 0.0000 0.0002 0.0002
0.0003 0.0002 0.0001 0.9995 0.9995 0.0000 0.0002 0.0002 0.0003 0.0002 0.9994 0.0001 0.9995 0.0000 0.0002 0.0003
0.0002 0.0002 0.9996 0.0001 0.0003 0.0002 0.0001 0.9994 0.0002 0.0002 0.9995 0.0001 0.0003 0.0002 0.9994 0.0001
0.0002 0.0002 0.0000 0.9996 0.0002 0.0002 0.9996 0.0001 0.0000 0.9996 0.0002 0.0002 0.0000 0.9996 0.0002 0.0002
0.0002 0.0002 0.0001 0.9995 0.0002 0.0002 0.9995 0.0001 0.0003 0.0002 0.9994 0.0001 0.0002 0.0002 0.0001 0.9996
0.0000 0.9996 0.0002 0.0002 0.9995 0.0000 0.0002 0.0003 0.9995 0.0000 0.0002 0.0003 0.0003 0.0002 0.9994 0.0001
0.0003 0.0002 0.0001 0.9995 0.0002 0.0002 0.9995 0.0001 0.9995 0.0000 0.0002 0.0003 0.0002 0.0002 0.0001 0.9996
0.0000 0.9995 0.0003 0.0002 0.0003 0.0002 0.9994 0.0001 0.9994 0.0000 0.0003 0.0003 0.0002 0.0002 0.9996 0.0001
0.0000 0.9995 0.0002 0.0003 0.0000 0.9996 0.0002 0.0002 0.0002 0.0002 0.0001 0.9995 0.0002 0.0002 0.0001 0.9996
0.0000 0.9996 0.0002 0.0002 0.0000 0.9996 0.0002 0.0002 0.0002 0.0002 0.9995 0.0001 0.0000 0.9996 0.0002 0.0002
0.9996 0.0000 0.0002 0.0002 0.9995 0.0000 0.0003 0.0003 0.9995 0.0000 0.0002 0.0002 0.9995 0.0000 0.0002 0.0002
0.0003 0.0003 0.9994 0.0001 0.9995 0.0000 0.0002 0.0003 0.0002 0.0002 0.0001 0.9995 0.0003 0.0003 0.9994 0.0001
0.0003 0.0002 0.9994 0.0001 0.0002 0.0002 0.0001 0.9995 0.9996 0.0000 0.0002 0.0002 0.0003 0.0002 0.9994 0.0001
0.9995 0.0000 0.0002 0.0002 0.0002 0.0002 0.9996 0.0001 0.9995 0.0000 0.0002 0.0003 0.9996 0.0000 0.0002 0.0002
0.0003 0.0003 0.9994 0.0001 0.0000 0.9995 0.0002 0.0002 0.0002 0.0002 0.0001 0.9995 0.0000 0.9996 0.0002 0.0002
